Video link,260101,260102,260103,260104,260105,260106,260107,260108,260109,260110,260111,260112,260113,260114,260115,260116,260117,260118,260119,260120,260121,260122,260123,260124,260125,260126,260127,260128,260129,260130,260131,260201,260202,260203,260204,260205,260206,260207,260208,260209,260210,260211,260212,260213,260214,260215,260216,260217,260218,260219,260220,260221,260222,260223,260224,260225,260226,260227,260228,260301,260302,260303,260304,260305,260306,260307,260308,260309,260310,260311,260312,260313,260314,260315,260317,260318,260319,260320,260321,260322,260323,260324,260325,260326,260327,260328,260329,260330,260331,260401,260402,260403,260404,260405,260406,260407,260408,260409,260410,260411,260412,260413,260414,260415,260416,260417,260418,260419,260420,260421,260422,260423,260424,260425,260426,260427,260428,260429,260430,260501,260502,260503,260504,260505,260506,260507,260508,260509,260510,260511,260512,260513,260514,260515,260516,260517,260518,260519,260520,260521,260522,260523,260524,260525,260526,260527,260528,260529,260530,260531,260601,260602,260603,260604,260605,260606,260607,260608,260609,260610,260611,260612,260613,260614,260615,260616,260617,260618,260619,260620,260621,260622,260623,260624,260625,260626,260627,260628,260629,260630,260701,260702,260703,260704,260705,260706,260707,260708,260709,260710,260711,260712,260713,260714,260715,260716,260717,260718,260719,260720,260721,260722,260723,260724,260725,260726,260727,260728
ZZIKS6NIMHo,144.0,144.0,144.0,144.0,144.0,144.0,144.0,143.0,143.0,143.0,143.0,143.0,143.0,143.0,143.0,143.0,143.0,143.0,144.0,144.0,144.0,144.0,144.0,144.0,144.0,145.0,145.0,145.0,145.0,145.0,145.0,145.0,145.0,145.0,145.0,145.0,145.0,145.0,145.0,145.0,145.0,145.0,145.0,145.0,145.0,145.0,145.0,145.0,145.0,145.0,145.0,145.0,145.0,,145.0,145.0,145.0,145.0,145.0,145.0,144.0,144.0,144.0,144.0,144.0,144.0,144.0,144.0,144.0,144.0,144.0,144.0,144.0,144.0,144.0,144.0,144.0,144.0,144.0,144.0,143.0,143.0,143.0,143.0,143.0,143.0,143.0,143.0,143.0,143.0,143.0,143.0,143.0,143.0,143.0,143.0,143.0,143.0,143.0,143.0,142.0,142.0,142.0,142.0,142.0,142.0,142.0,142.0,142.0,142.0,142.0,142.0,142.0,142.0,142.0,142.0,142.0,142.0,142.0,142.0,142.0,142.0,142.0,142.0,142.0,142.0,142.0,142.0,142.0,142.0,142.0,142.0,142.0,142.0,142.0,142.0,142.0,142.0,142.0,142.0,142.0,142.0,142.0,142.0,142.0,142.0,142.0,142.0,142.0,142.0,142.0,142.0,142.0,142.0,142.0,142.0,142.0,142.0,142.0,141.0,141.0,141.0,141.0,141.0,141.0,141.0,141.0,141.0,141.0,141.0,141.0,141.0,141.0,141.0,141.0,141.0,141.0,141.0,141.0,141.0,141.0,141.0,141.0,141.0,141.0,141.0,141.0,141.0,141.0,141.0,141.0,141.0,141.0,140.0,140.0,140.0,140.0,140.0,140.0,140.0,140.0,140.0,140.0,140.0,140.0,140.0,140.0,140
No2UhSOp8aM,215.0,216.0,217.0,217.0,219.0,219.0,219.0,219.0,219.0,219.0,219.0,219.0,219.0,219.0,220.0,220.0,220.0,220.0,220.0,220.0,220.0,220.0,220.0,220.0,220.0,220.0,220.0,220.0,220.0,220.0,220.0,220.0,221.0,221.0,221.0,221.0,221.0,221.0,221.0,221.0,221.0,221.0,221.0,220.0,220.0,219.0,219.0,220.0,220.0,220.0,220.0,220.0,220.0,,220.0,220.0,220.0,220.0,220.0,220.0,220.0,220.0,220.0,220.0,220.0,220.0,220.0,220.0,220.0,220.0,220.0,220.0,220.0,220.0,220.0,220.0,220.0,220.0,220.0,220.0,220.0,220.0,220.0,220.0,220.0,220.0,220.0,220.0,220.0,220.0,220.0,220.0,220.0,220.0,220.0,220.0,220.0,220.0,220.0,219.0,219.0,219.0,219.0,219.0,219.0,219.0,219.0,219.0,219.0,219.0,219.0,219.0,219.0,219.0,219.0,219.0,219.0,219.0,219.0,219.0,219.0,219.0,218.0,218.0,218.0,218.0,218.0,218.0,216.0,216.0,216.0,216.0,216.0,216.0,216.0,216.0,216.0,216.0,216.0,216.0,216.0,216.0,216.0,216.0,216.0,216.0,216.0,216.0,216.0,214.0,214.0,214.0,214.0,214.0,214.0,214.0,214.0,214.0,214.0,214.0,214.0,214.0,214.0,214.0,213.0,213.0,213.0,213.0,213.0,213.0,213.0,213.0,213.0,213.0,213.0,213.0,213.0,213.0,213.0,213.0,213.0,213.0,213.0,213.0,213.0,212.0,212.0,212.0,212.0,212.0,212.0,212.0,212.0,212.0,212.0,212.0,212.0,212.0,212.0,212.0,212.0,212.0,212.0,212.0,212.0,212.0,212.0,212
eDSb9J1DJKc,2182.0,2196.0,2211.0,2227.0,2247.0,2277.0,2299.0,2310.0,2320.0,2327.0,2334.0,2340.0,2344.0,2345.0,2346.0,2349.0,2350.0,2351.0,2352.0,2355.0,2356.0,2362.0,2363.0,2364.0,2364.0,2366.0,2372.0,2373.0,2374.0,2374.0,2374.0,2379.0,2380.0,2381.0,2381.0,2381.0,2381.0,2382.0,2382.0,2383.0,2383.0,2384.0,2384.0,2386.0,2386.0,2387.0,2387.0,2388.0,2388.0,2388.0,2388.0,2388.0,2386.0,,2386.0,2386.0,2387.0,2387.0,2389.0,2389.0,2390.0,2390.0,2391.0,2391.0,2386.0,2386.0,2386.0,2386.0,2386.0,2387.0,2390.0,2390.0,2389.0,2389.0,2389.0,2389.0,2390.0,2390.0,2390.0,2390.0,2390.0,2390.0,2391.0,2391.0,2390.0,2390.0,2389.0,2390.0,2391.0,2391.0,2392.0,2392.0,2393.0,2393.0,2386.0,2386.0,2387.0,2387.0,2387.0,2389.0,2389.0,2392.0,2392.0,2392.0,2392.0,2395.0,2395.0,2395.0,2396.0,2396.0,2396.0,2396.0,2398.0,2398.0,2398.0,2398.0,2399.0,2399.0,2399.0,2399.0,2399.0,2399.0,2399.0,2399.0,2399.0,2399.0,2399.0,2399.0,2399.0,2399.0,2398.0,2398.0,2398.0,2398.0,2397.0,2397.0,2397.0,2397.0,2397.0,2398.0,2398.0,2399.0,2399.0,2399.0,2399.0,2399.0,2400.0,2400.0,2400.0,2400.0,2400.0,2400.0,2400.0,2400.0,2400.0,2401.0,2401.0,2401.0,2402.0,2402.0,2402.0,2402.0,2402.0,2402.0,2402.0,2403.0,2403.0,2403.0,2403.0,2403.0,2403.0,2403.0,2403.0,2403.0,2403.0,2401.0,2401.0,2401.0,2401.0,2402.0,2402.0,2402.0,2402.0,2402.0,2402.0,2402.0,2402.0,2402.0,2401.0,2402.0,2402.0,2402.0,2402.0,2402.0,2403.0,2404.0,2404.0,2403.0,2402.0,2402.0,2403.0,2403.0,2403.0,2404.0,2404.0,2405.0,2405.0,2405
_LGkbAg-4oo,39.0,39.0,40.0,41.0,41.0,41.0,41.0,41.0,41.0,41.0,41.0,41.0,41.0,41.0,41.0,41.0,41.0,41.0,41.0,41.0,41.0,41.0,41.0,41.0,41.0,41.0,41.0,41.0,41.0,41.0,41.0,41.0,41.0,41.0,41.0,41.0,41.0,41.0,41.0,41.0,41.0,41.0,41.0,41.0,41.0,41.0,41.0,41.0,41.0,41.0,41.0,41.0,41.0,,41.0,41.0,41.0,41.0,41.0,41.0,41.0,41.0,41.0,41.0,41.0,41.0,41.0,41.0,41.0,41.0,41.0,41.0,41.0,41.0,41.0,41.0,41.0,41.0,41.0,41.0,41.0,41.0,41.0,41.0,41.0,41.0,41.0,41.0,41.0,41.0,41.0,41.0,41.0,41.0,41.0,41.0,41.0,41.0,41.0,41.0,41.0,41.0,41.0,41.0,41.0,41.0,41.0,41.0,41.0,41.0,41.0,41.0,41.0,41.0,41.0,41.0,41.0,41.0,41.0,41.0,41.0,41.0,41.0,41.0,41.0,41.0,41.0,41.0,41.0,41.0,41.0,41.0,41.0,41.0,41.0,41.0,41.0,41.0,41.0,41.0,41.0,41.0,41.0,41.0,41.0,41.0,41.0,41.0,41.0,41.0,41.0,41.0,41.0,41.0,41.0,41.0,41.0,41.0,41.0,41.0,41.0,41.0,41.0,41.0,41.0,41.0,41.0,41.0,41.0,41.0,41.0,41.0,41.0,41.0,41.0,41.0,41.0,41.0,41.0,41.0,41.0,41.0,41.0,41.0,41.0,41.0,41.0,41.0,41.0,41.0,41.0,41.0,41.0,41.0,41.0,41.0,41.0,41.0,41.0,41.0,41.0,41.0,41.0,41.0,41.0,41.0,41.0,41
aLBo0oJqBXI,36203.0,36351.0,36986.0,37100.0,37134.0,37174.0,37200.0,37221.0,37257.0,37286.0,37276.0,37386.0,37431.0,37425.0,37443.0,37456.0,37476.0,37492.0,37505.0,37415.0,37425.0,37432.0,37437.0,37452.0,37461.0,37465.0,37467.0,37471.0,37472.0,37476.0,37479.0,37406.0,37388.0,37392.0,37342.0,37349.0,37351.0,37361.0,37364.0,37334.0,37333.0,37332.0,37332.0,37337.0,37337.0,37337.0,37343.0,37351.0,37349.0,37351.0,37355.0,37362.0,37326.0,,37337.0,37343.0,37346.0,37346.0,37346.0,37347.0,37344.0,37344.0,37344.0,37346.0,37348.0,37352.0,37154.0,37154.0,37155.0,37149.0,37149.0,37152.0,37156.0,37156.0,37152.0,37156.0,37155.0,37155.0,37157.0,37158.0,37162.0,37160.0,37164.0,37165.0,37165.0,37165.0,37163.0,37163.0,37164.0,37157.0,37162.0,37163.0,37167.0,37170.0,37173.0,37173.0,37176.0,37178.0,37179.0,37184.0,37186.0,37187.0,37189.0,37192.0,37192.0,37197.0,37197.0,37193.0,37200.0,37193.0,37192.0,37197.0,37199.0,37202.0,37202.0,37206.0,37206.0,37206.0,37206.0,37206.0,37207.0,37201.0,37202.0,37205.0,37202.0,37208.0,37205.0,37206.0,37193.0,37194.0,37196.0,37198.0,37199.0,37201.0,37201.0,37200.0,37190.0,37200.0,37198.0,37198.0,37101.0,37101.0,37100.0,37097.0,37102.0,37104.0,37104.0,37105.0,37108.0,37109.0,37109.0,37108.0,37110.0,37110.0,37110.0,37111.0,37111.0,37111.0,37108.0,37109.0,37112.0,37109.0,37108.0,37113.0,37112.0,37112.0,37112.0,37110.0,37107.0,37107.0,37107.0,37101.0,37101.0,37101.0,37102.0,37100.0,37100.0,37097.0,37097.0,37098.0,37100.0,37083.0,37082.0,37065.0,37065.0,37048.0,37049.0,37049.0,37049.0,37050.0,37051.0,37052.0,37052.0,37052.0,37050.0,37050.0,37051.0,37051.0,37052.0,37053.0,37054.0,37054.0,37053.0,37052.0,37052.0,37053.0,37051.0,37051
VW7jSCsuWCI,1184.0,1187.0,1187.0,1188.0,1190.0,1189.0,1189.0,1189.0,1189.0,1189.0,1189.0,1190.0,1190.0,1190.0,1190.0,1190.0,1190.0,1190.0,1190.0,1190.0,1190.0,1190.0,1190.0,1190.0,1190.0,1190.0,1190.0,1190.0,1190.0,1190.0,1190.0,1190.0,1190.0,1190.0,1190.0,1190.0,1190.0,1190.0,1190.0,1190.0,1190.0,1190.0,1190.0,1190.0,1190.0,1190.0,1190.0,1190.0,1190.0,1190.0,1190.0,1190.0,1189.0,,1187.0,1187.0,1187.0,1187.0,1187.0,1187.0,1187.0,1186.0,1186.0,1186.0,1186.0,1186.0,1186.0,1186.0,1186.0,1186.0,1186.0,1186.0,1185.0,1185.0,1185.0,1185.0,1185.0,1185.0,1185.0,1185.0,1183.0,1183.0,1183.0,1183.0,1183.0,1183.0,1183.0,1183.0,1183.0,1183.0,1183.0,1183.0,1183.0,1183.0,1183.0,1183.0,1183.0,1183.0,1183.0,1183.0,1183.0,1183.0,1183.0,1183.0,1183.0,1182.0,1181.0,1181.0,1181.0,1181.0,1181.0,1180.0,1180.0,1180.0,1180.0,1180.0,1184.0,1184.0,1184.0,1184.0,1184.0,1184.0,1184.0,1184.0,1184.0,1184.0,1184.0,1184.0,1184.0,1183.0,1183.0,1183.0,1183.0,1183.0,1182.0,1182.0,1182.0,1182.0,1182.0,1182.0,1182.0,1182.0,1182.0,1182.0,1182.0,1182.0,1182.0,1182.0,1182.0,1182.0,1181.0,1181.0,1181.0,1181.0,1181.0,1181.0,1181.0,1181.0,1181.0,1181.0,1181.0,1181.0,1181.0,1181.0,1181.0,1181.0,1180.0,1180.0,1179.0,1179.0,1179.0,1179.0,1179.0,1179.0,1179.0,1178.0,1178.0,1178.0,1178.0,1178.0,1178.0,1178.0,1178.0,1178.0,1178.0,1178.0,1177.0,1177.0,1177.0,1177.0,1177.0,1177.0,1177.0,1177.0,1177.0,1177.0,1176.0,1176.0,1176.0,1176.0,1176.0,1175.0,1174.0,1174.0,1172.0,1172.0,1172.0,1171
AoC7BBs_l6g,85.0,86.0,87.0,87.0,87.0,87.0,87.0,87.0,87.0,87.0,87.0,88.0,89.0,89.0,89.0,91.0,91.0,91.0,91.0,91.0,91.0,91.0,91.0,91.0,91.0,91.0,91.0,91.0,91.0,91.0,91.0,91.0,91.0,91.0,91.0,91.0,91.0,91.0,91.0,91.0,91.0,91.0,91.0,91.0,91.0,91.0,91.0,91.0,91.0,91.0,92.0,92.0,92.0,,92.0,92.0,92.0,92.0,92.0,92.0,92.0,92.0,92.0,92.0,92.0,92.0,92.0,92.0,92.0,92.0,92.0,92.0,92.0,92.0,92.0,92.0,92.0,92.0,92.0,92.0,92.0,92.0,92.0,92.0,92.0,92.0,92.0,92.0,92.0,92.0,92.0,92.0,92.0,92.0,92.0,92.0,92.0,92.0,92.0,92.0,92.0,92.0,92.0,92.0,92.0,92.0,92.0,92.0,92.0,92.0,92.0,92.0,92.0,92.0,92.0,92.0,92.0,92.0,92.0,92.0,92.0,92.0,92.0,92.0,92.0,92.0,92.0,92.0,92.0,92.0,92.0,92.0,92.0,92.0,92.0,92.0,92.0,92.0,92.0,92.0,92.0,92.0,92.0,92.0,92.0,92.0,92.0,92.0,92.0,92.0,92.0,92.0,92.0,92.0,92.0,92.0,92.0,92.0,92.0,92.0,92.0,92.0,92.0,92.0,92.0,92.0,92.0,92.0,92.0,92.0,92.0,92.0,92.0,92.0,92.0,92.0,92.0,92.0,92.0,92.0,92.0,92.0,92.0,92.0,92.0,92.0,92.0,92.0,92.0,92.0,92.0,92.0,92.0,92.0,92.0,92.0,92.0,92.0,92.0,92.0,92.0,92.0,92.0,92.0,92.0,92.0,92.0,92
YgwGBgZEKaM,504.0,644.0,705.0,733.0,760.0,778.0,790.0,798.0,806.0,811.0,812.0,815.0,820.0,822.0,824.0,824.0,825.0,825.0,826.0,826.0,826.0,826.0,827.0,827.0,828.0,829.0,830.0,830.0,832.0,831.0,832.0,832.0,832.0,833.0,834.0,833.0,833.0,833.0,834.0,834.0,835.0,836.0,836.0,837.0,838.0,838.0,838.0,839.0,839.0,839.0,840.0,840.0,840.0,,838.0,838.0,838.0,838.0,838.0,838.0,838.0,838.0,838.0,838.0,838.0,838.0,838.0,838.0,839.0,839.0,839.0,839.0,840.0,840.0,839.0,839.0,840.0,840.0,840.0,840.0,840.0,840.0,840.0,840.0,840.0,840.0,840.0,841.0,841.0,842.0,842.0,842.0,842.0,842.0,842.0,842.0,842.0,842.0,842.0,842.0,842.0,842.0,842.0,842.0,842.0,842.0,842.0,842.0,844.0,844.0,844.0,845.0,845.0,845.0,845.0,845.0,845.0,845.0,845.0,845.0,845.0,846.0,846.0,847.0,847.0,847.0,847.0,847.0,847.0,848.0,848.0,848.0,850.0,849.0,849.0,849.0,849.0,851.0,851.0,851.0,851.0,850.0,850.0,851.0,851.0,851.0,851.0,851.0,851.0,851.0,851.0,851.0,851.0,851.0,851.0,851.0,851.0,851.0,851.0,851.0,851.0,852.0,853.0,853.0,852.0,851.0,852.0,852.0,852.0,852.0,852.0,852.0,852.0,852.0,852.0,852.0,852.0,852.0,852.0,852.0,852.0,852.0,852.0,852.0,852.0,852.0,852.0,852.0,852.0,852.0,852.0,852.0,852.0,852.0,851.0,851.0,852.0,852.0,852.0,853.0,853.0,853.0,854.0,854.0,854.0,854.0,854.0,854
YgwGBgZEKaM,504.0,644.0,705.0,733.0,760.0,778.0,790.0,798.0,806.0,811.0,812.0,815.0,820.0,822.0,824.0,824.0,825.0,825.0,826.0,826.0,826.0,826.0,827.0,827.0,828.0,829.0,830.0,830.0,832.0,831.0,832.0,832.0,832.0,833.0,834.0,833.0,833.0,833.0,834.0,834.0,835.0,836.0,836.0,837.0,838.0,838.0,838.0,839.0,839.0,839.0,840.0,840.0,840.0,,838.0,838.0,838.0,838.0,838.0,838.0,838.0,838.0,838.0,838.0,838.0,838.0,838.0,838.0,839.0,839.0,839.0,839.0,840.0,840.0,839.0,839.0,840.0,840.0,840.0,840.0,840.0,840.0,840.0,840.0,840.0,840.0,840.0,841.0,841.0,842.0,842.0,842.0,842.0,842.0,842.0,842.0,842.0,842.0,842.0,842.0,842.0,842.0,842.0,842.0,842.0,842.0,842.0,842.0,844.0,844.0,844.0,845.0,845.0,845.0,845.0,845.0,845.0,845.0,845.0,845.0,845.0,846.0,846.0,847.0,847.0,847.0,847.0,847.0,847.0,848.0,848.0,848.0,850.0,849.0,849.0,849.0,849.0,851.0,851.0,851.0,851.0,850.0,850.0,851.0,851.0,851.0,851.0,851.0,851.0,851.0,851.0,851.0,851.0,851.0,851.0,851.0,851.0,851.0,851.0,851.0,851.0,852.0,853.0,853.0,852.0,851.0,852.0,852.0,852.0,852.0,852.0,852.0,852.0,852.0,852.0,852.0,852.0,852.0,852.0,852.0,852.0,852.0,852.0,852.0,852.0,852.0,852.0,852.0,852.0,852.0,852.0,852.0,852.0,852.0,851.0,851.0,852.0,852.0,852.0,853.0,853.0,853.0,854.0,854.0,854.0,854.0,854.0,854
blYK_tKXn9E,3483.0,3486.0,3489.0,3492.0,3492.0,3494.0,3501.0,3502.0,3502.0,3502.0,3501.0,3503.0,3505.0,3506.0,3510.0,3510.0,3510.0,3510.0,3510.0,3510.0,3511.0,3511.0,3512.0,3511.0,3511.0,3511.0,3511.0,3511.0,3511.0,3510.0,3489.0,3489.0,3488.0,3485.0,3486.0,3485.0,3485.0,3485.0,3485.0,3484.0,3484.0,3483.0,3483.0,3483.0,3483.0,3483.0,3482.0,3482.0,3482.0,3481.0,3481.0,3479.0,3477.0,,3476.0,3476.0,3476.0,3477.0,3477.0,3477.0,3477.0,3477.0,3477.0,3477.0,3477.0,3477.0,3476.0,3476.0,3476.0,3476.0,3475.0,3475.0,3475.0,3475.0,3475.0,3475.0,3475.0,3475.0,3475.0,3475.0,3472.0,3472.0,3471.0,3471.0,3471.0,3470.0,3470.0,3470.0,3470.0,3470.0,3470.0,3470.0,3470.0,3470.0,3470.0,3471.0,3470.0,3470.0,3470.0,3470.0,3470.0,3470.0,3470.0,3470.0,3470.0,3470.0,3470.0,3470.0,3469.0,3469.0,3470.0,3470.0,3470.0,3470.0,3470.0,3469.0,3469.0,3469.0,3469.0,3469.0,3469.0,3469.0,3469.0,3469.0,3469.0,3469.0,3469.0,3469.0,3466.0,3466.0,3469.0,3470.0,3470.0,3470.0,3470.0,3470.0,3470.0,3470.0,3470.0,3470.0,3470.0,3470.0,3470.0,3470.0,3470.0,3470.0,3470.0,3470.0,3470.0,3470.0,3470.0,3470.0,3470.0,3470.0,3470.0,3470.0,3470.0,3470.0,3470.0,3470.0,3470.0,3470.0,3470.0,3470.0,3470.0,3470.0,3470.0,3470.0,3469.0,3469.0,3469.0,3469.0,3469.0,3469.0,3469.0,3469.0,3469.0,3469.0,3469.0,3469.0,3470.0,3470.0,3470.0,3470.0,3471.0,3471.0,3471.0,3471.0,3471.0,3471.0,3471.0,3471.0,3471.0,3471.0,3471.0,3471.0,3471.0,3471.0,3471.0,3471.0,3471.0,3471.0,3471.0,3471.0,3471.0,3471.0,3471.0,3470
OCfFVUySdYw,11860.0,11932.0,11985.0,12028.0,12045.0,12056.0,12068.0,12093.0,12115.0,12128.0,12150.0,12152.0,12161.0,12185.0,12213.0,12258.0,12284.0,12291.0,12307.0,12306.0,12323.0,12324.0,12323.0,12323.0,12328.0,12332.0,12331.0,12328.0,12331.0,12328.0,12329.0,12328.0,12332.0,12333.0,12333.0,12335.0,12335.0,12330.0,12330.0,12333.0,12332.0,12332.0,12331.0,12333.0,12336.0,12337.0,12338.0,12338.0,12338.0,12336.0,12336.0,12336.0,12335.0,,12327.0,12328.0,12328.0,12327.0,12325.0,12326.0,12325.0,12325.0,12323.0,12323.0,12322.0,12323.0,12323.0,12321.0,12317.0,12326.0,12337.0,12337.0,12339.0,12454.0,12515.0,12516.0,12517.0,12517.0,12517.0,12515.0,12514.0,12515.0,12512.0,12513.0,12510.0,12512.0,12512.0,12512.0,12511.0,12510.0,12509.0,12505.0,12506.0,12504.0,12504.0,12504.0,12505.0,12504.0,12499.0,12499.0,12500.0,12501.0,12501.0,12498.0,12496.0,12495.0,12489.0,12489.0,12489.0,12489.0,12492.0,12490.0,12490.0,12494.0,12493.0,12492.0,12493.0,12493.0,12490.0,12490.0,12486.0,12468.0,12463.0,12462.0,12463.0,12461.0,12456.0,12455.0,12456.0,12455.0,12455.0,12454.0,12453.0,12452.0,12450.0,12449.0,12449.0,12448.0,12448.0,12448.0,12449.0,12450.0,12450.0,12450.0,12451.0,12451.0,12451.0,12450.0,12450.0,12449.0,12449.0,12447.0,12446.0,12446.0,12445.0,12444.0,12444.0,12444.0,12447.0,12447.0,12447.0,12448.0,12448.0,12448.0,12449.0,12449.0,12449.0,12448.0,12447.0,12447.0,12445.0,12447.0,12446.0,12446.0,12444.0,12439.0,12438.0,12436.0,12438.0,12439.0,12437.0,12437.0,12437.0,12437.0,12437.0,12436.0,12434.0,12431.0,12431.0,12431.0,12431.0,12432.0,12432.0,12434.0,12434.0,12433.0,12432.0,12433.0,12432.0,12431.0,12432.0,12434.0,12434.0,12434.0,12434.0,12436.0,12433.0,12434
7hTbNeHqGD8,48026.0,48131.0,48260.0,48360.0,48466.0,48556.0,48663.0,48744.0,48828.0,48901.0,49002.0,49091.0,49155.0,49234.0,49296.0,49357.0,49449.0,49601.0,50161.0,50748.0,51008.0,51195.0,51294.0,51367.0,51432.0,51510.0,51548.0,51595.0,51629.0,51659.0,51695.0,51725.0,51754.0,51778.0,51796.0,51822.0,51839.0,51864.0,51885.0,51897.0,51917.0,51926.0,51934.0,51947.0,51969.0,51995.0,52004.0,52023.0,52038.0,52048.0,52057.0,52099.0,52119.0,,52172.0,52192.0,52227.0,52266.0,52301.0,52319.0,52332.0,52349.0,52363.0,52383.0,52389.0,52405.0,52414.0,52428.0,52439.0,52445.0,52454.0,52462.0,52468.0,52470.0,52487.0,52487.0,52495.0,52516.0,52525.0,52541.0,52568.0,52573.0,52583.0,52589.0,52598.0,52609.0,52621.0,52629.0,52635.0,52649.0,52657.0,52663.0,52685.0,52706.0,52720.0,52734.0,52751.0,52761.0,52770.0,52779.0,52785.0,52797.0,52799.0,52809.0,52818.0,52822.0,52827.0,52834.0,52841.0,52843.0,52849.0,52858.0,52859.0,52869.0,52877.0,52883.0,52891.0,52897.0,52900.0,52908.0,52916.0,52916.0,52920.0,52927.0,52935.0,52944.0,52927.0,52932.0,52940.0,52941.0,52941.0,52758.0,52767.0,52772.0,52777.0,52782.0,52792.0,52996.0,53011.0,53017.0,53029.0,53030.0,53032.0,53033.0,53042.0,53048.0,53054.0,53060.0,53065.0,53069.0,53079.0,53084.0,53093.0,53094.0,53102.0,53121.0,53123.0,53123.0,53126.0,53130.0,53136.0,53150.0,53158.0,53163.0,53173.0,53183.0,53194.0,53200.0,53210.0,53216.0,53218.0,53232.0,53240.0,53248.0,53253.0,53264.0,53269.0,53274.0,53279.0,53285.0,53292.0,53294.0,53301.0,53309.0,53313.0,53316.0,53323.0,53330.0,53337.0,53343.0,53342.0,53344.0,53348.0,53353.0,53360.0,53368.0,53371.0,53374.0,53368.0,53373.0,53378.0,53379.0,53381.0,53390.0,53392.0,53393.0,53397.0,53399
QjMGurFjvT4,88.0,90.0,92.0,93.0,93.0,94.0,94.0,94.0,94.0,94.0,94.0,94.0,94.0,94.0,94.0,94.0,94.0,94.0,94.0,94.0,94.0,94.0,94.0,94.0,94.0,94.0,94.0,94.0,94.0,94.0,94.0,94.0,94.0,94.0,94.0,94.0,94.0,94.0,94.0,94.0,94.0,94.0,94.0,94.0,94.0,94.0,94.0,94.0,94.0,94.0,94.0,94.0,94.0,,94.0,94.0,94.0,94.0,94.0,94.0,94.0,94.0,94.0,94.0,94.0,93.0,93.0,93.0,93.0,93.0,93.0,93.0,93.0,93.0,93.0,93.0,93.0,93.0,93.0,93.0,93.0,93.0,93.0,93.0,93.0,93.0,93.0,93.0,93.0,93.0,93.0,93.0,93.0,93.0,93.0,93.0,93.0,93.0,93.0,93.0,93.0,93.0,93.0,93.0,93.0,93.0,93.0,93.0,93.0,93.0,95.0,95.0,95.0,95.0,95.0,95.0,95.0,95.0,95.0,95.0,95.0,95.0,95.0,95.0,95.0,95.0,95.0,95.0,96.0,96.0,96.0,96.0,96.0,96.0,96.0,96.0,96.0,96.0,96.0,96.0,96.0,96.0,96.0,96.0,96.0,96.0,96.0,96.0,96.0,96.0,96.0,96.0,96.0,96.0,96.0,96.0,96.0,96.0,96.0,96.0,96.0,96.0,96.0,96.0,96.0,96.0,96.0,96.0,96.0,96.0,95.0,95.0,95.0,95.0,95.0,95.0,95.0,95.0,94.0,94.0,94.0,94.0,94.0,94.0,94.0,94.0,94.0,94.0,94.0,94.0,94.0,94.0,94.0,94.0,94.0,94.0,94.0,94.0,94.0,94.0,94.0,94.0,94.0,94.0,94.0,94.0,94.0,94
cC-6G5daQBo,236.0,237.0,238.0,240.0,240.0,245.0,247.0,248.0,250.0,251.0,252.0,253.0,255.0,255.0,258.0,261.0,261.0,261.0,261.0,262.0,262.0,263.0,263.0,264.0,265.0,266.0,268.0,268.0,267.0,267.0,267.0,267.0,268.0,268.0,269.0,269.0,269.0,269.0,269.0,268.0,268.0,268.0,268.0,268.0,268.0,268.0,267.0,267.0,266.0,265.0,265.0,265.0,265.0,,264.0,264.0,265.0,265.0,265.0,265.0,265.0,265.0,265.0,265.0,265.0,265.0,265.0,265.0,265.0,265.0,265.0,265.0,265.0,265.0,265.0,265.0,265.0,265.0,265.0,265.0,265.0,265.0,265.0,265.0,265.0,265.0,265.0,265.0,265.0,265.0,265.0,265.0,265.0,265.0,266.0,266.0,266.0,266.0,266.0,266.0,266.0,266.0,266.0,266.0,266.0,266.0,266.0,266.0,266.0,266.0,266.0,266.0,266.0,266.0,266.0,266.0,266.0,266.0,266.0,266.0,266.0,266.0,266.0,266.0,266.0,267.0,267.0,267.0,267.0,267.0,267.0,267.0,267.0,267.0,267.0,267.0,267.0,267.0,267.0,267.0,267.0,267.0,267.0,267.0,267.0,267.0,267.0,267.0,267.0,267.0,267.0,267.0,267.0,267.0,267.0,267.0,267.0,267.0,267.0,267.0,267.0,267.0,267.0,267.0,267.0,267.0,267.0,267.0,267.0,267.0,267.0,267.0,267.0,267.0,267.0,267.0,267.0,267.0,267.0,267.0,267.0,267.0,267.0,267.0,267.0,267.0,267.0,267.0,267.0,267.0,267.0,267.0,267.0,267.0,267.0,267.0,267.0,267.0,267.0,267.0,267.0,267.0,267.0,267.0,267.0,267.0,267.0,267
Mxp_q_RBCXE,437.0,10264.0,13144.0,13622.0,13906.0,14163.0,14298.0,14453.0,14550.0,14679.0,14814.0,14900.0,14996.0,15085.0,15172.0,15244.0,15339.0,15445.0,15531.0,15599.0,15676.0,15746.0,15810.0,15879.0,15957.0,16044.0,16065.0,16088.0,16149.0,16149.0,16216.0,16290.0,16340.0,16394.0,16445.0,16503.0,16568.0,16651.0,16713.0,16771.0,16822.0,16878.0,16918.0,16968.0,16990.0,17080.0,17144.0,17204.0,17290.0,17331.0,17374.0,17431.0,17485.0,,17603.0,17654.0,17686.0,17727.0,17792.0,17845.0,17892.0,17927.0,17956.0,17994.0,18029.0,18078.0,18096.0,18104.0,18140.0,18168.0,18194.0,18225.0,18255.0,18283.0,18344.0,18367.0,18404.0,18442.0,18471.0,18502.0,18542.0,18562.0,18583.0,18619.0,18654.0,18678.0,18714.0,18751.0,18771.0,18743.0,18776.0,18799.0,18819.0,18838.0,18854.0,18880.0,18920.0,18953.0,18990.0,19023.0,19056.0,19062.0,19079.0,19093.0,19101.0,19120.0,19115.0,19141.0,19146.0,19169.0,19191.0,19201.0,19215.0,19232.0,19270.0,19294.0,19308.0,19324.0,19344.0,19347.0,19360.0,19350.0,19359.0,19370.0,19377.0,19396.0,19414.0,19433.0,19458.0,19474.0,19479.0,19485.0,19495.0,19506.0,19527.0,19542.0,19544.0,19541.0,19544.0,19552.0,19564.0,19591.0,19606.0,19618.0,19639.0,19659.0,19674.0,19689.0,19708.0,19709.0,19724.0,19734.0,19748.0,19753.0,19761.0,19775.0,19787.0,19796.0,19806.0,19818.0,19835.0,19834.0,19847.0,19839.0,19850.0,19861.0,19875.0,19879.0,19897.0,19930.0,19941.0,19951.0,19953.0,19963.0,19982.0,19988.0,19988.0,19999.0,19994.0,19991.0,20002.0,20012.0,20031.0,20043.0,20053.0,20064.0,20073.0,20084.0,20104.0,20118.0,20124.0,20131.0,20149.0,20169.0,20180.0,20187.0,20206.0,20229.0,20243.0,20256.0,20251.0,20253.0,20276.0,20293.0,20304.0,20307.0,20316.0,20328
lRZXbdupH7I,582.0,585.0,588.0,599.0,604.0,608.0,614.0,619.0,623.0,630.0,633.0,638.0,648.0,648.0,649.0,650.0,653.0,654.0,655.0,656.0,656.0,657.0,658.0,659.0,659.0,660.0,660.0,661.0,662.0,662.0,662.0,662.0,662.0,663.0,664.0,665.0,665.0,665.0,665.0,665.0,665.0,666.0,665.0,666.0,666.0,660.0,662.0,664.0,665.0,665.0,665.0,665.0,665.0,,668.0,670.0,671.0,671.0,672.0,672.0,673.0,673.0,673.0,673.0,673.0,673.0,673.0,673.0,673.0,673.0,673.0,673.0,673.0,671.0,672.0,672.0,672.0,672.0,672.0,672.0,673.0,674.0,674.0,674.0,674.0,673.0,673.0,673.0,673.0,673.0,673.0,673.0,675.0,675.0,675.0,676.0,676.0,676.0,676.0,676.0,676.0,676.0,676.0,676.0,676.0,676.0,676.0,676.0,676.0,676.0,677.0,677.0,677.0,677.0,677.0,677.0,677.0,677.0,676.0,676.0,675.0,674.0,674.0,674.0,673.0,674.0,674.0,675.0,675.0,677.0,677.0,678.0,679.0,680.0,680.0,681.0,681.0,681.0,681.0,682.0,682.0,683.0,683.0,683.0,683.0,683.0,684.0,684.0,685.0,685.0,685.0,685.0,686.0,686.0,686.0,686.0,686.0,686.0,686.0,686.0,687.0,687.0,687.0,687.0,687.0,687.0,687.0,687.0,687.0,687.0,687.0,687.0,687.0,687.0,687.0,687.0,687.0,687.0,687.0,687.0,687.0,687.0,687.0,687.0,687.0,687.0,688.0,688.0,688.0,688.0,689.0,689.0,689.0,689.0,689.0,690.0,691.0,691.0,691.0,691.0,692.0,692.0,692.0,692.0,692.0,693.0,693.0,693
J1kMnHO8xSk,291.0,292.0,294.0,295.0,297.0,298.0,299.0,301.0,302.0,302.0,302.0,302.0,302.0,302.0,302.0,302.0,302.0,302.0,302.0,302.0,302.0,302.0,302.0,302.0,302.0,302.0,302.0,302.0,302.0,302.0,302.0,302.0,302.0,302.0,302.0,302.0,302.0,302.0,302.0,302.0,302.0,302.0,302.0,302.0,302.0,302.0,302.0,302.0,302.0,302.0,302.0,302.0,302.0,,302.0,302.0,302.0,302.0,302.0,302.0,302.0,302.0,302.0,302.0,302.0,302.0,302.0,302.0,302.0,302.0,302.0,302.0,302.0,302.0,302.0,302.0,302.0,302.0,302.0,302.0,302.0,302.0,302.0,302.0,302.0,302.0,302.0,302.0,302.0,302.0,302.0,302.0,302.0,302.0,302.0,302.0,302.0,302.0,302.0,302.0,302.0,302.0,302.0,302.0,302.0,302.0,302.0,302.0,302.0,302.0,302.0,302.0,302.0,302.0,302.0,302.0,302.0,302.0,302.0,302.0,302.0,302.0,302.0,302.0,302.0,302.0,302.0,302.0,302.0,302.0,302.0,302.0,302.0,302.0,302.0,302.0,302.0,302.0,302.0,302.0,302.0,302.0,302.0,302.0,302.0,302.0,302.0,302.0,302.0,302.0,302.0,302.0,302.0,301.0,301.0,301.0,301.0,302.0,301.0,300.0,300.0,300.0,300.0,300.0,300.0,300.0,300.0,300.0,300.0,300.0,300.0,300.0,300.0,300.0,300.0,300.0,300.0,300.0,300.0,300.0,300.0,300.0,300.0,300.0,300.0,300.0,300.0,300.0,300.0,300.0,300.0,300.0,300.0,300.0,300.0,300.0,300.0,300.0,300.0,300.0,300.0,300.0,300.0,300.0,300.0,300.0,300.0,300
ELaFmC2UFzk,1584.0,1584.0,1584.0,1584.0,1584.0,1584.0,1585.0,1585.0,1586.0,1587.0,1587.0,1588.0,1592.0,1594.0,1600.0,1605.0,1604.0,1606.0,1606.0,1609.0,1609.0,1610.0,1610.0,1611.0,1612.0,1611.0,1611.0,1611.0,1611.0,1610.0,1610.0,1610.0,1611.0,1610.0,1611.0,1611.0,1612.0,1612.0,1612.0,1612.0,1613.0,1613.0,1613.0,1614.0,1613.0,1613.0,1613.0,1613.0,1613.0,1613.0,1613.0,1613.0,1613.0,,1613.0,1613.0,1613.0,1613.0,1613.0,1613.0,1613.0,1614.0,1614.0,1614.0,1614.0,1614.0,1614.0,1614.0,1614.0,1615.0,1614.0,1614.0,1615.0,1615.0,1615.0,1615.0,1614.0,1614.0,1614.0,1614.0,1614.0,1614.0,1614.0,1614.0,1614.0,1614.0,1614.0,1614.0,1614.0,1615.0,1615.0,1615.0,1615.0,1616.0,1616.0,1616.0,1616.0,1616.0,1616.0,1616.0,1616.0,1616.0,1616.0,1616.0,1616.0,1616.0,1616.0,1616.0,1616.0,1616.0,1616.0,1616.0,1616.0,1616.0,1617.0,1617.0,1616.0,1616.0,1616.0,1616.0,1615.0,1614.0,1614.0,1614.0,1615.0,1615.0,1615.0,1615.0,1615.0,1615.0,1615.0,1615.0,1615.0,1615.0,1615.0,1614.0,1614.0,1614.0,1614.0,1614.0,1614.0,1614.0,1614.0,1614.0,1614.0,1615.0,1615.0,1615.0,1615.0,1615.0,1615.0,1615.0,1615.0,1615.0,1615.0,1615.0,1615.0,1615.0,1615.0,1615.0,1615.0,1615.0,1615.0,1615.0,1615.0,1615.0,1615.0,1615.0,1615.0,1615.0,1615.0,1615.0,1615.0,1615.0,1615.0,1615.0,1615.0,1616.0,1616.0,1616.0,1616.0,1616.0,1615.0,1615.0,1615.0,1615.0,1615.0,1615.0,1614.0,1614.0,1614.0,1614.0,1613.0,1613.0,1613.0,1613.0,1613.0,1613.0,1613.0,1612.0,1612.0,1611.0,1611.0,1611.0,1607.0,1607.0,1607.0,1607
UulR1x4tvZE,1697.0,1699.0,1699.0,1701.0,1701.0,1701.0,1701.0,1701.0,1701.0,1701.0,1701.0,1701.0,1702.0,1708.0,1713.0,1714.0,1715.0,1716.0,1718.0,1719.0,1719.0,1719.0,1719.0,1718.0,1719.0,1716.0,1718.0,1719.0,1719.0,1720.0,1720.0,1722.0,1722.0,1725.0,1727.0,1727.0,1727.0,1727.0,1727.0,1728.0,1727.0,1727.0,1726.0,1726.0,1727.0,1730.0,1730.0,1730.0,1730.0,1729.0,1730.0,1731.0,1733.0,,1736.0,1739.0,1739.0,1739.0,1739.0,1740.0,1740.0,1740.0,1739.0,1739.0,1739.0,1739.0,1739.0,1739.0,1739.0,1739.0,1739.0,1739.0,1738.0,1739.0,1739.0,1739.0,1738.0,1738.0,1739.0,1739.0,1739.0,1739.0,1739.0,1739.0,1738.0,1738.0,1738.0,1738.0,1738.0,1739.0,1739.0,1739.0,1738.0,1738.0,1738.0,1737.0,1737.0,1737.0,1737.0,1737.0,1737.0,1739.0,1754.0,1754.0,1753.0,1753.0,1752.0,1756.0,1755.0,1755.0,1755.0,1756.0,1757.0,1758.0,1758.0,1760.0,1758.0,1759.0,1760.0,1760.0,1760.0,1760.0,1761.0,1760.0,1759.0,1760.0,1760.0,1760.0,1760.0,1761.0,1761.0,1761.0,1761.0,1761.0,1761.0,1761.0,1761.0,1761.0,1760.0,1760.0,1762.0,1762.0,1762.0,1762.0,1762.0,1762.0,1762.0,1762.0,1763.0,1763.0,1763.0,1763.0,1763.0,1763.0,1764.0,1764.0,1764.0,1764.0,1764.0,1764.0,1764.0,1764.0,1763.0,1763.0,1763.0,1763.0,1763.0,1764.0,1764.0,1763.0,1764.0,1765.0,1765.0,1765.0,1765.0,1763.0,1764.0,1764.0,1765.0,1764.0,1764.0,1763.0,1761.0,1760.0,1761.0,1762.0,1762.0,1762.0,1762.0,1762.0,1763.0,1764.0,1764.0,1764.0,1762.0,1762.0,1762.0,1763.0,1763.0,1763.0,1763.0,1763.0,1761.0,1761.0,1762.0,1762.0,1762.0,1762
8cEdndsuzSE,18344.0,18391.0,18447.0,18476.0,18499.0,18507.0,18520.0,18538.0,18555.0,18542.0,18564.0,18579.0,18621.0,18613.0,18627.0,18645.0,18662.0,18671.0,18691.0,18694.0,18696.0,18713.0,18742.0,18779.0,18806.0,18826.0,18848.0,18872.0,18892.0,18907.0,18931.0,18946.0,18965.0,18981.0,18998.0,19014.0,19025.0,19041.0,19056.0,19068.0,19084.0,19090.0,19101.0,19110.0,19108.0,19115.0,19135.0,19148.0,19159.0,19174.0,19188.0,19197.0,19219.0,,19287.0,19321.0,19336.0,19358.0,19368.0,19380.0,19391.0,19400.0,19406.0,19416.0,19428.0,19434.0,19433.0,19436.0,19436.0,19446.0,19458.0,19470.0,19491.0,19501.0,19516.0,19523.0,19528.0,19532.0,19534.0,19540.0,19547.0,19548.0,19551.0,19559.0,19566.0,19571.0,19578.0,19577.0,19574.0,19577.0,19588.0,19594.0,19599.0,19606.0,19608.0,19616.0,19624.0,19617.0,19617.0,19623.0,19625.0,19610.0,19613.0,19621.0,19624.0,19636.0,19642.0,19649.0,19651.0,19656.0,19660.0,19660.0,19662.0,19657.0,19654.0,19656.0,19668.0,19696.0,19716.0,19728.0,19737.0,19739.0,19748.0,19760.0,19775.0,19787.0,19792.0,19794.0,19796.0,19801.0,19807.0,19810.0,19821.0,19823.0,19826.0,19829.0,19835.0,19839.0,19843.0,19849.0,19852.0,19854.0,19857.0,19860.0,19863.0,19867.0,19870.0,19873.0,19876.0,19876.0,19874.0,19879.0,19886.0,19883.0,19878.0,19849.0,19839.0,19837.0,19841.0,19843.0,19846.0,19855.0,19881.0,19888.0,19893.0,19856.0,19858.0,19863.0,19866.0,19867.0,19873.0,19878.0,19879.0,19880.0,19855.0,19858.0,19856.0,19859.0,19861.0,19865.0,19868.0,19870.0,19876.0,19872.0,19871.0,19871.0,19871.0,19871.0,19872.0,19874.0,19877.0,19880.0,19883.0,19884.0,19892.0,19895.0,19897.0,19899.0,19901.0,19912.0,19914.0,19916.0,19920.0,19922.0,19925.0,19926.0,19932.0,19932
n71tJihpPHA,100.0,101.0,101.0,101.0,101.0,101.0,101.0,101.0,101.0,111.0,111.0,111.0,111.0,111.0,112.0,112.0,112.0,112.0,112.0,112.0,112.0,113.0,113.0,113.0,113.0,113.0,113.0,113.0,113.0,113.0,113.0,113.0,113.0,113.0,113.0,113.0,113.0,113.0,113.0,113.0,113.0,113.0,113.0,113.0,113.0,113.0,113.0,113.0,113.0,113.0,113.0,113.0,113.0,,113.0,113.0,113.0,113.0,113.0,113.0,113.0,113.0,113.0,113.0,113.0,113.0,113.0,113.0,113.0,113.0,113.0,113.0,113.0,113.0,113.0,113.0,113.0,113.0,113.0,113.0,113.0,113.0,113.0,113.0,113.0,113.0,113.0,113.0,113.0,113.0,113.0,113.0,113.0,113.0,113.0,113.0,113.0,113.0,113.0,113.0,113.0,113.0,113.0,113.0,113.0,113.0,113.0,113.0,113.0,113.0,113.0,113.0,113.0,113.0,113.0,113.0,113.0,113.0,113.0,113.0,113.0,113.0,113.0,113.0,113.0,113.0,113.0,113.0,113.0,113.0,113.0,113.0,113.0,113.0,113.0,113.0,113.0,113.0,113.0,113.0,113.0,113.0,113.0,113.0,113.0,113.0,113.0,113.0,113.0,113.0,113.0,113.0,113.0,113.0,113.0,113.0,113.0,113.0,113.0,113.0,113.0,113.0,113.0,113.0,113.0,113.0,113.0,113.0,113.0,113.0,113.0,113.0,113.0,113.0,113.0,113.0,113.0,113.0,113.0,113.0,113.0,113.0,113.0,113.0,113.0,113.0,113.0,113.0,113.0,113.0,113.0,113.0,113.0,113.0,113.0,113.0,113.0,113.0,113.0,113.0,113.0,113.0,113.0,113.0,113.0,113.0,113.0,113
_onCG9RhAIo,,,128.0,203.0,239.0,256.0,265.0,280.0,285.0,299.0,307.0,310.0,312.0,315.0,316.0,318.0,321.0,330.0,338.0,338.0,340.0,343.0,344.0,344.0,344.0,344.0,346.0,346.0,346.0,346.0,347.0,347.0,347.0,347.0,348.0,349.0,349.0,349.0,349.0,349.0,352.0,352.0,352.0,353.0,353.0,353.0,353.0,353.0,353.0,353.0,353.0,355.0,356.0,,355.0,356.0,356.0,356.0,356.0,356.0,356.0,356.0,356.0,355.0,355.0,355.0,355.0,355.0,355.0,355.0,355.0,356.0,356.0,356.0,356.0,356.0,356.0,356.0,356.0,356.0,356.0,356.0,356.0,356.0,356.0,356.0,356.0,356.0,357.0,357.0,358.0,358.0,358.0,358.0,358.0,358.0,358.0,358.0,358.0,358.0,358.0,358.0,358.0,358.0,358.0,358.0,358.0,355.0,355.0,355.0,355.0,355.0,356.0,356.0,356.0,356.0,356.0,356.0,356.0,356.0,356.0,356.0,356.0,356.0,357.0,357.0,357.0,357.0,357.0,357.0,357.0,357.0,357.0,357.0,357.0,357.0,357.0,357.0,357.0,357.0,357.0,357.0,357.0,357.0,357.0,357.0,357.0,357.0,357.0,357.0,357.0,357.0,357.0,357.0,357.0,357.0,357.0,356.0,356.0,356.0,356.0,356.0,356.0,356.0,356.0,356.0,356.0,356.0,356.0,356.0,356.0,356.0,356.0,356.0,356.0,356.0,357.0,357.0,357.0,357.0,357.0,357.0,357.0,357.0,357.0,357.0,357.0,357.0,357.0,357.0,357.0,357.0,357.0,357.0,357.0,357.0,357.0,357.0,357.0,357.0,357.0,357.0,357.0,357.0,357.0,357.0,357.0,357
QFI8C6_STTc,,,2.0,2.0,2.0,2.0,2.0,3.0,3.0,4.0,4.0,4.0,4.0,4.0,4.0,4.0,4.0,4.0,4.0,4.0,4.0,4.0,4.0,4.0,4.0,4.0,4.0,4.0,4.0,4.0,5.0,5.0,5.0,5.0,5.0,5.0,5.0,5.0,5.0,5.0,5.0,5.0,5.0,5.0,5.0,5.0,5.0,5.0,5.0,5.0,5.0,5.0,5.0,,5.0,5.0,5.0,5.0,5.0,5.0,5.0,5.0,5.0,5.0,5.0,5.0,6.0,6.0,6.0,6.0,6.0,6.0,6.0,6.0,6.0,6.0,6.0,6.0,6.0,6.0,6.0,6.0,6.0,6.0,6.0,6.0,6.0,6.0,6.0,6.0,6.0,6.0,6.0,6.0,6.0,6.0,6.0,6.0,6.0,6.0,6.0,6.0,6.0,6.0,6.0,6.0,6.0,6.0,6.0,6.0,6.0,6.0,6.0,6.0,6.0,6.0,7.0,7.0,7.0,7.0,7.0,7.0,7.0,7.0,7.0,7.0,7.0,7.0,7.0,7.0,7.0,7.0,7.0,7.0,7.0,7.0,7.0,7.0,7.0,7.0,7.0,7.0,7.0,7.0,7.0,7.0,7.0,7.0,7.0,7.0,7.0,7.0,7.0,7.0,7.0,7.0,7.0,7.0,7.0,7.0,7.0,7.0,7.0,7.0,7.0,7.0,7.0,7.0,7.0,7.0,7.0,7.0,7.0,7.0,7.0,7.0,7.0,7.0,7.0,7.0,7.0,7.0,7.0,7.0,7.0,7.0,7.0,7.0,7.0,7.0,7.0,7.0,7.0,7.0,7.0,7.0,7.0,7.0,7.0,7.0,7.0,7.0,7.0,7.0,7.0,7.0,7.0,7
3Lj1CoLVQbU,,,67.0,96.0,102.0,107.0,109.0,110.0,110.0,111.0,113.0,113.0,113.0,114.0,114.0,114.0,115.0,115.0,116.0,116.0,116.0,117.0,117.0,117.0,117.0,117.0,117.0,117.0,117.0,117.0,117.0,117.0,117.0,117.0,117.0,117.0,117.0,117.0,117.0,117.0,117.0,117.0,117.0,117.0,117.0,118.0,118.0,118.0,119.0,119.0,119.0,119.0,120.0,,120.0,120.0,120.0,120.0,120.0,120.0,120.0,120.0,121.0,121.0,121.0,121.0,121.0,121.0,121.0,121.0,121.0,121.0,121.0,119.0,119.0,119.0,119.0,119.0,119.0,119.0,117.0,117.0,117.0,117.0,119.0,119.0,119.0,119.0,119.0,119.0,119.0,119.0,119.0,119.0,119.0,119.0,119.0,119.0,119.0,119.0,119.0,119.0,119.0,119.0,119.0,119.0,119.0,119.0,119.0,119.0,119.0,119.0,119.0,119.0,119.0,119.0,119.0,119.0,119.0,119.0,119.0,119.0,119.0,119.0,119.0,119.0,120.0,120.0,120.0,120.0,120.0,120.0,120.0,120.0,120.0,120.0,120.0,120.0,120.0,120.0,120.0,120.0,120.0,120.0,120.0,120.0,120.0,120.0,120.0,120.0,120.0,120.0,120.0,120.0,120.0,120.0,120.0,120.0,120.0,120.0,120.0,120.0,120.0,120.0,120.0,120.0,120.0,120.0,121.0,121.0,121.0,121.0,121.0,121.0,121.0,121.0,121.0,121.0,121.0,121.0,121.0,121.0,121.0,121.0,121.0,121.0,121.0,121.0,121.0,121.0,121.0,121.0,121.0,121.0,121.0,121.0,121.0,121.0,121.0,121.0,121.0,121.0,121.0,121.0,121.0,121.0,121.0,121
N_P7j2JG7ws,,,,6.0,6.0,7.0,7.0,7.0,7.0,7.0,7.0,7.0,7.0,7.0,7.0,7.0,7.0,7.0,7.0,7.0,7.0,7.0,7.0,7.0,7.0,7.0,7.0,7.0,7.0,7.0,7.0,7.0,7.0,7.0,7.0,7.0,7.0,7.0,7.0,7.0,7.0,7.0,7.0,7.0,7.0,7.0,7.0,7.0,7.0,7.0,7.0,7.0,7.0,,7.0,7.0,7.0,7.0,7.0,7.0,7.0,8.0,8.0,8.0,8.0,8.0,8.0,8.0,8.0,8.0,8.0,8.0,8.0,8.0,8.0,8.0,8.0,8.0,8.0,8.0,8.0,8.0,8.0,8.0,8.0,8.0,8.0,8.0,8.0,8.0,8.0,8.0,8.0,8.0,8.0,8.0,8.0,8.0,8.0,8.0,8.0,8.0,8.0,8.0,8.0,8.0,8.0,8.0,8.0,8.0,8.0,8.0,8.0,8.0,8.0,8.0,8.0,8.0,8.0,8.0,8.0,8.0,8.0,8.0,8.0,8.0,8.0,8.0,8.0,8.0,8.0,8.0,8.0,8.0,8.0,8.0,8.0,8.0,8.0,8.0,8.0,8.0,8.0,8.0,8.0,8.0,8.0,8.0,8.0,8.0,8.0,8.0,8.0,8.0,8.0,8.0,8.0,8.0,8.0,8.0,8.0,8.0,8.0,8.0,8.0,8.0,8.0,8.0,8.0,8.0,8.0,8.0,8.0,8.0,8.0,8.0,8.0,8.0,8.0,8.0,8.0,8.0,8.0,8.0,8.0,8.0,8.0,8.0,8.0,8.0,8.0,8.0,8.0,8.0,8.0,8.0,8.0,8.0,8.0,8.0,8.0,8.0,8.0,8.0,8.0,8.0,8.0,8
oB5ZwlgICvg,,,,,78.0,125.0,136.0,143.0,144.0,147.0,152.0,161.0,162.0,164.0,165.0,165.0,167.0,167.0,167.0,167.0,167.0,168.0,168.0,168.0,168.0,168.0,168.0,168.0,168.0,169.0,170.0,169.0,169.0,169.0,170.0,170.0,170.0,170.0,170.0,170.0,170.0,170.0,170.0,170.0,170.0,170.0,170.0,170.0,170.0,170.0,170.0,170.0,170.0,,170.0,170.0,170.0,170.0,170.0,170.0,170.0,170.0,170.0,170.0,170.0,170.0,170.0,170.0,170.0,170.0,170.0,170.0,170.0,170.0,170.0,170.0,170.0,170.0,170.0,170.0,170.0,170.0,170.0,170.0,170.0,170.0,170.0,170.0,170.0,170.0,170.0,171.0,171.0,171.0,171.0,171.0,171.0,171.0,171.0,171.0,171.0,171.0,171.0,171.0,171.0,171.0,171.0,171.0,171.0,171.0,171.0,171.0,169.0,169.0,169.0,169.0,169.0,169.0,169.0,169.0,169.0,169.0,169.0,169.0,169.0,169.0,169.0,169.0,169.0,169.0,169.0,169.0,169.0,169.0,168.0,168.0,168.0,168.0,168.0,168.0,168.0,168.0,168.0,168.0,168.0,168.0,168.0,168.0,168.0,168.0,168.0,168.0,168.0,168.0,168.0,168.0,168.0,168.0,168.0,168.0,168.0,168.0,168.0,168.0,168.0,168.0,168.0,168.0,168.0,168.0,168.0,168.0,168.0,168.0,168.0,168.0,168.0,168.0,168.0,168.0,168.0,168.0,168.0,168.0,168.0,168.0,168.0,168.0,168.0,168.0,168.0,168.0,168.0,168.0,168.0,168.0,168.0,168.0,168.0,168.0,168.0,168.0,168.0,168.0,168.0,168.0,168.0,168
-XJi9qCv_1s,,,,,149.0,236.0,245.0,248.0,250.0,253.0,251.0,251.0,252.0,252.0,255.0,255.0,256.0,257.0,257.0,257.0,257.0,257.0,257.0,257.0,257.0,257.0,257.0,257.0,257.0,257.0,257.0,257.0,257.0,257.0,257.0,257.0,257.0,257.0,257.0,257.0,257.0,257.0,257.0,257.0,257.0,254.0,254.0,254.0,254.0,254.0,254.0,254.0,254.0,,254.0,254.0,254.0,254.0,254.0,254.0,254.0,254.0,254.0,254.0,254.0,254.0,254.0,254.0,254.0,254.0,254.0,254.0,254.0,254.0,254.0,254.0,254.0,254.0,254.0,254.0,254.0,254.0,254.0,254.0,254.0,254.0,254.0,254.0,254.0,254.0,254.0,254.0,254.0,254.0,254.0,254.0,254.0,254.0,254.0,254.0,254.0,254.0,254.0,254.0,254.0,254.0,254.0,254.0,254.0,254.0,254.0,254.0,254.0,254.0,254.0,254.0,254.0,254.0,254.0,254.0,254.0,254.0,254.0,254.0,254.0,254.0,254.0,254.0,254.0,254.0,254.0,254.0,254.0,253.0,253.0,253.0,253.0,253.0,253.0,253.0,253.0,253.0,253.0,253.0,253.0,253.0,253.0,253.0,253.0,253.0,253.0,253.0,253.0,253.0,253.0,253.0,253.0,253.0,253.0,253.0,253.0,253.0,253.0,253.0,253.0,253.0,253.0,253.0,253.0,253.0,253.0,253.0,253.0,253.0,253.0,253.0,253.0,253.0,253.0,253.0,253.0,253.0,253.0,253.0,253.0,253.0,253.0,252.0,252.0,252.0,252.0,252.0,252.0,252.0,252.0,252.0,252.0,252.0,251.0,251.0,251.0,251.0,251.0,251.0,251.0,251.0,251.0,251
5XCdT42R1Yg,,,,,,204.0,204.0,204.0,204.0,204.0,204.0,204.0,204.0,204.0,204.0,204.0,204.0,204.0,204.0,204.0,204.0,204.0,204.0,204.0,204.0,204.0,204.0,204.0,204.0,204.0,204.0,204.0,204.0,204.0,204.0,204.0,204.0,204.0,204.0,204.0,204.0,205.0,205.0,205.0,205.0,205.0,205.0,205.0,205.0,205.0,205.0,205.0,205.0,,205.0,205.0,205.0,205.0,205.0,205.0,205.0,205.0,205.0,205.0,205.0,205.0,205.0,205.0,205.0,205.0,205.0,205.0,205.0,205.0,205.0,205.0,205.0,205.0,205.0,205.0,205.0,205.0,205.0,205.0,205.0,205.0,205.0,205.0,205.0,205.0,205.0,205.0,205.0,205.0,205.0,205.0,205.0,205.0,205.0,205.0,205.0,205.0,205.0,205.0,205.0,205.0,205.0,205.0,205.0,205.0,205.0,205.0,205.0,205.0,205.0,205.0,205.0,205.0,205.0,205.0,205.0,205.0,205.0,205.0,205.0,205.0,205.0,205.0,205.0,205.0,205.0,205.0,205.0,205.0,205.0,205.0,205.0,205.0,205.0,205.0,205.0,205.0,205.0,205.0,205.0,205.0,205.0,205.0,205.0,205.0,205.0,205.0,205.0,205.0,205.0,205.0,205.0,205.0,205.0,205.0,205.0,205.0,205.0,205.0,205.0,205.0,205.0,205.0,205.0,205.0,205.0,205.0,205.0,205.0,205.0,205.0,205.0,205.0,205.0,205.0,205.0,205.0,205.0,205.0,205.0,205.0,205.0,205.0,205.0,205.0,205.0,205.0,205.0,205.0,205.0,205.0,205.0,205.0,205.0,205.0,205.0,205.0,205.0,205.0,205.0,205.0,205.0,205
t_HEiqWHg44,,,,,,60.0,62.0,63.0,63.0,63.0,63.0,65.0,66.0,66.0,66.0,66.0,66.0,66.0,66.0,66.0,66.0,66.0,67.0,67.0,67.0,67.0,67.0,67.0,67.0,67.0,67.0,67.0,67.0,67.0,67.0,67.0,67.0,67.0,67.0,67.0,67.0,67.0,67.0,67.0,67.0,67.0,67.0,67.0,67.0,67.0,67.0,67.0,67.0,,67.0,67.0,67.0,67.0,67.0,67.0,67.0,67.0,67.0,67.0,67.0,67.0,67.0,67.0,67.0,67.0,67.0,67.0,67.0,67.0,67.0,67.0,67.0,67.0,67.0,67.0,67.0,67.0,65.0,66.0,66.0,66.0,64.0,64.0,64.0,64.0,64.0,64.0,64.0,64.0,64.0,64.0,64.0,64.0,64.0,64.0,64.0,64.0,64.0,64.0,64.0,64.0,64.0,64.0,64.0,64.0,64.0,64.0,64.0,64.0,64.0,64.0,64.0,65.0,65.0,65.0,65.0,65.0,65.0,65.0,65.0,65.0,65.0,65.0,65.0,65.0,65.0,65.0,65.0,65.0,65.0,65.0,65.0,65.0,65.0,65.0,65.0,65.0,65.0,65.0,65.0,65.0,65.0,65.0,65.0,65.0,65.0,65.0,65.0,65.0,65.0,65.0,65.0,65.0,65.0,65.0,65.0,65.0,65.0,65.0,65.0,65.0,65.0,65.0,65.0,65.0,65.0,65.0,65.0,65.0,65.0,65.0,65.0,65.0,65.0,65.0,65.0,65.0,65.0,65.0,65.0,65.0,65.0,65.0,65.0,65.0,65.0,65.0,65.0,65.0,65.0,65.0,65.0,65.0,65.0,65.0,65.0,65.0,65.0,65.0,65.0,65.0,65.0,65
n17xAjgbHO0,,,,,,6.0,11.0,11.0,11.0,11.0,11.0,11.0,11.0,11.0,11.0,11.0,11.0,11.0,11.0,11.0,11.0,11.0,11.0,11.0,11.0,11.0,11.0,11.0,11.0,11.0,11.0,11.0,11.0,11.0,11.0,12.0,12.0,12.0,12.0,12.0,12.0,12.0,12.0,12.0,12.0,12.0,12.0,12.0,12.0,12.0,12.0,12.0,12.0,,12.0,12.0,12.0,12.0,12.0,12.0,12.0,12.0,12.0,12.0,12.0,12.0,12.0,12.0,12.0,12.0,12.0,12.0,12.0,12.0,12.0,12.0,12.0,12.0,12.0,12.0,12.0,12.0,12.0,12.0,12.0,12.0,12.0,12.0,12.0,12.0,12.0,12.0,12.0,12.0,12.0,12.0,12.0,12.0,12.0,12.0,12.0,12.0,12.0,12.0,12.0,12.0,12.0,12.0,12.0,12.0,12.0,12.0,12.0,12.0,12.0,12.0,12.0,12.0,12.0,12.0,12.0,12.0,12.0,12.0,12.0,12.0,12.0,12.0,12.0,12.0,12.0,12.0,12.0,12.0,12.0,12.0,12.0,12.0,12.0,12.0,12.0,12.0,12.0,12.0,12.0,12.0,12.0,12.0,12.0,12.0,12.0,12.0,12.0,12.0,12.0,12.0,12.0,12.0,12.0,12.0,12.0,12.0,12.0,12.0,12.0,12.0,12.0,12.0,12.0,12.0,12.0,12.0,12.0,12.0,12.0,12.0,12.0,12.0,12.0,12.0,12.0,12.0,12.0,12.0,12.0,12.0,12.0,12.0,12.0,12.0,12.0,12.0,12.0,12.0,12.0,12.0,12.0,12.0,12.0,12.0,12.0,12.0,12.0,12.0,12.0,12.0,12.0,13
VQucfbsmlyc,,,,,,54.0,61.0,68.0,69.0,69.0,69.0,69.0,69.0,69.0,69.0,69.0,69.0,69.0,69.0,69.0,69.0,69.0,69.0,69.0,69.0,69.0,69.0,69.0,69.0,69.0,69.0,69.0,69.0,69.0,69.0,69.0,69.0,69.0,69.0,69.0,69.0,69.0,69.0,69.0,69.0,69.0,69.0,69.0,69.0,69.0,69.0,69.0,69.0,,69.0,69.0,69.0,69.0,69.0,69.0,69.0,69.0,69.0,69.0,69.0,69.0,69.0,69.0,69.0,69.0,69.0,69.0,69.0,69.0,69.0,69.0,69.0,69.0,69.0,69.0,69.0,69.0,69.0,69.0,69.0,69.0,69.0,69.0,69.0,69.0,69.0,69.0,69.0,69.0,69.0,69.0,69.0,69.0,69.0,69.0,69.0,69.0,69.0,69.0,69.0,69.0,69.0,69.0,69.0,69.0,69.0,69.0,69.0,69.0,69.0,69.0,69.0,69.0,69.0,69.0,69.0,69.0,69.0,69.0,69.0,69.0,69.0,69.0,69.0,69.0,69.0,69.0,69.0,69.0,69.0,69.0,69.0,69.0,69.0,69.0,69.0,69.0,69.0,69.0,69.0,69.0,69.0,69.0,69.0,69.0,69.0,69.0,69.0,69.0,69.0,69.0,69.0,69.0,69.0,69.0,69.0,69.0,69.0,69.0,69.0,69.0,69.0,69.0,69.0,69.0,69.0,69.0,69.0,69.0,69.0,69.0,69.0,69.0,69.0,69.0,69.0,69.0,69.0,69.0,69.0,69.0,69.0,69.0,69.0,69.0,69.0,69.0,69.0,69.0,69.0,69.0,69.0,69.0,69.0,69.0,69.0,69.0,69.0,69.0,69.0,69.0,69.0,69
U4avKonYpIk,,,,,,49.0,81.0,88.0,91.0,93.0,93.0,94.0,94.0,94.0,94.0,95.0,95.0,95.0,95.0,95.0,95.0,95.0,95.0,95.0,95.0,95.0,95.0,95.0,95.0,95.0,95.0,95.0,95.0,95.0,95.0,95.0,95.0,95.0,95.0,95.0,95.0,95.0,95.0,95.0,95.0,95.0,95.0,95.0,95.0,95.0,95.0,95.0,95.0,,95.0,95.0,95.0,95.0,95.0,95.0,95.0,95.0,95.0,95.0,95.0,95.0,95.0,95.0,95.0,95.0,95.0,95.0,95.0,95.0,95.0,95.0,95.0,95.0,95.0,95.0,95.0,95.0,95.0,95.0,95.0,95.0,95.0,95.0,95.0,95.0,95.0,95.0,95.0,95.0,95.0,95.0,95.0,95.0,95.0,95.0,95.0,95.0,95.0,95.0,95.0,95.0,95.0,95.0,95.0,95.0,95.0,95.0,95.0,95.0,95.0,95.0,95.0,95.0,95.0,95.0,95.0,95.0,95.0,95.0,95.0,95.0,95.0,95.0,95.0,95.0,95.0,95.0,95.0,95.0,95.0,95.0,95.0,95.0,95.0,95.0,95.0,95.0,95.0,95.0,95.0,95.0,95.0,95.0,95.0,95.0,95.0,95.0,95.0,95.0,95.0,95.0,95.0,95.0,95.0,95.0,95.0,95.0,95.0,95.0,95.0,95.0,95.0,95.0,95.0,95.0,95.0,95.0,95.0,95.0,95.0,94.0,94.0,94.0,94.0,94.0,94.0,94.0,94.0,94.0,94.0,94.0,94.0,94.0,94.0,94.0,94.0,94.0,94.0,94.0,94.0,94.0,94.0,94.0,94.0,94.0,94.0,94.0,94.0,94.0,94.0,94.0,94.0,94
1UyzVpQDkW8,,,,,,89.0,144.0,167.0,177.0,184.0,189.0,191.0,192.0,193.0,193.0,194.0,195.0,196.0,197.0,197.0,197.0,197.0,197.0,197.0,197.0,197.0,197.0,197.0,197.0,197.0,198.0,200.0,200.0,200.0,200.0,201.0,201.0,201.0,201.0,201.0,203.0,203.0,203.0,203.0,203.0,203.0,203.0,203.0,203.0,203.0,203.0,203.0,203.0,,203.0,203.0,203.0,203.0,203.0,203.0,203.0,203.0,203.0,204.0,204.0,204.0,205.0,205.0,205.0,202.0,202.0,202.0,202.0,202.0,203.0,203.0,203.0,205.0,205.0,205.0,205.0,205.0,205.0,205.0,205.0,205.0,206.0,206.0,206.0,206.0,206.0,206.0,206.0,206.0,206.0,206.0,206.0,206.0,207.0,207.0,207.0,207.0,208.0,208.0,208.0,208.0,208.0,208.0,208.0,208.0,208.0,208.0,208.0,208.0,208.0,208.0,208.0,208.0,208.0,209.0,209.0,209.0,209.0,209.0,209.0,209.0,209.0,209.0,209.0,209.0,209.0,209.0,209.0,209.0,209.0,209.0,209.0,209.0,209.0,209.0,209.0,209.0,209.0,209.0,209.0,209.0,209.0,209.0,209.0,210.0,210.0,210.0,210.0,210.0,210.0,210.0,210.0,210.0,210.0,210.0,210.0,210.0,210.0,210.0,210.0,210.0,210.0,210.0,210.0,210.0,210.0,210.0,210.0,210.0,210.0,210.0,210.0,210.0,210.0,210.0,210.0,210.0,210.0,210.0,210.0,210.0,210.0,210.0,210.0,210.0,210.0,210.0,210.0,210.0,210.0,210.0,210.0,210.0,210.0,210.0,210.0,210.0,210.0,210.0,210.0,210.0,210.0,210
L_IrTG4E-CY,,,,,,20.0,21.0,22.0,24.0,25.0,25.0,26.0,26.0,26.0,26.0,27.0,27.0,27.0,27.0,28.0,28.0,29.0,29.0,29.0,29.0,29.0,29.0,29.0,29.0,30.0,30.0,30.0,30.0,30.0,30.0,30.0,30.0,30.0,30.0,30.0,30.0,30.0,30.0,30.0,30.0,30.0,30.0,30.0,30.0,30.0,30.0,30.0,30.0,,30.0,30.0,30.0,30.0,30.0,30.0,30.0,30.0,30.0,30.0,30.0,30.0,30.0,30.0,30.0,30.0,30.0,30.0,30.0,30.0,30.0,31.0,31.0,31.0,31.0,31.0,31.0,31.0,31.0,31.0,31.0,31.0,31.0,31.0,31.0,31.0,31.0,31.0,31.0,31.0,32.0,32.0,32.0,32.0,32.0,32.0,32.0,32.0,32.0,32.0,32.0,32.0,32.0,32.0,32.0,32.0,32.0,32.0,32.0,32.0,32.0,32.0,32.0,32.0,32.0,32.0,32.0,32.0,32.0,32.0,32.0,32.0,32.0,32.0,32.0,32.0,32.0,32.0,32.0,32.0,32.0,32.0,32.0,32.0,32.0,32.0,32.0,32.0,32.0,32.0,32.0,32.0,32.0,32.0,32.0,32.0,32.0,32.0,32.0,32.0,32.0,32.0,32.0,32.0,32.0,32.0,32.0,32.0,32.0,32.0,32.0,32.0,32.0,32.0,32.0,32.0,32.0,32.0,32.0,32.0,32.0,32.0,32.0,32.0,32.0,32.0,32.0,32.0,32.0,32.0,32.0,32.0,32.0,32.0,32.0,32.0,32.0,32.0,32.0,32.0,32.0,32.0,32.0,32.0,32.0,32.0,32.0,32.0,32.0,32.0,32.0,32.0,32.0,32
OrlkRhaVnhk,,,,,,,252.0,467.0,582.0,650.0,714.0,742.0,764.0,788.0,803.0,821.0,831.0,836.0,841.0,843.0,847.0,854.0,862.0,871.0,874.0,876.0,879.0,882.0,888.0,894.0,901.0,905.0,909.0,912.0,917.0,923.0,927.0,932.0,934.0,939.0,938.0,939.0,938.0,937.0,941.0,942.0,943.0,943.0,944.0,945.0,941.0,947.0,947.0,,951.0,952.0,952.0,951.0,951.0,951.0,950.0,950.0,950.0,951.0,952.0,952.0,952.0,952.0,952.0,952.0,954.0,954.0,954.0,954.0,955.0,955.0,956.0,954.0,954.0,955.0,955.0,955.0,955.0,955.0,956.0,955.0,958.0,957.0,957.0,957.0,957.0,957.0,958.0,958.0,958.0,959.0,959.0,959.0,959.0,959.0,959.0,959.0,959.0,959.0,960.0,960.0,960.0,960.0,959.0,959.0,957.0,957.0,957.0,957.0,957.0,957.0,957.0,957.0,957.0,957.0,957.0,957.0,958.0,958.0,958.0,958.0,959.0,959.0,959.0,959.0,959.0,959.0,959.0,961.0,962.0,963.0,963.0,963.0,963.0,963.0,963.0,964.0,964.0,965.0,965.0,965.0,965.0,964.0,963.0,963.0,963.0,963.0,963.0,963.0,963.0,963.0,963.0,962.0,962.0,963.0,963.0,963.0,963.0,963.0,963.0,964.0,964.0,964.0,964.0,963.0,964.0,965.0,964.0,964.0,965.0,965.0,965.0,965.0,965.0,965.0,965.0,965.0,965.0,965.0,965.0,965.0,965.0,966.0,966.0,966.0,966.0,966.0,966.0,966.0,965.0,966.0,966.0,966.0,966.0,967.0,967.0,967.0,967.0,966.0,967.0,967.0,967.0,968
zSFmsS5ufDs,,,,,,,10.0,40.0,39.0,41.0,42.0,76.0,111.0,111.0,114.0,119.0,121.0,124.0,124.0,124.0,124.0,124.0,124.0,124.0,125.0,125.0,125.0,126.0,126.0,126.0,126.0,126.0,127.0,127.0,127.0,127.0,127.0,127.0,127.0,127.0,127.0,127.0,127.0,127.0,127.0,127.0,127.0,127.0,127.0,127.0,127.0,127.0,127.0,,127.0,127.0,127.0,127.0,127.0,127.0,127.0,127.0,127.0,127.0,127.0,127.0,127.0,127.0,127.0,127.0,127.0,127.0,127.0,127.0,127.0,127.0,127.0,127.0,127.0,127.0,127.0,127.0,127.0,127.0,127.0,127.0,127.0,127.0,127.0,127.0,127.0,127.0,127.0,127.0,127.0,127.0,127.0,127.0,127.0,127.0,127.0,127.0,127.0,127.0,127.0,127.0,127.0,127.0,127.0,127.0,127.0,127.0,127.0,127.0,127.0,127.0,127.0,127.0,127.0,127.0,127.0,127.0,127.0,127.0,127.0,127.0,127.0,127.0,127.0,127.0,127.0,127.0,127.0,127.0,127.0,127.0,127.0,127.0,127.0,127.0,127.0,127.0,127.0,127.0,127.0,127.0,127.0,127.0,127.0,127.0,127.0,127.0,127.0,127.0,127.0,127.0,127.0,127.0,127.0,127.0,127.0,127.0,127.0,127.0,127.0,127.0,127.0,127.0,127.0,127.0,127.0,127.0,127.0,127.0,127.0,127.0,127.0,127.0,127.0,127.0,127.0,127.0,129.0,129.0,129.0,129.0,129.0,129.0,129.0,129.0,129.0,129.0,129.0,129.0,129.0,129.0,129.0,129.0,129.0,129.0,129.0,129.0,129.0,129.0,129.0,129.0,129.0,129
22CcsqxQdW0,,,,,,,77.0,84.0,88.0,88.0,88.0,89.0,90.0,90.0,90.0,90.0,90.0,90.0,90.0,90.0,91.0,91.0,91.0,92.0,92.0,92.0,92.0,92.0,92.0,92.0,92.0,92.0,92.0,92.0,92.0,92.0,92.0,92.0,92.0,92.0,92.0,92.0,92.0,92.0,92.0,92.0,92.0,92.0,92.0,92.0,91.0,91.0,91.0,,91.0,91.0,91.0,91.0,91.0,91.0,91.0,91.0,91.0,91.0,91.0,91.0,91.0,91.0,91.0,91.0,91.0,91.0,91.0,91.0,91.0,91.0,91.0,91.0,91.0,91.0,91.0,91.0,91.0,91.0,91.0,91.0,91.0,91.0,91.0,91.0,91.0,91.0,91.0,91.0,91.0,91.0,91.0,91.0,91.0,91.0,91.0,91.0,91.0,91.0,91.0,91.0,91.0,91.0,91.0,91.0,91.0,91.0,91.0,91.0,91.0,91.0,91.0,91.0,91.0,91.0,91.0,91.0,91.0,91.0,91.0,91.0,91.0,91.0,91.0,91.0,91.0,91.0,91.0,91.0,91.0,91.0,91.0,91.0,91.0,91.0,91.0,91.0,91.0,91.0,91.0,91.0,91.0,91.0,91.0,91.0,91.0,91.0,91.0,91.0,91.0,91.0,91.0,91.0,91.0,91.0,91.0,91.0,90.0,90.0,90.0,90.0,90.0,90.0,90.0,90.0,90.0,90.0,90.0,90.0,90.0,90.0,90.0,90.0,90.0,90.0,90.0,90.0,90.0,90.0,90.0,90.0,90.0,90.0,90.0,90.0,90.0,90.0,90.0,90.0,90.0,90.0,90.0,90.0,90.0,90.0,90.0,90.0,90.0,90.0,90.0,90.0,90.0,90
nhDcqoetCy8,,,,,,,,596.0,899.0,1008.0,1111.0,1169.0,1206.0,1233.0,1262.0,1283.0,1308.0,1319.0,1355.0,1382.0,1404.0,1424.0,1431.0,1452.0,1465.0,1482.0,1499.0,1504.0,1512.0,1516.0,1528.0,1535.0,1540.0,1544.0,1553.0,1563.0,1568.0,1569.0,1571.0,1577.0,1579.0,1582.0,1586.0,1590.0,1593.0,1600.0,1603.0,1605.0,1609.0,1612.0,1615.0,1613.0,1614.0,,1616.0,1619.0,1621.0,1625.0,1627.0,1631.0,1640.0,1638.0,1644.0,1646.0,1646.0,1649.0,1654.0,1656.0,1657.0,1658.0,1663.0,1659.0,1663.0,1665.0,1663.0,1666.0,1669.0,1671.0,1675.0,1675.0,1677.0,1680.0,1682.0,1681.0,1681.0,1681.0,1678.0,1681.0,1681.0,1682.0,1683.0,1684.0,1684.0,1684.0,1684.0,1684.0,1684.0,1684.0,1685.0,1685.0,1685.0,1685.0,1685.0,1685.0,1685.0,1686.0,1686.0,1686.0,1686.0,1686.0,1686.0,1686.0,1686.0,1685.0,1685.0,1685.0,1686.0,1686.0,1686.0,1686.0,1686.0,1680.0,1680.0,1680.0,1680.0,1682.0,1677.0,1678.0,1678.0,1678.0,1678.0,1678.0,1678.0,1678.0,1678.0,1678.0,1678.0,1678.0,1678.0,1677.0,1678.0,1678.0,1679.0,1679.0,1679.0,1679.0,1679.0,1679.0,1680.0,1681.0,1680.0,1680.0,1680.0,1681.0,1681.0,1681.0,1681.0,1681.0,1681.0,1681.0,1681.0,1681.0,1681.0,1681.0,1681.0,1681.0,1681.0,1681.0,1681.0,1681.0,1681.0,1681.0,1681.0,1681.0,1681.0,1681.0,1681.0,1676.0,1676.0,1677.0,1677.0,1677.0,1677.0,1677.0,1677.0,1677.0,1677.0,1677.0,1678.0,1678.0,1678.0,1678.0,1678.0,1678.0,1678.0,1678.0,1678.0,1678.0,1678.0,1678.0,1678.0,1678.0,1678.0,1678.0,1678.0,1679.0,1679.0,1678
v5_GoNFr5wc,,,,,,,,,5821.0,7690.0,8310.0,8701.0,8943.0,9126.0,9221.0,9318.0,9380.0,9438.0,9484.0,9519.0,9536.0,9548.0,9570.0,9597.0,9618.0,9629.0,9639.0,9642.0,9646.0,9654.0,9664.0,9672.0,9686.0,9704.0,9715.0,9716.0,9724.0,9722.0,9725.0,9730.0,9732.0,9736.0,9750.0,9759.0,9761.0,9760.0,9765.0,9769.0,9771.0,9776.0,9774.0,9774.0,9775.0,,9779.0,9776.0,9778.0,9779.0,9784.0,9787.0,9789.0,9791.0,9792.0,9793.0,9795.0,9796.0,9798.0,9801.0,9804.0,9806.0,9814.0,9818.0,9821.0,9863.0,9914.0,9923.0,9923.0,9922.0,9925.0,9947.0,9947.0,9951.0,9954.0,9954.0,9948.0,9966.0,9974.0,9982.0,9983.0,10000.0,10001.0,10001.0,10006.0,10008.0,10008.0,10008.0,10005.0,10007.0,10008.0,10010.0,10008.0,10006.0,10007.0,10015.0,10020.0,10025.0,10025.0,10025.0,10030.0,10031.0,10033.0,10032.0,10033.0,10032.0,10031.0,10030.0,10030.0,10030.0,10032.0,10033.0,10032.0,10028.0,10030.0,10030.0,10029.0,10030.0,10032.0,10032.0,10032.0,10033.0,10034.0,10035.0,10041.0,10044.0,10043.0,10043.0,10047.0,10050.0,10051.0,10051.0,10054.0,10057.0,10058.0,10058.0,10063.0,10063.0,10050.0,10052.0,10054.0,10053.0,10057.0,10058.0,10060.0,10060.0,10062.0,10062.0,10064.0,10065.0,10067.0,10066.0,10069.0,10069.0,10067.0,10072.0,10072.0,10073.0,10074.0,10075.0,10073.0,10074.0,10074.0,10075.0,10076.0,10073.0,10073.0,10075.0,10076.0,10072.0,10074.0,10077.0,10075.0,10060.0,10060.0,10059.0,10059.0,10061.0,10056.0,10056.0,10057.0,10062.0,10062.0,10066.0,10067.0,10068.0,10069.0,10070.0,10069.0,10070.0,10070.0,10071.0,10072.0,10073.0,10076.0,10076.0,10076.0,10076.0,10075.0,10077
fAVrqc-IphQ,,,,,,,,,34.0,35.0,35.0,35.0,35.0,35.0,35.0,35.0,35.0,35.0,35.0,35.0,35.0,35.0,35.0,35.0,35.0,35.0,35.0,35.0,35.0,35.0,35.0,35.0,35.0,35.0,35.0,35.0,35.0,35.0,35.0,35.0,35.0,35.0,35.0,35.0,35.0,35.0,35.0,35.0,35.0,35.0,35.0,35.0,35.0,,35.0,35.0,35.0,35.0,35.0,35.0,35.0,35.0,35.0,35.0,35.0,35.0,35.0,35.0,35.0,35.0,35.0,35.0,35.0,35.0,35.0,35.0,35.0,35.0,35.0,35.0,35.0,35.0,35.0,35.0,35.0,35.0,35.0,35.0,35.0,35.0,35.0,35.0,35.0,35.0,35.0,35.0,35.0,35.0,35.0,35.0,35.0,35.0,35.0,35.0,35.0,35.0,35.0,35.0,35.0,35.0,35.0,35.0,35.0,35.0,35.0,35.0,35.0,35.0,35.0,35.0,35.0,35.0,35.0,35.0,35.0,35.0,35.0,35.0,35.0,35.0,35.0,35.0,35.0,35.0,35.0,35.0,35.0,35.0,35.0,35.0,35.0,35.0,35.0,35.0,35.0,35.0,35.0,35.0,35.0,35.0,35.0,35.0,35.0,35.0,35.0,35.0,35.0,35.0,35.0,35.0,35.0,35.0,35.0,35.0,35.0,35.0,35.0,35.0,35.0,35.0,35.0,35.0,35.0,35.0,35.0,35.0,35.0,35.0,35.0,35.0,35.0,35.0,35.0,35.0,35.0,35.0,35.0,35.0,35.0,35.0,35.0,35.0,35.0,35.0,35.0,35.0,35.0,35.0,35.0,35.0,35.0,35.0,35.0,35.0,35.0,35.0,35.0,35
v5_GoNFr5wc,,,,,,,,,5821.0,7690.0,8310.0,8701.0,8943.0,9126.0,9221.0,9318.0,9380.0,9438.0,9484.0,9519.0,9536.0,9548.0,9570.0,9597.0,9618.0,9629.0,9639.0,9642.0,9646.0,9654.0,9664.0,9672.0,9686.0,9704.0,9715.0,9716.0,9724.0,9722.0,9725.0,9730.0,9732.0,9736.0,9750.0,9759.0,9761.0,9760.0,9765.0,9769.0,9771.0,9776.0,9774.0,9774.0,9775.0,,9779.0,9776.0,9778.0,9779.0,9784.0,9787.0,9789.0,9791.0,9792.0,9793.0,9795.0,9796.0,9798.0,9801.0,9804.0,9806.0,9814.0,9818.0,9821.0,9863.0,9914.0,9923.0,9923.0,9922.0,9925.0,9947.0,9947.0,9951.0,9954.0,9954.0,9948.0,9966.0,9974.0,9982.0,9983.0,10000.0,10001.0,10001.0,10006.0,10008.0,10008.0,10008.0,10005.0,10007.0,10008.0,10010.0,10008.0,10006.0,10007.0,10015.0,10020.0,10025.0,10025.0,10025.0,10030.0,10031.0,10033.0,10032.0,10033.0,10032.0,10031.0,10030.0,10030.0,10030.0,10032.0,10033.0,10032.0,10028.0,10030.0,10030.0,10029.0,10030.0,10032.0,10032.0,10032.0,10033.0,10034.0,10035.0,10041.0,10044.0,10043.0,10043.0,10047.0,10050.0,10051.0,10051.0,10054.0,10057.0,10058.0,10058.0,10063.0,10063.0,10050.0,10052.0,10054.0,10053.0,10057.0,10058.0,10060.0,10060.0,10062.0,10062.0,10064.0,10065.0,10067.0,10066.0,10069.0,10069.0,10067.0,10072.0,10072.0,10073.0,10074.0,10075.0,10073.0,10074.0,10074.0,10075.0,10076.0,10073.0,10073.0,10075.0,10076.0,10072.0,10074.0,10077.0,10075.0,10060.0,10060.0,10059.0,10059.0,10061.0,10056.0,10056.0,10057.0,10062.0,10062.0,10066.0,10067.0,10068.0,10069.0,10070.0,10069.0,10070.0,10070.0,10071.0,10072.0,10073.0,10076.0,10076.0,10076.0,10076.0,10075.0,10077
hRlt2L-MJKU,,,,,,,,,952.0,1190.0,1266.0,1330.0,1402.0,1457.0,1491.0,1555.0,1525.0,1507.0,1522.0,1529.0,1532.0,1603.0,1617.0,1621.0,1621.0,1628.0,1634.0,1638.0,1643.0,1645.0,1643.0,1646.0,1650.0,1655.0,1646.0,1650.0,1652.0,1639.0,1644.0,1622.0,1627.0,1629.0,1631.0,1631.0,1633.0,1634.0,1636.0,1641.0,1645.0,1646.0,1646.0,1648.0,1648.0,,1649.0,1646.0,1647.0,1648.0,1648.0,1648.0,1648.0,1648.0,1648.0,1649.0,1643.0,1644.0,1645.0,1647.0,1647.0,1647.0,1647.0,1645.0,1645.0,1645.0,1646.0,1646.0,1647.0,1649.0,1650.0,1651.0,1652.0,1652.0,1654.0,1655.0,1657.0,1658.0,1659.0,1660.0,1662.0,1664.0,1664.0,1665.0,1665.0,1666.0,1666.0,1666.0,1666.0,1664.0,1665.0,1666.0,1666.0,1665.0,1665.0,1666.0,1666.0,1667.0,1668.0,1668.0,1668.0,1667.0,1667.0,1667.0,1668.0,1669.0,1669.0,1671.0,1672.0,1672.0,1672.0,1665.0,1666.0,1666.0,1668.0,1669.0,1669.0,1669.0,1668.0,1669.0,1669.0,1670.0,1670.0,1669.0,1671.0,1669.0,1669.0,1671.0,1667.0,1675.0,1669.0,1669.0,1668.0,1668.0,1668.0,1669.0,1674.0,1676.0,1675.0,1677.0,1677.0,1678.0,1678.0,1681.0,1682.0,1682.0,1682.0,1681.0,1683.0,1683.0,1684.0,1680.0,1681.0,1682.0,1684.0,1684.0,1687.0,1687.0,1688.0,1689.0,1693.0,1693.0,1692.0,1692.0,1692.0,1692.0,1692.0,1690.0,1687.0,1688.0,1688.0,1677.0,1677.0,1678.0,1678.0,1678.0,1678.0,1678.0,1677.0,1677.0,1676.0,1677.0,1679.0,1681.0,1680.0,1680.0,1680.0,1680.0,1676.0,1676.0,1677.0,1677.0,1678.0,1679.0,1679.0,1679.0,1680.0,1680.0,1680.0,1680
Sf5ErqLw33M,,,,,,,,,154.0,160.0,163.0,165.0,165.0,165.0,165.0,165.0,165.0,165.0,165.0,164.0,164.0,164.0,164.0,164.0,164.0,164.0,164.0,164.0,164.0,164.0,164.0,164.0,164.0,164.0,164.0,164.0,164.0,164.0,164.0,165.0,165.0,165.0,165.0,156.0,156.0,156.0,156.0,156.0,156.0,156.0,156.0,155.0,155.0,,155.0,155.0,155.0,155.0,155.0,155.0,155.0,155.0,155.0,155.0,155.0,155.0,155.0,155.0,155.0,155.0,155.0,155.0,155.0,155.0,155.0,155.0,155.0,155.0,155.0,155.0,155.0,155.0,155.0,155.0,155.0,155.0,155.0,155.0,155.0,155.0,155.0,155.0,155.0,155.0,155.0,155.0,155.0,155.0,155.0,155.0,155.0,155.0,155.0,155.0,155.0,155.0,155.0,155.0,155.0,155.0,155.0,155.0,155.0,155.0,155.0,155.0,155.0,155.0,155.0,155.0,155.0,149.0,149.0,149.0,149.0,149.0,149.0,149.0,149.0,149.0,149.0,149.0,149.0,149.0,148.0,148.0,148.0,148.0,148.0,148.0,148.0,148.0,148.0,148.0,148.0,148.0,148.0,148.0,148.0,148.0,148.0,148.0,148.0,148.0,148.0,148.0,148.0,148.0,148.0,148.0,148.0,148.0,148.0,148.0,148.0,148.0,148.0,148.0,151.0,151.0,151.0,151.0,151.0,151.0,151.0,151.0,151.0,151.0,151.0,151.0,151.0,151.0,151.0,151.0,151.0,151.0,151.0,151.0,151.0,151.0,151.0,151.0,151.0,151.0,151.0,151.0,151.0,151.0,151.0,151.0,150.0,150.0,150.0,150.0,150.0,150.0,150.0,150
WZgam7x_ymU,,,,,,,,,,26.0,35.0,42.0,61.0,68.0,74.0,76.0,80.0,81.0,82.0,82.0,85.0,88.0,88.0,88.0,90.0,90.0,89.0,89.0,92.0,94.0,94.0,94.0,95.0,95.0,95.0,95.0,96.0,97.0,97.0,97.0,98.0,99.0,99.0,99.0,100.0,101.0,101.0,101.0,101.0,101.0,101.0,101.0,101.0,,101.0,100.0,99.0,99.0,99.0,99.0,99.0,99.0,100.0,100.0,100.0,100.0,100.0,100.0,100.0,100.0,100.0,100.0,100.0,100.0,100.0,100.0,100.0,100.0,100.0,100.0,100.0,100.0,100.0,100.0,100.0,100.0,101.0,101.0,99.0,99.0,99.0,99.0,100.0,100.0,101.0,101.0,101.0,101.0,101.0,101.0,101.0,101.0,101.0,102.0,102.0,102.0,102.0,103.0,103.0,103.0,103.0,103.0,103.0,103.0,103.0,103.0,103.0,103.0,103.0,103.0,103.0,103.0,104.0,104.0,104.0,104.0,104.0,105.0,105.0,105.0,106.0,106.0,106.0,106.0,106.0,106.0,105.0,105.0,105.0,105.0,105.0,105.0,105.0,105.0,105.0,105.0,105.0,105.0,105.0,105.0,105.0,105.0,105.0,105.0,105.0,105.0,105.0,105.0,105.0,105.0,105.0,105.0,105.0,105.0,105.0,105.0,105.0,105.0,105.0,105.0,105.0,105.0,105.0,106.0,106.0,106.0,106.0,106.0,106.0,106.0,106.0,108.0,108.0,109.0,109.0,109.0,109.0,109.0,109.0,109.0,109.0,109.0,109.0,109.0,109.0,109.0,109.0,109.0,109.0,109.0,109.0,109.0,109.0,109.0,109.0,109.0,109.0,109
i3hQxcVNXx0,,,,,,,,,,65.0,90.0,97.0,106.0,112.0,114.0,114.0,116.0,116.0,116.0,120.0,120.0,120.0,120.0,122.0,122.0,122.0,122.0,122.0,123.0,123.0,123.0,124.0,126.0,126.0,126.0,126.0,128.0,128.0,129.0,129.0,129.0,129.0,129.0,129.0,129.0,129.0,129.0,130.0,130.0,130.0,130.0,130.0,130.0,,130.0,130.0,130.0,130.0,130.0,130.0,130.0,130.0,130.0,130.0,130.0,130.0,130.0,130.0,130.0,130.0,130.0,130.0,130.0,130.0,131.0,131.0,131.0,131.0,131.0,131.0,131.0,131.0,131.0,131.0,131.0,131.0,131.0,131.0,131.0,131.0,131.0,131.0,131.0,131.0,131.0,131.0,131.0,131.0,131.0,131.0,131.0,131.0,131.0,132.0,132.0,132.0,132.0,132.0,132.0,132.0,132.0,132.0,132.0,132.0,132.0,132.0,132.0,132.0,132.0,132.0,132.0,132.0,132.0,132.0,132.0,132.0,132.0,132.0,132.0,132.0,132.0,132.0,132.0,132.0,132.0,132.0,132.0,132.0,132.0,132.0,132.0,132.0,132.0,132.0,133.0,133.0,133.0,133.0,133.0,133.0,133.0,133.0,133.0,133.0,133.0,133.0,133.0,133.0,133.0,133.0,133.0,133.0,133.0,133.0,133.0,133.0,133.0,133.0,133.0,133.0,133.0,133.0,133.0,133.0,133.0,133.0,133.0,133.0,133.0,133.0,133.0,133.0,133.0,133.0,133.0,133.0,133.0,133.0,133.0,133.0,133.0,134.0,134.0,134.0,134.0,134.0,134.0,134.0,134.0,134.0,134.0,134.0,134.0,134.0,134.0,134.0,134.0,134
JGvx-7IkUCA,,,,,,,,,,0.0,0.0,0.0,0.0,0.0,0.0,0.0,0.0,0.0,0.0,0.0,0.0,0.0,0.0,0.0,0.0,0.0,0.0,0.0,0.0,0.0,0.0,0.0,0.0,0.0,0.0,0.0,0.0,0.0,0.0,0.0,0.0,0.0,0.0,0.0,0.0,0.0,0.0,0.0,0.0,0.0,0.0,0.0,0.0,,0.0,0.0,0.0,0.0,0.0,0.0,0.0,0.0,0.0,0.0,0.0,0.0,0.0,0.0,0.0,0.0,0.0,0.0,0.0,0.0,0.0,0.0,0.0,0.0,0.0,0.0,0.0,0.0,0.0,0.0,0.0,0.0,0.0,0.0,0.0,0.0,0.0,0.0,0.0,0.0,0.0,0.0,0.0,0.0,0.0,0.0,0.0,0.0,0.0,0.0,0.0,0.0,0.0,0.0,0.0,0.0,0.0,0.0,0.0,0.0,0.0,0.0,0.0,0.0,0.0,0.0,0.0,0.0,0.0,0.0,0.0,0.0,0.0,0.0,0.0,0.0,0.0,0.0,0.0,0.0,0.0,0.0,0.0,0.0,0.0,0.0,0.0,0.0,0.0,0.0,0.0,0.0,0.0,0.0,0.0,0.0,0.0,0.0,0.0,0.0,0.0,0.0,0.0,0.0,0.0,0.0,0.0,0.0,0.0,0.0,0.0,0.0,0.0,0.0,0.0,0.0,0.0,0.0,0.0,0.0,0.0,0.0,0.0,0.0,0.0,0.0,0.0,0.0,0.0,0.0,0.0,0.0,0.0,0.0,0.0,0.0,0.0,0.0,0.0,0.0,0.0,0.0,0.0,0.0,0.0,0.0,0.0,0.0,0.0,0.0,0.0,0.0,0.0,0
2gbVYUcPRwY,,,,,,,,,,0.0,0.0,0.0,0.0,0.0,0.0,0.0,0.0,0.0,0.0,0.0,0.0,0.0,0.0,0.0,0.0,0.0,0.0,0.0,0.0,0.0,0.0,0.0,0.0,0.0,0.0,0.0,0.0,0.0,0.0,0.0,0.0,0.0,0.0,0.0,0.0,0.0,0.0,0.0,0.0,0.0,0.0,0.0,0.0,,0.0,0.0,0.0,0.0,0.0,0.0,0.0,0.0,0.0,0.0,0.0,0.0,0.0,0.0,0.0,0.0,0.0,0.0,0.0,0.0,0.0,0.0,0.0,0.0,0.0,0.0,0.0,0.0,0.0,0.0,0.0,0.0,0.0,0.0,0.0,0.0,0.0,0.0,0.0,0.0,0.0,0.0,0.0,0.0,0.0,0.0,0.0,0.0,0.0,0.0,0.0,0.0,0.0,0.0,0.0,0.0,0.0,0.0,0.0,0.0,0.0,0.0,0.0,0.0,0.0,0.0,0.0,0.0,0.0,0.0,0.0,0.0,0.0,0.0,0.0,0.0,0.0,0.0,0.0,0.0,0.0,0.0,0.0,0.0,0.0,0.0,0.0,0.0,0.0,0.0,0.0,0.0,0.0,0.0,0.0,0.0,0.0,0.0,0.0,0.0,0.0,0.0,0.0,0.0,0.0,0.0,0.0,0.0,0.0,0.0,0.0,0.0,0.0,0.0,0.0,0.0,0.0,0.0,0.0,0.0,0.0,0.0,0.0,0.0,0.0,0.0,0.0,0.0,0.0,0.0,0.0,0.0,0.0,0.0,0.0,0.0,0.0,0.0,0.0,0.0,0.0,0.0,0.0,0.0,0.0,0.0,0.0,0.0,0.0,0.0,0.0,0.0,0.0,0
v94Q1nzU4Vc,,,,,,,,,,,24.0,24.0,25.0,25.0,25.0,25.0,26.0,26.0,26.0,27.0,28.0,28.0,27.0,27.0,27.0,28.0,28.0,28.0,28.0,28.0,29.0,29.0,30.0,30.0,30.0,30.0,30.0,30.0,30.0,30.0,30.0,33.0,33.0,33.0,33.0,33.0,33.0,33.0,33.0,33.0,33.0,33.0,33.0,,33.0,33.0,34.0,34.0,34.0,34.0,34.0,35.0,35.0,35.0,35.0,35.0,35.0,35.0,35.0,35.0,35.0,35.0,35.0,35.0,35.0,35.0,35.0,35.0,35.0,35.0,35.0,35.0,35.0,35.0,36.0,36.0,36.0,36.0,36.0,36.0,36.0,36.0,37.0,37.0,37.0,37.0,37.0,37.0,37.0,37.0,37.0,38.0,38.0,38.0,38.0,38.0,38.0,38.0,38.0,38.0,38.0,39.0,39.0,39.0,39.0,39.0,39.0,39.0,39.0,39.0,39.0,39.0,39.0,39.0,39.0,39.0,39.0,39.0,39.0,39.0,39.0,39.0,39.0,39.0,39.0,39.0,39.0,39.0,39.0,39.0,39.0,39.0,39.0,39.0,39.0,39.0,39.0,39.0,39.0,39.0,39.0,39.0,39.0,39.0,39.0,39.0,39.0,39.0,39.0,39.0,39.0,39.0,39.0,39.0,39.0,39.0,39.0,39.0,39.0,39.0,39.0,39.0,39.0,39.0,39.0,39.0,39.0,39.0,39.0,39.0,39.0,39.0,39.0,39.0,39.0,39.0,39.0,39.0,39.0,39.0,39.0,39.0,39.0,39.0,39.0,39.0,39.0,39.0,39.0,39.0,39.0,39.0,39.0,39.0,39.0,39.0,39.0,39
kacuL0bgsdI,,,,,,,,,,,,4599.0,4730.0,4840.0,4934.0,4988.0,5034.0,5076.0,5109.0,5142.0,5178.0,5207.0,5238.0,5274.0,5294.0,5308.0,5318.0,5332.0,5358.0,5383.0,5406.0,5420.0,5429.0,5442.0,5457.0,5466.0,5471.0,5473.0,5502.0,5515.0,5525.0,5530.0,5535.0,5542.0,5547.0,5551.0,5557.0,5561.0,5568.0,5571.0,5572.0,5574.0,5576.0,,5579.0,5579.0,5581.0,5586.0,5587.0,5589.0,5591.0,5593.0,5593.0,5594.0,5595.0,5596.0,5600.0,5600.0,5602.0,5604.0,5606.0,5608.0,5610.0,5611.0,5615.0,5617.0,5617.0,5619.0,5619.0,5620.0,5620.0,5622.0,5625.0,5625.0,5626.0,5627.0,5628.0,5630.0,5665.0,5696.0,5700.0,5702.0,5693.0,5696.0,5701.0,5706.0,5709.0,5710.0,5712.0,5713.0,5714.0,5714.0,5715.0,5718.0,5718.0,5718.0,5718.0,5719.0,5720.0,5720.0,5720.0,5720.0,5721.0,5721.0,5722.0,5722.0,5722.0,5722.0,5722.0,5723.0,5723.0,5725.0,5726.0,5726.0,5727.0,5727.0,5727.0,5729.0,5730.0,5729.0,5729.0,5729.0,5729.0,5729.0,5729.0,5729.0,5730.0,5730.0,5730.0,5730.0,5730.0,5729.0,5729.0,5729.0,5729.0,5726.0,5726.0,5727.0,5728.0,5728.0,5728.0,5728.0,5728.0,5729.0,5729.0,5729.0,5730.0,5730.0,5731.0,5731.0,5731.0,5732.0,5732.0,5732.0,5732.0,5733.0,5733.0,5733.0,5734.0,5734.0,5734.0,5734.0,5734.0,5734.0,5736.0,5736.0,5736.0,5736.0,5736.0,5736.0,5728.0,5724.0,5724.0,5725.0,5726.0,5726.0,5725.0,5726.0,5726.0,5726.0,5725.0,5725.0,5725.0,5725.0,5725.0,5725.0,5726.0,5726.0,5727.0,5727.0,5721.0,5721.0,5722.0,5722.0,5722.0,5723.0,5723.0,5724
BTlj6Sls7KE,,,,,,,,,,,,803.0,2139.0,2726.0,2999.0,3244.0,3470.0,3662.0,3820.0,3916.0,3985.0,4054.0,4099.0,4137.0,4175.0,4252.0,4314.0,4363.0,4398.0,4431.0,4471.0,4495.0,4526.0,4540.0,4543.0,4541.0,4575.0,4595.0,4632.0,4656.0,4670.0,4692.0,4705.0,4717.0,4712.0,4726.0,4731.0,4743.0,4753.0,4765.0,4767.0,4781.0,4797.0,,4822.0,4831.0,4800.0,4810.0,4815.0,4826.0,4833.0,4850.0,4865.0,4882.0,4901.0,4916.0,4935.0,4941.0,4951.0,4958.0,4968.0,4977.0,4987.0,4996.0,5006.0,5010.0,5013.0,5021.0,5032.0,5038.0,5042.0,5044.0,5049.0,5052.0,5061.0,5063.0,5069.0,5081.0,5086.0,5095.0,5095.0,5109.0,5126.0,5143.0,5160.0,5173.0,5180.0,5186.0,5188.0,5198.0,5206.0,5210.0,5220.0,5223.0,5230.0,5238.0,5249.0,5263.0,5272.0,5279.0,5288.0,5294.0,5304.0,5313.0,5322.0,5330.0,5343.0,5350.0,5338.0,5341.0,5350.0,5350.0,5365.0,5376.0,5387.0,5395.0,5407.0,5421.0,5427.0,5433.0,5443.0,5447.0,5454.0,5455.0,5447.0,5454.0,5460.0,5464.0,5470.0,5480.0,5486.0,5493.0,5505.0,5515.0,5521.0,5522.0,5526.0,5493.0,5506.0,5514.0,5520.0,5521.0,5523.0,5528.0,5528.0,5542.0,5547.0,5554.0,5559.0,5564.0,5569.0,5573.0,5575.0,5578.0,5585.0,5588.0,5595.0,5601.0,5603.0,5606.0,5608.0,5605.0,5604.0,5612.0,5616.0,5617.0,5618.0,5621.0,5622.0,5635.0,5647.0,5655.0,5661.0,5662.0,5664.0,5669.0,5676.0,5677.0,5683.0,5683.0,5687.0,5688.0,5690.0,5694.0,5700.0,5703.0,5706.0,5710.0,5708.0,5712.0,5717.0,5721.0,5726.0,5730.0,5731.0,5735.0,5739.0,5745
ER4YaTP2Sc8,,,,,,,,,,,,181.0,182.0,183.0,184.0,184.0,187.0,187.0,191.0,195.0,197.0,199.0,203.0,205.0,207.0,207.0,209.0,210.0,211.0,211.0,213.0,214.0,216.0,217.0,223.0,224.0,226.0,228.0,229.0,229.0,229.0,229.0,229.0,229.0,229.0,229.0,229.0,229.0,229.0,230.0,230.0,239.0,241.0,,242.0,243.0,243.0,245.0,245.0,245.0,247.0,247.0,248.0,248.0,248.0,249.0,249.0,249.0,250.0,250.0,250.0,250.0,250.0,250.0,250.0,250.0,251.0,251.0,251.0,251.0,251.0,251.0,251.0,252.0,252.0,252.0,252.0,252.0,253.0,253.0,253.0,253.0,253.0,253.0,253.0,254.0,254.0,255.0,256.0,256.0,256.0,256.0,256.0,256.0,256.0,256.0,256.0,257.0,257.0,257.0,257.0,257.0,257.0,257.0,257.0,257.0,257.0,257.0,257.0,257.0,257.0,257.0,257.0,257.0,257.0,257.0,257.0,257.0,257.0,257.0,257.0,257.0,258.0,258.0,258.0,258.0,258.0,258.0,258.0,258.0,258.0,258.0,258.0,258.0,258.0,258.0,258.0,258.0,258.0,258.0,258.0,258.0,258.0,258.0,258.0,258.0,258.0,258.0,258.0,258.0,258.0,258.0,258.0,258.0,258.0,258.0,258.0,258.0,259.0,259.0,259.0,259.0,259.0,259.0,259.0,259.0,259.0,259.0,259.0,259.0,259.0,259.0,259.0,259.0,259.0,259.0,259.0,259.0,259.0,259.0,259.0,259.0,259.0,259.0,259.0,259.0,259.0,259.0,259.0,259.0,259.0,259.0,259.0,259.0,259.0,259.0,259.0,259
uGTz6iCDvIw,,,,,,,,,,,,1806.0,1874.0,1893.0,1904.0,1912.0,1917.0,1923.0,1932.0,1939.0,1941.0,1944.0,1948.0,1949.0,1956.0,1963.0,1965.0,1969.0,1969.0,1970.0,1972.0,1973.0,1973.0,1974.0,1976.0,1978.0,1978.0,1978.0,1978.0,1978.0,1978.0,1978.0,1979.0,1979.0,1979.0,1975.0,1975.0,1975.0,1975.0,1975.0,1970.0,1969.0,1966.0,,1966.0,1966.0,1966.0,1966.0,1965.0,1965.0,1965.0,1965.0,1965.0,1965.0,1965.0,1965.0,1965.0,1965.0,1965.0,1965.0,1965.0,1965.0,1965.0,1965.0,1965.0,1965.0,1965.0,1965.0,1965.0,1965.0,1965.0,1965.0,1965.0,1965.0,1965.0,1965.0,1965.0,1965.0,1965.0,1965.0,1965.0,1965.0,1965.0,1965.0,1965.0,1965.0,1965.0,1964.0,1964.0,1964.0,1964.0,1964.0,1964.0,1964.0,1964.0,1964.0,1964.0,1964.0,1964.0,1963.0,1963.0,1964.0,1964.0,1964.0,1964.0,1965.0,1965.0,1965.0,1965.0,1965.0,1965.0,1962.0,1961.0,1961.0,1961.0,1961.0,1961.0,1961.0,1961.0,1961.0,1961.0,1961.0,1961.0,1958.0,1958.0,1958.0,1958.0,1958.0,1958.0,1958.0,1959.0,1959.0,1959.0,1959.0,1959.0,1959.0,1959.0,1959.0,1958.0,1956.0,1957.0,1958.0,1958.0,1958.0,1958.0,1958.0,1958.0,1958.0,1958.0,1958.0,1959.0,1959.0,1960.0,1959.0,1959.0,1959.0,1959.0,1959.0,1959.0,1959.0,1959.0,1959.0,1959.0,1959.0,1958.0,1958.0,1958.0,1958.0,1958.0,1958.0,1958.0,1958.0,1956.0,1956.0,1956.0,1956.0,1956.0,1956.0,1956.0,1956.0,1955.0,1955.0,1955.0,1956.0,1956.0,1956.0,1956.0,1956.0,1956.0,1955.0,1954.0,1954.0,1955.0,1955.0,1955.0,1955.0,1955.0,1953
EKrsvC7XxhE,,,,,,,,,,,,466.0,634.0,706.0,735.0,754.0,767.0,774.0,780.0,782.0,784.0,784.0,784.0,786.0,787.0,791.0,791.0,791.0,787.0,787.0,787.0,787.0,788.0,786.0,787.0,787.0,787.0,791.0,792.0,792.0,791.0,792.0,792.0,792.0,793.0,793.0,794.0,796.0,798.0,800.0,800.0,801.0,801.0,,802.0,803.0,802.0,803.0,804.0,804.0,805.0,803.0,803.0,805.0,808.0,810.0,810.0,810.0,812.0,815.0,816.0,816.0,816.0,819.0,817.0,818.0,818.0,819.0,819.0,819.0,819.0,820.0,820.0,822.0,822.0,822.0,823.0,823.0,823.0,823.0,823.0,824.0,824.0,824.0,824.0,824.0,824.0,824.0,824.0,824.0,824.0,824.0,822.0,822.0,822.0,822.0,822.0,822.0,822.0,822.0,822.0,822.0,822.0,823.0,822.0,822.0,823.0,823.0,823.0,823.0,824.0,824.0,824.0,824.0,824.0,824.0,824.0,824.0,824.0,824.0,824.0,824.0,824.0,822.0,823.0,823.0,823.0,824.0,824.0,824.0,824.0,824.0,824.0,824.0,824.0,824.0,824.0,824.0,824.0,820.0,820.0,820.0,821.0,821.0,821.0,822.0,823.0,823.0,823.0,823.0,823.0,823.0,823.0,823.0,823.0,823.0,823.0,823.0,823.0,823.0,823.0,823.0,823.0,823.0,823.0,820.0,820.0,822.0,822.0,822.0,822.0,822.0,822.0,822.0,823.0,823.0,823.0,823.0,823.0,823.0,823.0,823.0,823.0,823.0,823.0,823.0,823.0,823.0,823.0,823.0,823.0,823.0,822.0,824.0,824.0,824.0,824.0,824
HHkj1M34QNg,,,,,,,,,,,,144.0,149.0,152.0,158.0,162.0,165.0,166.0,167.0,169.0,172.0,172.0,176.0,176.0,176.0,176.0,176.0,176.0,176.0,177.0,178.0,179.0,179.0,178.0,178.0,178.0,178.0,178.0,178.0,178.0,178.0,178.0,178.0,178.0,178.0,178.0,178.0,178.0,178.0,178.0,178.0,178.0,178.0,,177.0,178.0,179.0,179.0,179.0,179.0,179.0,179.0,179.0,179.0,179.0,179.0,179.0,179.0,179.0,179.0,179.0,179.0,179.0,179.0,179.0,179.0,179.0,179.0,179.0,179.0,179.0,179.0,179.0,178.0,177.0,177.0,177.0,177.0,177.0,178.0,178.0,178.0,178.0,178.0,178.0,178.0,180.0,180.0,180.0,180.0,180.0,180.0,180.0,180.0,180.0,180.0,180.0,180.0,180.0,180.0,180.0,180.0,180.0,180.0,180.0,180.0,180.0,180.0,180.0,180.0,180.0,180.0,180.0,179.0,179.0,179.0,179.0,179.0,179.0,179.0,179.0,179.0,179.0,179.0,179.0,179.0,179.0,179.0,179.0,179.0,179.0,179.0,179.0,179.0,179.0,178.0,178.0,179.0,179.0,179.0,179.0,179.0,179.0,179.0,179.0,179.0,179.0,179.0,179.0,179.0,179.0,179.0,179.0,179.0,179.0,179.0,179.0,179.0,179.0,179.0,179.0,179.0,179.0,179.0,179.0,178.0,178.0,178.0,177.0,177.0,177.0,177.0,177.0,177.0,177.0,177.0,177.0,177.0,177.0,177.0,177.0,177.0,177.0,177.0,177.0,177.0,177.0,176.0,176.0,176.0,177.0,177.0,177.0,177.0,177.0,177.0,177.0,177
ZkA18GPAylY,,,,,,,,,,,,,71.0,76.0,77.0,78.0,78.0,78.0,78.0,78.0,78.0,79.0,79.0,79.0,79.0,79.0,79.0,79.0,79.0,79.0,79.0,79.0,79.0,79.0,79.0,79.0,79.0,79.0,79.0,79.0,79.0,79.0,79.0,79.0,79.0,79.0,79.0,79.0,79.0,79.0,79.0,79.0,79.0,,79.0,79.0,79.0,79.0,79.0,79.0,79.0,79.0,79.0,79.0,79.0,79.0,79.0,79.0,79.0,79.0,79.0,79.0,79.0,79.0,79.0,79.0,79.0,79.0,79.0,79.0,79.0,79.0,79.0,79.0,79.0,79.0,79.0,79.0,79.0,79.0,79.0,79.0,79.0,79.0,79.0,79.0,79.0,79.0,79.0,79.0,79.0,79.0,79.0,79.0,79.0,79.0,79.0,79.0,79.0,79.0,79.0,79.0,79.0,79.0,79.0,79.0,79.0,79.0,79.0,79.0,79.0,79.0,79.0,79.0,79.0,79.0,79.0,79.0,79.0,79.0,79.0,79.0,79.0,79.0,79.0,79.0,79.0,79.0,79.0,79.0,79.0,79.0,79.0,79.0,79.0,79.0,78.0,78.0,78.0,78.0,78.0,78.0,78.0,78.0,78.0,78.0,78.0,78.0,78.0,78.0,78.0,78.0,78.0,78.0,78.0,78.0,78.0,78.0,78.0,78.0,78.0,78.0,78.0,78.0,78.0,78.0,78.0,78.0,78.0,78.0,78.0,78.0,78.0,78.0,78.0,78.0,78.0,78.0,78.0,78.0,78.0,78.0,78.0,78.0,78.0,78.0,78.0,78.0,78.0,78.0,78.0,78.0,78.0,78.0,78.0,78.0,78.0,78
cAIfrwyYmVo,,,,,,,,,,,,,21.0,28.0,31.0,32.0,33.0,34.0,34.0,36.0,37.0,40.0,40.0,40.0,40.0,41.0,43.0,43.0,44.0,44.0,45.0,45.0,45.0,46.0,47.0,47.0,47.0,47.0,47.0,47.0,47.0,48.0,48.0,48.0,49.0,47.0,47.0,47.0,47.0,47.0,47.0,47.0,47.0,,48.0,48.0,48.0,48.0,48.0,48.0,48.0,48.0,48.0,48.0,48.0,48.0,48.0,48.0,49.0,49.0,49.0,49.0,49.0,49.0,49.0,49.0,49.0,49.0,49.0,49.0,49.0,49.0,49.0,51.0,51.0,51.0,51.0,51.0,51.0,51.0,51.0,51.0,51.0,51.0,52.0,52.0,52.0,52.0,52.0,52.0,52.0,52.0,52.0,52.0,52.0,52.0,52.0,52.0,52.0,52.0,52.0,52.0,52.0,52.0,52.0,52.0,52.0,52.0,52.0,52.0,52.0,52.0,52.0,52.0,53.0,53.0,53.0,53.0,53.0,53.0,53.0,53.0,53.0,53.0,52.0,52.0,53.0,53.0,53.0,53.0,53.0,53.0,54.0,54.0,54.0,54.0,54.0,54.0,54.0,54.0,54.0,54.0,54.0,53.0,53.0,53.0,53.0,53.0,53.0,53.0,54.0,54.0,54.0,54.0,54.0,54.0,54.0,54.0,54.0,54.0,54.0,54.0,54.0,54.0,54.0,54.0,54.0,54.0,54.0,54.0,54.0,54.0,54.0,54.0,54.0,54.0,54.0,54.0,54.0,54.0,54.0,54.0,54.0,54.0,54.0,54.0,54.0,54.0,54.0,54.0,54.0,54.0,54.0,54.0,54.0,54.0,54.0,54
_laRJSDsyHM,,,,,,,,,,,,,94.0,97.0,101.0,103.0,104.0,104.0,104.0,104.0,104.0,106.0,106.0,106.0,106.0,106.0,106.0,106.0,106.0,106.0,106.0,106.0,106.0,106.0,106.0,106.0,106.0,106.0,106.0,106.0,106.0,106.0,106.0,106.0,106.0,106.0,106.0,106.0,106.0,106.0,106.0,106.0,106.0,,106.0,106.0,106.0,106.0,106.0,106.0,106.0,106.0,106.0,106.0,106.0,106.0,106.0,106.0,106.0,106.0,106.0,106.0,106.0,106.0,106.0,106.0,106.0,106.0,106.0,106.0,106.0,106.0,106.0,106.0,106.0,106.0,106.0,106.0,106.0,106.0,106.0,106.0,105.0,105.0,106.0,106.0,106.0,106.0,106.0,106.0,106.0,106.0,106.0,106.0,106.0,106.0,106.0,106.0,106.0,106.0,106.0,106.0,106.0,106.0,106.0,106.0,106.0,106.0,106.0,106.0,106.0,106.0,106.0,106.0,106.0,106.0,106.0,106.0,106.0,106.0,106.0,106.0,106.0,106.0,106.0,106.0,106.0,106.0,106.0,106.0,106.0,106.0,106.0,106.0,106.0,106.0,106.0,106.0,106.0,106.0,106.0,106.0,106.0,106.0,106.0,106.0,106.0,106.0,106.0,106.0,106.0,106.0,106.0,106.0,106.0,106.0,106.0,106.0,106.0,106.0,106.0,106.0,106.0,106.0,106.0,106.0,106.0,106.0,106.0,106.0,106.0,106.0,106.0,106.0,106.0,106.0,106.0,106.0,106.0,106.0,106.0,106.0,106.0,106.0,106.0,106.0,106.0,106.0,106.0,106.0,106.0,106.0,106.0,106.0,106.0,106.0,106.0,106
7KqkSpD4AxI,,,,,,,,,,,,,,0.0,0.0,0.0,0.0,0.0,0.0,0.0,0.0,0.0,0.0,0.0,0.0,0.0,0.0,0.0,0.0,0.0,0.0,0.0,0.0,0.0,0.0,0.0,0.0,0.0,0.0,0.0,0.0,0.0,0.0,0.0,0.0,0.0,0.0,0.0,0.0,1.0,3.0,3.0,3.0,,3.0,3.0,3.0,3.0,3.0,3.0,3.0,3.0,3.0,3.0,3.0,3.0,3.0,3.0,3.0,3.0,3.0,3.0,3.0,3.0,3.0,3.0,3.0,3.0,3.0,3.0,3.0,3.0,3.0,3.0,3.0,3.0,3.0,3.0,3.0,3.0,3.0,3.0,3.0,3.0,3.0,3.0,3.0,3.0,3.0,3.0,3.0,3.0,3.0,3.0,3.0,3.0,3.0,3.0,3.0,3.0,3.0,3.0,3.0,3.0,3.0,3.0,3.0,3.0,3.0,3.0,3.0,3.0,3.0,3.0,3.0,3.0,3.0,3.0,3.0,4.0,4.0,4.0,4.0,4.0,4.0,4.0,4.0,4.0,4.0,4.0,4.0,4.0,4.0,4.0,4.0,4.0,4.0,4.0,4.0,4.0,4.0,4.0,4.0,4.0,4.0,4.0,4.0,4.0,4.0,4.0,4.0,4.0,4.0,4.0,4.0,4.0,4.0,4.0,4.0,4.0,4.0,4.0,4.0,4.0,4.0,4.0,4.0,4.0,4.0,4.0,4.0,4.0,4.0,4.0,4.0,4.0,4.0,4.0,4.0,4.0,4.0,4.0,4.0,4.0,4.0,4.0,4.0,4.0,4.0,4.0,4.0,4.0,4.0,4.0,4.0,4.0,4.0,4
hQ4-H-nNNz4,,,,,,,,,,,,,,530.0,1152.0,1292.0,1362.0,1433.0,1468.0,1504.0,1532.0,1637.0,1721.0,1819.0,1883.0,1934.0,1982.0,2023.0,2057.0,2109.0,2148.0,2188.0,2226.0,2252.0,2291.0,2326.0,2354.0,2374.0,2393.0,2402.0,2417.0,2432.0,2444.0,2458.0,2482.0,2488.0,2500.0,2512.0,2521.0,2529.0,2553.0,2563.0,2568.0,,2593.0,2603.0,2616.0,2630.0,2642.0,2658.0,2669.0,2680.0,2697.0,2707.0,2715.0,2723.0,2725.0,2738.0,2740.0,2749.0,2751.0,2762.0,2772.0,2783.0,2804.0,2810.0,2813.0,2820.0,2823.0,2832.0,2833.0,2838.0,2841.0,2851.0,2861.0,2865.0,2869.0,2874.0,2878.0,2883.0,2889.0,2902.0,2907.0,2913.0,2915.0,2919.0,2921.0,2926.0,2931.0,2933.0,2941.0,2947.0,2953.0,2955.0,2958.0,2958.0,2964.0,2967.0,2968.0,2974.0,2961.0,2964.0,2965.0,2967.0,2970.0,2971.0,2973.0,2974.0,2976.0,2978.0,2979.0,2978.0,2980.0,2986.0,2986.0,2987.0,2991.0,2991.0,2994.0,2995.0,2997.0,3001.0,3005.0,3006.0,3010.0,3012.0,3013.0,3012.0,3014.0,3016.0,3018.0,3020.0,3020.0,3020.0,3021.0,3021.0,3025.0,3027.0,3030.0,3030.0,3031.0,3032.0,3033.0,3036.0,3038.0,3039.0,3039.0,3041.0,3044.0,3043.0,3047.0,3049.0,3050.0,3050.0,3050.0,3050.0,3051.0,3050.0,3050.0,3050.0,3051.0,3054.0,3053.0,3054.0,3055.0,3056.0,3055.0,3055.0,3058.0,3061.0,3061.0,3063.0,3062.0,3063.0,3064.0,3069.0,3069.0,3069.0,3069.0,3071.0,3073.0,3076.0,3077.0,3080.0,3084.0,3085.0,3087.0,3087.0,3089.0,3087.0,3092.0,3093.0,3093.0,3093.0,3095.0,3096.0,3096.0,3099
KRAFmgTECWw,,,,,,,,,,,,,,,203.0,434.0,544.0,636.0,685.0,721.0,743.0,754.0,766.0,768.0,773.0,783.0,808.0,841.0,865.0,870.0,873.0,875.0,884.0,885.0,891.0,893.0,896.0,897.0,897.0,903.0,907.0,907.0,907.0,907.0,908.0,911.0,911.0,912.0,912.0,913.0,913.0,914.0,916.0,,921.0,922.0,922.0,923.0,925.0,926.0,927.0,928.0,929.0,929.0,930.0,930.0,930.0,931.0,932.0,932.0,932.0,933.0,934.0,933.0,933.0,933.0,933.0,933.0,934.0,935.0,935.0,936.0,939.0,939.0,939.0,939.0,939.0,940.0,940.0,940.0,939.0,939.0,939.0,939.0,939.0,939.0,939.0,939.0,939.0,939.0,939.0,939.0,940.0,940.0,942.0,942.0,942.0,942.0,942.0,943.0,944.0,944.0,945.0,945.0,945.0,945.0,945.0,945.0,945.0,945.0,945.0,945.0,945.0,945.0,945.0,945.0,945.0,945.0,945.0,945.0,945.0,945.0,945.0,945.0,945.0,945.0,945.0,945.0,950.0,950.0,950.0,951.0,950.0,950.0,951.0,951.0,951.0,951.0,952.0,952.0,952.0,952.0,952.0,952.0,954.0,954.0,954.0,954.0,954.0,955.0,955.0,955.0,955.0,955.0,955.0,955.0,955.0,953.0,954.0,954.0,954.0,954.0,954.0,955.0,955.0,955.0,956.0,956.0,956.0,956.0,956.0,956.0,956.0,956.0,956.0,956.0,956.0,956.0,956.0,957.0,958.0,957.0,957.0,957.0,957.0,957.0,957.0,957.0,957.0,957.0,957.0,957.0,957.0,957.0,957.0,957.0,957.0,957
6gi87AUDs0M,,,,,,,,,,,,,,,16287.0,17150.0,17505.0,17799.0,17987.0,18120.0,18244.0,18359.0,18459.0,18607.0,18697.0,18781.0,18845.0,18933.0,18987.0,19072.0,19177.0,19217.0,19246.0,19258.0,19284.0,19317.0,19356.0,19400.0,19454.0,19518.0,19549.0,19603.0,19650.0,19671.0,19652.0,19673.0,19684.0,19714.0,19742.0,19760.0,19858.0,19975.0,20028.0,,20152.0,20170.0,20186.0,20269.0,20277.0,20286.0,20289.0,20288.0,20292.0,20291.0,20288.0,20283.0,20282.0,20283.0,20279.0,20281.0,20276.0,20279.0,20267.0,20254.0,20252.0,20256.0,20255.0,20251.0,20251.0,20251.0,20244.0,20241.0,20239.0,20239.0,20238.0,20236.0,20232.0,20232.0,20232.0,20227.0,20225.0,20211.0,20206.0,20199.0,20198.0,20193.0,20187.0,20181.0,20174.0,20173.0,20170.0,20170.0,20169.0,20168.0,20161.0,20156.0,20154.0,20155.0,20154.0,20156.0,20156.0,20151.0,20147.0,20146.0,20145.0,20142.0,20139.0,20134.0,20133.0,20127.0,20119.0,20066.0,20067.0,20066.0,20061.0,20060.0,20058.0,20056.0,20032.0,20029.0,20027.0,20024.0,20021.0,20022.0,20032.0,20028.0,20026.0,20023.0,20022.0,20022.0,20022.0,20020.0,20014.0,20016.0,20013.0,20009.0,20004.0,20002.0,20004.0,20003.0,19999.0,20000.0,19994.0,19993.0,19986.0,19985.0,19983.0,19982.0,19980.0,19979.0,19980.0,19977.0,19978.0,19979.0,19979.0,19980.0,19976.0,19971.0,19966.0,19966.0,19963.0,19961.0,19960.0,19960.0,19959.0,19951.0,19944.0,19946.0,19941.0,19940.0,19937.0,19930.0,19928.0,19926.0,19924.0,19923.0,19920.0,19923.0,19922.0,19922.0,19927.0,19927.0,19926.0,19923.0,19922.0,19915.0,19913.0,19909.0,19907.0,19907.0,19907.0,19900.0,19900.0,19900.0,19898.0,19899.0,19900.0,19898
97qr0BOdHkc,,,,,,,,,,,,,,,,103.0,130.0,151.0,170.0,186.0,194.0,201.0,206.0,210.0,210.0,218.0,220.0,221.0,221.0,221.0,226.0,229.0,230.0,238.0,244.0,246.0,248.0,249.0,251.0,252.0,254.0,254.0,254.0,253.0,252.0,251.0,251.0,251.0,251.0,252.0,252.0,252.0,253.0,,254.0,255.0,256.0,257.0,258.0,258.0,258.0,259.0,259.0,259.0,260.0,261.0,261.0,261.0,261.0,262.0,264.0,266.0,266.0,266.0,269.0,269.0,269.0,270.0,270.0,270.0,270.0,270.0,270.0,270.0,269.0,269.0,269.0,269.0,269.0,269.0,269.0,269.0,269.0,271.0,271.0,271.0,272.0,272.0,271.0,271.0,273.0,274.0,274.0,275.0,276.0,276.0,276.0,277.0,277.0,277.0,277.0,277.0,278.0,278.0,278.0,278.0,278.0,278.0,278.0,278.0,277.0,278.0,278.0,278.0,278.0,278.0,278.0,278.0,277.0,278.0,278.0,278.0,278.0,278.0,278.0,278.0,278.0,278.0,278.0,278.0,278.0,278.0,279.0,279.0,279.0,279.0,279.0,279.0,279.0,280.0,280.0,280.0,280.0,280.0,280.0,280.0,280.0,281.0,281.0,281.0,281.0,281.0,281.0,281.0,281.0,281.0,281.0,281.0,281.0,282.0,282.0,282.0,282.0,282.0,282.0,282.0,282.0,282.0,282.0,282.0,282.0,283.0,284.0,284.0,284.0,284.0,284.0,283.0,283.0,283.0,283.0,283.0,283.0,283.0,283.0,283.0,283.0,283.0,283.0,283.0,283.0,283.0,283.0,284.0,284.0,284.0,284.0,284
6AvlefX35o8,,,,,,,,,,,,,,,,778.0,1118.0,1350.0,1487.0,1673.0,1786.0,1856.0,1901.0,1972.0,2017.0,2077.0,2166.0,2254.0,2298.0,2326.0,2386.0,2413.0,2456.0,2484.0,2518.0,2537.0,2572.0,2606.0,2621.0,2640.0,2667.0,2682.0,2705.0,2715.0,2728.0,2733.0,2739.0,2742.0,2751.0,2760.0,2768.0,2773.0,2784.0,,2808.0,2818.0,2826.0,2831.0,2843.0,2845.0,2851.0,2855.0,2861.0,2872.0,2879.0,2879.0,2886.0,2887.0,2893.0,2897.0,2893.0,2894.0,2897.0,2896.0,2903.0,2910.0,2916.0,2917.0,2924.0,2928.0,2934.0,2937.0,2942.0,2947.0,2953.0,2957.0,2959.0,2962.0,2970.0,2976.0,2982.0,2985.0,2990.0,2995.0,2998.0,2999.0,2999.0,3003.0,3004.0,3010.0,3009.0,3010.0,3014.0,3019.0,3023.0,3027.0,3028.0,3029.0,3032.0,3040.0,3043.0,3047.0,3050.0,3053.0,3056.0,3057.0,3061.0,3067.0,3070.0,3070.0,3073.0,3073.0,3076.0,3077.0,3079.0,3082.0,3085.0,3087.0,3088.0,3090.0,3093.0,3097.0,3100.0,3100.0,3106.0,3109.0,3112.0,3117.0,3121.0,3126.0,3127.0,3128.0,3132.0,3135.0,3139.0,3141.0,3145.0,3147.0,3149.0,3149.0,3150.0,3152.0,3155.0,3158.0,3162.0,3165.0,3166.0,3169.0,3176.0,3178.0,3181.0,3183.0,3187.0,3188.0,3192.0,3195.0,3198.0,3203.0,3204.0,3205.0,3207.0,3208.0,3209.0,3211.0,3214.0,3214.0,3217.0,3218.0,3220.0,3222.0,3222.0,3222.0,3226.0,3227.0,3229.0,3231.0,3232.0,3234.0,3236.0,3237.0,3238.0,3239.0,3240.0,3242.0,3243.0,3245.0,3245.0,3246.0,3247.0,3249.0,3253.0,3254.0,3257.0,3260.0,3261.0,3264.0,3262.0,3264
t5oIE5lrph0,,,,,,,,,,,,,,,,11.0,11.0,11.0,11.0,11.0,11.0,11.0,11.0,11.0,11.0,11.0,11.0,11.0,11.0,11.0,11.0,11.0,11.0,11.0,11.0,11.0,11.0,11.0,11.0,11.0,11.0,11.0,11.0,11.0,11.0,11.0,11.0,11.0,11.0,11.0,11.0,11.0,11.0,,11.0,11.0,11.0,11.0,11.0,11.0,11.0,11.0,11.0,11.0,11.0,11.0,11.0,12.0,12.0,12.0,12.0,12.0,12.0,12.0,12.0,12.0,11.0,11.0,11.0,11.0,11.0,11.0,11.0,11.0,11.0,11.0,11.0,11.0,11.0,11.0,11.0,11.0,11.0,11.0,11.0,11.0,11.0,11.0,11.0,11.0,11.0,11.0,11.0,11.0,11.0,11.0,11.0,11.0,11.0,11.0,11.0,11.0,11.0,11.0,11.0,11.0,11.0,11.0,11.0,11.0,11.0,11.0,11.0,11.0,11.0,11.0,11.0,11.0,11.0,11.0,11.0,11.0,11.0,11.0,11.0,11.0,11.0,11.0,11.0,11.0,11.0,11.0,11.0,11.0,11.0,11.0,11.0,11.0,11.0,11.0,11.0,11.0,11.0,11.0,11.0,11.0,11.0,11.0,11.0,11.0,11.0,11.0,11.0,11.0,11.0,11.0,11.0,11.0,11.0,11.0,11.0,11.0,11.0,11.0,11.0,11.0,11.0,11.0,11.0,11.0,11.0,11.0,11.0,11.0,11.0,11.0,11.0,11.0,11.0,11.0,11.0,11.0,11.0,11.0,11.0,11.0,11.0,11.0,11.0,11.0,11.0,11.0,11.0,11.0,11.0,11.0,11.0,11
SoZeR3ttHKk,,,,,,,,,,,,,,,,52.0,53.0,57.0,56.0,57.0,57.0,57.0,58.0,58.0,58.0,58.0,58.0,58.0,58.0,58.0,58.0,59.0,59.0,59.0,59.0,71.0,71.0,71.0,71.0,71.0,71.0,71.0,73.0,73.0,73.0,73.0,73.0,73.0,73.0,74.0,74.0,74.0,75.0,,75.0,76.0,76.0,76.0,76.0,77.0,77.0,77.0,77.0,77.0,77.0,77.0,77.0,77.0,77.0,77.0,77.0,77.0,78.0,78.0,78.0,78.0,79.0,79.0,79.0,79.0,79.0,81.0,81.0,81.0,81.0,80.0,80.0,80.0,80.0,80.0,80.0,80.0,80.0,80.0,80.0,80.0,80.0,80.0,80.0,80.0,80.0,80.0,80.0,80.0,80.0,80.0,80.0,80.0,80.0,80.0,80.0,80.0,80.0,80.0,80.0,80.0,80.0,80.0,80.0,80.0,80.0,80.0,80.0,80.0,80.0,80.0,80.0,80.0,80.0,80.0,80.0,80.0,80.0,80.0,80.0,80.0,80.0,80.0,80.0,80.0,80.0,81.0,81.0,81.0,81.0,81.0,81.0,81.0,81.0,81.0,81.0,81.0,81.0,81.0,81.0,81.0,81.0,81.0,81.0,81.0,81.0,81.0,81.0,81.0,81.0,81.0,82.0,82.0,82.0,82.0,82.0,82.0,82.0,82.0,82.0,82.0,82.0,82.0,82.0,82.0,82.0,82.0,82.0,82.0,82.0,82.0,82.0,82.0,82.0,82.0,82.0,82.0,82.0,82.0,82.0,82.0,82.0,82.0,82.0,82.0,82.0,83.0,83.0,83.0,83.0,83.0,83.0,83
Zl-LzXzy4vc,,,,,,,,,,,,,,,,102.0,123.0,142.0,160.0,163.0,164.0,171.0,182.0,191.0,206.0,210.0,220.0,224.0,227.0,232.0,235.0,237.0,239.0,242.0,248.0,254.0,261.0,264.0,268.0,272.0,281.0,288.0,298.0,302.0,304.0,306.0,311.0,315.0,318.0,320.0,323.0,324.0,328.0,,333.0,337.0,337.0,337.0,342.0,346.0,347.0,349.0,350.0,352.0,355.0,357.0,359.0,361.0,363.0,365.0,365.0,367.0,370.0,373.0,375.0,377.0,377.0,380.0,381.0,384.0,385.0,386.0,388.0,388.0,393.0,395.0,397.0,397.0,399.0,399.0,401.0,403.0,400.0,402.0,402.0,404.0,405.0,405.0,407.0,408.0,409.0,412.0,415.0,415.0,416.0,418.0,418.0,418.0,420.0,420.0,423.0,424.0,425.0,427.0,430.0,432.0,432.0,432.0,433.0,433.0,434.0,434.0,436.0,435.0,437.0,440.0,441.0,443.0,447.0,448.0,450.0,451.0,451.0,453.0,454.0,454.0,457.0,457.0,459.0,460.0,460.0,460.0,463.0,464.0,464.0,465.0,466.0,467.0,469.0,469.0,469.0,471.0,472.0,475.0,477.0,479.0,478.0,481.0,482.0,482.0,482.0,483.0,484.0,484.0,485.0,485.0,485.0,486.0,486.0,488.0,488.0,489.0,488.0,488.0,488.0,488.0,489.0,489.0,490.0,490.0,490.0,490.0,490.0,490.0,490.0,490.0,490.0,491.0,493.0,493.0,493.0,493.0,493.0,493.0,493.0,493.0,493.0,495.0,495.0,496.0,496.0,496.0,497.0,498.0,498.0,498.0,498.0,500
RRad4YeoaJY,,,,,,,,,,,,,,,,187.0,189.0,188.0,189.0,189.0,190.0,190.0,190.0,189.0,190.0,190.0,190.0,190.0,192.0,192.0,192.0,192.0,192.0,192.0,192.0,192.0,192.0,192.0,192.0,192.0,192.0,192.0,192.0,192.0,192.0,192.0,192.0,192.0,192.0,192.0,192.0,192.0,192.0,,192.0,192.0,192.0,192.0,192.0,192.0,192.0,192.0,192.0,192.0,192.0,192.0,192.0,192.0,192.0,192.0,192.0,192.0,192.0,192.0,192.0,192.0,192.0,192.0,192.0,192.0,192.0,192.0,192.0,192.0,192.0,192.0,192.0,192.0,192.0,192.0,192.0,192.0,192.0,192.0,192.0,192.0,192.0,192.0,192.0,192.0,192.0,192.0,192.0,192.0,192.0,192.0,192.0,192.0,192.0,192.0,192.0,192.0,192.0,192.0,192.0,192.0,192.0,192.0,192.0,192.0,192.0,192.0,192.0,192.0,192.0,192.0,192.0,192.0,192.0,192.0,192.0,192.0,192.0,192.0,192.0,192.0,192.0,192.0,192.0,192.0,192.0,192.0,192.0,192.0,192.0,192.0,192.0,192.0,192.0,192.0,192.0,192.0,192.0,192.0,192.0,192.0,192.0,192.0,192.0,192.0,192.0,192.0,192.0,192.0,192.0,192.0,192.0,192.0,192.0,192.0,192.0,192.0,192.0,192.0,192.0,192.0,192.0,192.0,192.0,192.0,192.0,192.0,192.0,192.0,192.0,192.0,192.0,192.0,192.0,192.0,192.0,192.0,192.0,192.0,192.0,192.0,192.0,192.0,192.0,192.0,192.0,192.0,192.0,192.0,192.0,192.0,192.0,192
SUJn2h-J5Ko,,,,,,,,,,,,,,,,,181.0,183.0,183.0,185.0,186.0,186.0,186.0,186.0,186.0,186.0,186.0,185.0,185.0,185.0,185.0,185.0,185.0,185.0,185.0,185.0,185.0,185.0,185.0,185.0,185.0,185.0,185.0,184.0,184.0,184.0,184.0,184.0,184.0,184.0,184.0,184.0,184.0,,185.0,185.0,185.0,185.0,185.0,185.0,185.0,185.0,185.0,185.0,185.0,185.0,185.0,185.0,185.0,185.0,185.0,185.0,185.0,185.0,185.0,185.0,185.0,185.0,185.0,185.0,185.0,185.0,185.0,185.0,185.0,185.0,185.0,185.0,185.0,185.0,185.0,185.0,185.0,185.0,185.0,185.0,185.0,185.0,185.0,185.0,185.0,185.0,185.0,185.0,185.0,185.0,185.0,185.0,185.0,185.0,185.0,185.0,185.0,185.0,185.0,185.0,185.0,185.0,185.0,185.0,185.0,185.0,185.0,185.0,185.0,185.0,185.0,185.0,185.0,185.0,185.0,185.0,185.0,185.0,185.0,185.0,185.0,185.0,185.0,185.0,185.0,185.0,185.0,185.0,185.0,185.0,185.0,185.0,185.0,185.0,185.0,185.0,185.0,185.0,185.0,185.0,185.0,185.0,185.0,185.0,185.0,185.0,185.0,185.0,185.0,185.0,185.0,185.0,185.0,185.0,185.0,185.0,185.0,185.0,185.0,185.0,185.0,185.0,184.0,184.0,184.0,184.0,184.0,184.0,184.0,184.0,184.0,184.0,184.0,184.0,184.0,184.0,184.0,184.0,184.0,184.0,184.0,184.0,184.0,184.0,184.0,184.0,184.0,184.0,184.0,184.0,184.0,184
0iul7DdRFyA,,,,,,,,,,,,,,,,,407.0,408.0,408.0,408.0,408.0,408.0,408.0,409.0,409.0,410.0,412.0,412.0,412.0,412.0,413.0,413.0,413.0,413.0,413.0,413.0,414.0,414.0,416.0,416.0,416.0,417.0,417.0,417.0,417.0,418.0,419.0,419.0,419.0,419.0,415.0,415.0,413.0,,414.0,414.0,414.0,414.0,414.0,414.0,414.0,414.0,414.0,414.0,414.0,414.0,414.0,414.0,413.0,413.0,414.0,414.0,414.0,416.0,416.0,416.0,416.0,416.0,416.0,415.0,415.0,414.0,414.0,414.0,414.0,414.0,414.0,414.0,414.0,414.0,414.0,414.0,413.0,413.0,414.0,414.0,414.0,414.0,414.0,414.0,414.0,414.0,414.0,414.0,414.0,414.0,414.0,414.0,414.0,415.0,415.0,415.0,415.0,416.0,416.0,416.0,416.0,416.0,416.0,416.0,416.0,416.0,416.0,418.0,418.0,418.0,418.0,418.0,418.0,418.0,418.0,418.0,418.0,417.0,416.0,416.0,416.0,416.0,416.0,416.0,416.0,416.0,416.0,416.0,416.0,416.0,416.0,416.0,416.0,416.0,416.0,417.0,417.0,417.0,417.0,417.0,417.0,417.0,417.0,417.0,417.0,417.0,417.0,417.0,417.0,417.0,417.0,417.0,417.0,417.0,417.0,417.0,417.0,417.0,417.0,417.0,418.0,418.0,418.0,418.0,418.0,418.0,418.0,418.0,418.0,418.0,418.0,418.0,418.0,418.0,418.0,418.0,418.0,418.0,418.0,418.0,418.0,418.0,418.0,418.0,418.0,417.0,417.0,417.0,417.0,417.0,417.0,417
gOjG-70-D5o,,,,,,,,,,,,,,,,,10968.0,11607.0,12038.0,12297.0,12483.0,12692.0,12831.0,12976.0,13090.0,13180.0,13262.0,13339.0,13404.0,13481.0,13588.0,13666.0,13714.0,13770.0,13841.0,13888.0,13948.0,14036.0,14118.0,14190.0,14262.0,14334.0,14397.0,14458.0,14540.0,14677.0,14726.0,14762.0,14797.0,14825.0,14858.0,14904.0,14927.0,,15001.0,15036.0,15061.0,15091.0,15126.0,15171.0,15188.0,15212.0,15226.0,15248.0,15289.0,15315.0,15338.0,15353.0,15368.0,15382.0,15400.0,15415.0,15440.0,15461.0,15486.0,15505.0,15520.0,15539.0,15564.0,15584.0,15594.0,15597.0,15609.0,15620.0,15633.0,15638.0,15649.0,15658.0,15669.0,15679.0,15687.0,15705.0,15718.0,15730.0,15739.0,15748.0,15762.0,15773.0,15781.0,15793.0,15802.0,15810.0,15819.0,15826.0,15843.0,15848.0,15858.0,15865.0,15871.0,15877.0,15885.0,15891.0,15904.0,15914.0,15927.0,15931.0,15937.0,15954.0,15959.0,15965.0,15979.0,15904.0,15928.0,15932.0,15931.0,15937.0,15943.0,15950.0,15961.0,15963.0,15971.0,15974.0,15979.0,15987.0,15990.0,15998.0,15998.0,16007.0,16011.0,16015.0,16023.0,16023.0,16026.0,16033.0,16034.0,16041.0,16045.0,16048.0,16051.0,16057.0,16062.0,16063.0,16064.0,16073.0,16080.0,16085.0,16091.0,16097.0,16100.0,16106.0,16111.0,16112.0,16119.0,16125.0,16130.0,16131.0,16137.0,16142.0,16145.0,16147.0,16143.0,16147.0,16148.0,16154.0,16161.0,16164.0,16163.0,16168.0,16177.0,16182.0,16183.0,16186.0,16187.0,16190.0,16192.0,16193.0,16196.0,16197.0,16200.0,16205.0,16205.0,16209.0,16200.0,16204.0,16208.0,16211.0,16216.0,16218.0,16221.0,16228.0,16230.0,16231.0,16234.0,16245.0,16250.0,16256.0,16261.0,16261
bt1BdmKRzzw,,,,,,,,,,,,,,,,,,9.0,9.0,9.0,11.0,11.0,11.0,11.0,11.0,11.0,11.0,11.0,11.0,11.0,11.0,11.0,11.0,11.0,11.0,11.0,11.0,11.0,11.0,11.0,11.0,11.0,11.0,11.0,11.0,11.0,11.0,11.0,11.0,11.0,11.0,11.0,11.0,,11.0,11.0,11.0,11.0,11.0,11.0,11.0,11.0,11.0,11.0,11.0,11.0,11.0,11.0,11.0,11.0,11.0,11.0,11.0,11.0,11.0,11.0,11.0,11.0,11.0,11.0,11.0,11.0,11.0,11.0,11.0,11.0,11.0,11.0,11.0,11.0,11.0,11.0,11.0,11.0,11.0,11.0,11.0,11.0,11.0,11.0,11.0,11.0,11.0,11.0,11.0,11.0,11.0,11.0,11.0,11.0,11.0,11.0,11.0,11.0,11.0,11.0,11.0,11.0,11.0,11.0,11.0,11.0,11.0,11.0,11.0,11.0,11.0,11.0,11.0,11.0,11.0,11.0,11.0,11.0,11.0,11.0,11.0,11.0,11.0,11.0,11.0,11.0,11.0,11.0,11.0,11.0,11.0,11.0,11.0,11.0,11.0,11.0,11.0,11.0,11.0,11.0,11.0,11.0,11.0,11.0,11.0,11.0,11.0,11.0,11.0,11.0,11.0,11.0,11.0,11.0,11.0,11.0,11.0,11.0,11.0,11.0,11.0,11.0,11.0,11.0,11.0,11.0,11.0,11.0,11.0,11.0,11.0,11.0,11.0,11.0,11.0,11.0,11.0,11.0,11.0,11.0,11.0,11.0,11.0,11.0,11.0,11.0,11.0,11.0,11.0,11.0,11.0,11
gJrl2mpEsxI,,,,,,,,,,,,,,,,,,75.0,87.0,92.0,95.0,97.0,98.0,98.0,98.0,100.0,101.0,103.0,103.0,103.0,103.0,103.0,103.0,103.0,103.0,103.0,103.0,103.0,104.0,104.0,104.0,104.0,104.0,104.0,104.0,104.0,104.0,109.0,109.0,109.0,109.0,109.0,109.0,,109.0,109.0,109.0,109.0,109.0,109.0,110.0,110.0,110.0,110.0,110.0,110.0,110.0,110.0,110.0,110.0,110.0,110.0,110.0,110.0,110.0,110.0,110.0,110.0,110.0,110.0,110.0,110.0,110.0,110.0,110.0,110.0,110.0,110.0,110.0,110.0,110.0,110.0,110.0,110.0,110.0,110.0,110.0,110.0,111.0,111.0,111.0,111.0,111.0,111.0,111.0,111.0,111.0,111.0,111.0,111.0,111.0,111.0,112.0,114.0,114.0,114.0,114.0,114.0,114.0,114.0,114.0,114.0,114.0,114.0,114.0,114.0,114.0,114.0,114.0,114.0,114.0,114.0,114.0,114.0,114.0,114.0,114.0,114.0,114.0,114.0,114.0,114.0,114.0,114.0,114.0,114.0,114.0,114.0,114.0,114.0,114.0,114.0,114.0,114.0,114.0,114.0,114.0,114.0,114.0,114.0,114.0,114.0,114.0,114.0,114.0,114.0,114.0,114.0,114.0,114.0,114.0,114.0,114.0,114.0,114.0,114.0,114.0,114.0,114.0,114.0,114.0,114.0,114.0,114.0,114.0,114.0,114.0,114.0,114.0,114.0,114.0,114.0,114.0,114.0,114.0,114.0,114.0,114.0,114.0,114.0,114.0,114.0,115.0,115.0,115.0,115.0,115.0,115
e589HW1MGbo,,,,,,,,,,,,,,,,,,38.0,41.0,43.0,43.0,43.0,43.0,43.0,43.0,43.0,43.0,43.0,43.0,43.0,43.0,43.0,43.0,43.0,43.0,43.0,43.0,43.0,43.0,43.0,43.0,43.0,43.0,43.0,43.0,43.0,43.0,43.0,43.0,43.0,43.0,43.0,43.0,,43.0,43.0,43.0,43.0,43.0,43.0,43.0,43.0,43.0,43.0,43.0,43.0,43.0,43.0,43.0,43.0,43.0,43.0,43.0,43.0,43.0,43.0,43.0,43.0,43.0,43.0,43.0,43.0,43.0,43.0,43.0,43.0,43.0,43.0,43.0,43.0,43.0,43.0,43.0,43.0,43.0,43.0,43.0,43.0,43.0,43.0,43.0,43.0,43.0,43.0,43.0,43.0,43.0,43.0,43.0,43.0,43.0,43.0,43.0,43.0,43.0,43.0,43.0,43.0,43.0,43.0,43.0,43.0,43.0,43.0,43.0,43.0,43.0,43.0,43.0,43.0,43.0,43.0,43.0,43.0,43.0,43.0,43.0,43.0,43.0,43.0,43.0,43.0,43.0,43.0,43.0,43.0,43.0,43.0,43.0,43.0,43.0,43.0,43.0,43.0,43.0,43.0,43.0,43.0,43.0,43.0,43.0,43.0,43.0,43.0,43.0,43.0,43.0,43.0,43.0,43.0,43.0,43.0,43.0,43.0,43.0,43.0,43.0,43.0,43.0,43.0,43.0,43.0,43.0,43.0,43.0,43.0,43.0,43.0,43.0,43.0,43.0,43.0,43.0,43.0,43.0,43.0,43.0,43.0,43.0,43.0,43.0,43.0,43.0,43.0,43.0,43.0,43.0,43
HUNkE8Sopwo,,,,,,,,,,,,,,,,,,693.0,753.0,799.0,845.0,872.0,883.0,888.0,923.0,948.0,968.0,976.0,985.0,998.0,1007.0,1019.0,1039.0,1048.0,1073.0,1083.0,1106.0,1121.0,1129.0,1137.0,1140.0,1144.0,1147.0,1153.0,1159.0,1165.0,1173.0,1180.0,1184.0,1187.0,1189.0,1194.0,1197.0,,1202.0,1204.0,1207.0,1212.0,1213.0,1214.0,1216.0,1218.0,1220.0,1222.0,1223.0,1224.0,1225.0,1227.0,1228.0,1227.0,1228.0,1230.0,1234.0,1237.0,1241.0,1243.0,1246.0,1247.0,1252.0,1253.0,1254.0,1255.0,1255.0,1256.0,1256.0,1257.0,1258.0,1259.0,1260.0,1262.0,1261.0,1262.0,1263.0,1267.0,1270.0,1274.0,1274.0,1276.0,1279.0,1281.0,1282.0,1283.0,1284.0,1286.0,1287.0,1288.0,1291.0,1294.0,1297.0,1301.0,1303.0,1305.0,1306.0,1307.0,1309.0,1312.0,1312.0,1314.0,1315.0,1316.0,1316.0,1317.0,1317.0,1318.0,1319.0,1320.0,1320.0,1322.0,1323.0,1324.0,1324.0,1324.0,1321.0,1322.0,1322.0,1323.0,1326.0,1326.0,1326.0,1328.0,1328.0,1329.0,1329.0,1330.0,1332.0,1332.0,1333.0,1333.0,1334.0,1334.0,1334.0,1334.0,1337.0,1338.0,1338.0,1338.0,1339.0,1340.0,1341.0,1341.0,1341.0,1341.0,1341.0,1342.0,1343.0,1343.0,1343.0,1344.0,1344.0,1344.0,1346.0,1346.0,1346.0,1347.0,1347.0,1347.0,1347.0,1347.0,1347.0,1347.0,1347.0,1347.0,1347.0,1347.0,1347.0,1347.0,1347.0,1348.0,1348.0,1348.0,1348.0,1348.0,1349.0,1349.0,1349.0,1351.0,1351.0,1351.0,1351.0,1351.0,1351.0,1353.0,1353.0,1353.0,1353.0,1353.0,1353.0,1353
raPfw-TycEg,,,,,,,,,,,,,,,,,,,6.0,8.0,10.0,10.0,10.0,10.0,10.0,10.0,10.0,10.0,10.0,10.0,9.0,9.0,9.0,9.0,9.0,9.0,9.0,9.0,9.0,9.0,9.0,9.0,9.0,9.0,9.0,9.0,9.0,9.0,9.0,9.0,9.0,9.0,9.0,,9.0,9.0,9.0,9.0,9.0,9.0,9.0,9.0,9.0,9.0,9.0,9.0,9.0,9.0,9.0,9.0,9.0,9.0,9.0,9.0,9.0,9.0,9.0,9.0,9.0,9.0,9.0,9.0,9.0,9.0,9.0,9.0,9.0,9.0,9.0,9.0,9.0,9.0,9.0,9.0,9.0,9.0,9.0,9.0,9.0,9.0,9.0,9.0,9.0,9.0,9.0,9.0,9.0,9.0,9.0,9.0,9.0,9.0,9.0,9.0,9.0,9.0,9.0,9.0,9.0,9.0,9.0,9.0,9.0,9.0,9.0,9.0,9.0,9.0,9.0,9.0,9.0,9.0,9.0,9.0,9.0,9.0,9.0,9.0,9.0,9.0,9.0,9.0,9.0,9.0,9.0,9.0,9.0,9.0,9.0,9.0,9.0,9.0,9.0,9.0,9.0,9.0,9.0,9.0,9.0,9.0,9.0,9.0,9.0,9.0,9.0,9.0,9.0,9.0,9.0,9.0,9.0,9.0,9.0,9.0,9.0,9.0,9.0,9.0,9.0,9.0,9.0,9.0,9.0,9.0,9.0,9.0,9.0,9.0,9.0,9.0,9.0,9.0,9.0,9.0,9.0,9.0,9.0,9.0,9.0,9.0,9.0,9.0,9.0,9.0,9.0,9.0,9.0,9
kn-U4BvIuXw,,,,,,,,,,,,,,,,,,,368.0,372.0,377.0,385.0,387.0,390.0,391.0,393.0,394.0,395.0,395.0,395.0,396.0,396.0,396.0,400.0,400.0,400.0,401.0,401.0,401.0,401.0,402.0,402.0,402.0,403.0,402.0,402.0,402.0,403.0,404.0,405.0,405.0,405.0,405.0,,405.0,405.0,405.0,405.0,404.0,404.0,404.0,404.0,404.0,404.0,404.0,404.0,404.0,404.0,404.0,404.0,405.0,406.0,406.0,406.0,406.0,406.0,406.0,406.0,406.0,406.0,406.0,406.0,406.0,406.0,406.0,406.0,406.0,406.0,406.0,406.0,406.0,405.0,405.0,405.0,405.0,405.0,405.0,405.0,405.0,405.0,405.0,405.0,405.0,405.0,405.0,405.0,405.0,405.0,405.0,405.0,405.0,405.0,405.0,405.0,405.0,405.0,405.0,405.0,404.0,404.0,404.0,403.0,403.0,403.0,403.0,403.0,403.0,403.0,403.0,403.0,403.0,403.0,403.0,403.0,403.0,403.0,403.0,403.0,403.0,403.0,403.0,403.0,403.0,403.0,403.0,403.0,403.0,403.0,403.0,403.0,403.0,403.0,403.0,403.0,403.0,403.0,403.0,403.0,403.0,403.0,403.0,403.0,403.0,403.0,403.0,403.0,403.0,403.0,403.0,403.0,403.0,403.0,403.0,403.0,403.0,403.0,403.0,403.0,409.0,409.0,409.0,409.0,409.0,409.0,409.0,409.0,409.0,409.0,409.0,409.0,409.0,408.0,408.0,406.0,406.0,406.0,406.0,406.0,405.0,405.0,406.0,406.0,406.0,406.0,406.0,406.0,407.0,407
RV5_Y_f7u0k,,,,,,,,,,,,,,,,,,,100.0,104.0,104.0,104.0,106.0,107.0,108.0,108.0,108.0,108.0,108.0,108.0,108.0,108.0,108.0,108.0,108.0,109.0,109.0,109.0,109.0,109.0,109.0,109.0,109.0,110.0,110.0,110.0,110.0,110.0,110.0,110.0,110.0,110.0,110.0,,111.0,111.0,111.0,111.0,112.0,114.0,114.0,116.0,116.0,116.0,117.0,117.0,117.0,117.0,117.0,117.0,118.0,118.0,120.0,123.0,124.0,125.0,125.0,126.0,126.0,127.0,127.0,127.0,127.0,127.0,127.0,127.0,127.0,128.0,129.0,129.0,129.0,129.0,129.0,129.0,129.0,129.0,129.0,129.0,129.0,129.0,129.0,129.0,129.0,129.0,129.0,129.0,129.0,129.0,129.0,129.0,129.0,129.0,129.0,129.0,129.0,129.0,129.0,129.0,129.0,129.0,129.0,129.0,129.0,129.0,129.0,129.0,129.0,129.0,129.0,129.0,129.0,129.0,129.0,129.0,129.0,129.0,130.0,130.0,130.0,130.0,130.0,130.0,130.0,130.0,130.0,130.0,130.0,130.0,131.0,131.0,131.0,131.0,131.0,131.0,132.0,132.0,132.0,132.0,132.0,132.0,133.0,133.0,133.0,133.0,133.0,133.0,133.0,133.0,133.0,133.0,133.0,133.0,133.0,133.0,133.0,133.0,133.0,133.0,133.0,133.0,133.0,133.0,133.0,133.0,133.0,133.0,133.0,133.0,133.0,133.0,133.0,133.0,133.0,133.0,133.0,133.0,133.0,133.0,133.0,133.0,134.0,134.0,134.0,134.0,134.0,134.0,134.0,134
K7t12aTmhkc,,,,,,,,,,,,,,,,,,,2.0,7.0,9.0,10.0,13.0,13.0,13.0,13.0,13.0,13.0,13.0,13.0,13.0,13.0,15.0,15.0,15.0,15.0,15.0,15.0,15.0,15.0,15.0,15.0,15.0,15.0,15.0,15.0,15.0,15.0,15.0,15.0,15.0,15.0,15.0,,15.0,15.0,15.0,15.0,15.0,15.0,15.0,15.0,15.0,15.0,15.0,15.0,15.0,15.0,15.0,15.0,15.0,15.0,17.0,18.0,18.0,18.0,18.0,18.0,18.0,18.0,18.0,18.0,18.0,18.0,18.0,18.0,18.0,18.0,18.0,18.0,18.0,18.0,18.0,18.0,18.0,18.0,18.0,18.0,18.0,18.0,18.0,18.0,18.0,18.0,18.0,18.0,19.0,19.0,19.0,19.0,19.0,19.0,19.0,19.0,19.0,19.0,19.0,19.0,19.0,19.0,19.0,19.0,19.0,19.0,19.0,19.0,19.0,19.0,19.0,19.0,19.0,19.0,19.0,19.0,19.0,19.0,19.0,19.0,19.0,19.0,20.0,20.0,20.0,20.0,20.0,20.0,20.0,20.0,20.0,20.0,20.0,20.0,20.0,20.0,20.0,20.0,20.0,20.0,20.0,20.0,20.0,21.0,21.0,21.0,21.0,21.0,21.0,21.0,21.0,21.0,21.0,21.0,21.0,21.0,21.0,21.0,21.0,21.0,21.0,21.0,21.0,21.0,21.0,21.0,21.0,21.0,21.0,21.0,21.0,21.0,21.0,21.0,21.0,21.0,21.0,21.0,21.0,21.0,21.0,21.0,21.0,21.0,21.0,21.0,21.0,21.0,21.0,21
SeZ6L9jZmHc,,,,,,,,,,,,,,,,,,,122.0,133.0,134.0,141.0,145.0,151.0,151.0,151.0,151.0,151.0,151.0,151.0,151.0,151.0,151.0,151.0,151.0,151.0,151.0,151.0,151.0,151.0,151.0,151.0,151.0,151.0,151.0,151.0,151.0,150.0,150.0,150.0,150.0,150.0,150.0,,150.0,150.0,150.0,150.0,150.0,150.0,150.0,150.0,150.0,150.0,150.0,150.0,150.0,150.0,150.0,150.0,150.0,150.0,150.0,150.0,150.0,150.0,150.0,150.0,150.0,150.0,150.0,150.0,150.0,150.0,150.0,150.0,150.0,150.0,150.0,150.0,149.0,149.0,149.0,149.0,149.0,149.0,149.0,149.0,149.0,149.0,149.0,149.0,149.0,149.0,149.0,149.0,149.0,149.0,149.0,149.0,149.0,149.0,149.0,149.0,149.0,149.0,149.0,149.0,149.0,149.0,149.0,149.0,149.0,149.0,149.0,149.0,150.0,150.0,150.0,150.0,150.0,150.0,150.0,150.0,150.0,150.0,150.0,150.0,150.0,150.0,150.0,150.0,150.0,150.0,150.0,150.0,150.0,150.0,150.0,150.0,150.0,150.0,150.0,150.0,150.0,150.0,150.0,150.0,150.0,150.0,150.0,150.0,150.0,150.0,150.0,150.0,150.0,150.0,150.0,150.0,150.0,150.0,150.0,150.0,150.0,150.0,150.0,150.0,150.0,150.0,150.0,150.0,150.0,150.0,150.0,150.0,150.0,150.0,150.0,150.0,150.0,150.0,150.0,150.0,150.0,150.0,150.0,150.0,150.0,150.0,150.0,150.0,150.0,150.0,141.0,141.0,141.0,141
nzWl5oaZ1Gg,,,,,,,,,,,,,,,,,,,,56.0,89.0,103.0,107.0,109.0,115.0,116.0,117.0,118.0,122.0,122.0,122.0,124.0,124.0,124.0,124.0,124.0,124.0,124.0,124.0,125.0,125.0,125.0,125.0,125.0,123.0,123.0,123.0,123.0,124.0,124.0,124.0,124.0,124.0,,124.0,124.0,124.0,124.0,124.0,124.0,124.0,124.0,124.0,124.0,124.0,124.0,124.0,124.0,124.0,124.0,124.0,124.0,124.0,124.0,124.0,124.0,124.0,124.0,124.0,124.0,124.0,124.0,124.0,124.0,124.0,124.0,124.0,124.0,124.0,124.0,124.0,124.0,124.0,124.0,124.0,124.0,123.0,123.0,123.0,123.0,123.0,123.0,123.0,123.0,123.0,123.0,123.0,123.0,123.0,123.0,123.0,123.0,123.0,123.0,123.0,123.0,123.0,123.0,123.0,123.0,124.0,124.0,124.0,124.0,124.0,124.0,124.0,124.0,124.0,124.0,124.0,124.0,124.0,124.0,124.0,124.0,124.0,124.0,124.0,124.0,124.0,124.0,124.0,124.0,124.0,124.0,124.0,124.0,124.0,124.0,124.0,124.0,124.0,124.0,124.0,124.0,124.0,124.0,124.0,124.0,124.0,124.0,124.0,124.0,124.0,124.0,124.0,124.0,124.0,124.0,124.0,124.0,124.0,124.0,124.0,124.0,124.0,124.0,124.0,124.0,124.0,124.0,124.0,124.0,124.0,124.0,124.0,124.0,124.0,124.0,124.0,124.0,124.0,124.0,124.0,124.0,124.0,124.0,124.0,124.0,124.0,124.0,124.0,124.0,124.0,124.0,124.0,124
Y0Ul1XB0-Lc,,,,,,,,,,,,,,,,,,,,151.0,203.0,219.0,232.0,234.0,236.0,241.0,242.0,242.0,242.0,242.0,242.0,242.0,242.0,242.0,242.0,242.0,243.0,243.0,243.0,243.0,243.0,243.0,243.0,243.0,243.0,243.0,243.0,243.0,243.0,243.0,243.0,243.0,243.0,,243.0,243.0,243.0,243.0,243.0,243.0,243.0,243.0,243.0,243.0,243.0,243.0,243.0,243.0,242.0,242.0,242.0,242.0,242.0,242.0,242.0,242.0,242.0,242.0,242.0,242.0,242.0,242.0,242.0,242.0,242.0,242.0,241.0,241.0,241.0,241.0,241.0,241.0,241.0,241.0,241.0,241.0,241.0,241.0,241.0,241.0,241.0,241.0,241.0,241.0,241.0,241.0,241.0,241.0,241.0,241.0,241.0,241.0,241.0,241.0,241.0,241.0,241.0,241.0,241.0,241.0,241.0,241.0,241.0,241.0,241.0,241.0,241.0,241.0,241.0,241.0,241.0,241.0,241.0,241.0,241.0,241.0,241.0,241.0,241.0,241.0,241.0,241.0,241.0,241.0,241.0,241.0,241.0,241.0,241.0,241.0,241.0,241.0,241.0,241.0,241.0,241.0,241.0,241.0,241.0,241.0,241.0,241.0,241.0,241.0,241.0,241.0,240.0,240.0,240.0,239.0,239.0,239.0,239.0,239.0,239.0,239.0,239.0,239.0,239.0,239.0,239.0,239.0,239.0,239.0,239.0,240.0,240.0,240.0,240.0,240.0,240.0,240.0,240.0,240.0,240.0,236.0,236.0,236.0,236.0,236.0,236.0,236.0,236.0,236.0,236.0,236.0,236.0,236
Vj3zqFDToIM,,,,,,,,,,,,,,,,,,,,18.0,18.0,18.0,18.0,18.0,19.0,19.0,19.0,19.0,19.0,19.0,19.0,19.0,19.0,19.0,19.0,19.0,20.0,20.0,20.0,20.0,20.0,20.0,20.0,21.0,21.0,21.0,21.0,21.0,21.0,21.0,21.0,21.0,21.0,,21.0,21.0,21.0,21.0,21.0,21.0,21.0,21.0,21.0,21.0,21.0,21.0,21.0,21.0,21.0,21.0,21.0,21.0,21.0,21.0,21.0,21.0,21.0,21.0,21.0,21.0,21.0,21.0,21.0,21.0,21.0,21.0,21.0,21.0,21.0,21.0,21.0,21.0,21.0,21.0,21.0,21.0,21.0,21.0,21.0,21.0,21.0,21.0,21.0,22.0,22.0,22.0,22.0,22.0,22.0,23.0,23.0,23.0,23.0,23.0,23.0,23.0,23.0,23.0,23.0,23.0,23.0,22.0,22.0,22.0,22.0,22.0,22.0,22.0,22.0,22.0,22.0,22.0,22.0,22.0,22.0,22.0,22.0,22.0,22.0,22.0,22.0,22.0,22.0,22.0,22.0,22.0,22.0,22.0,22.0,22.0,22.0,22.0,22.0,22.0,22.0,22.0,22.0,22.0,22.0,22.0,22.0,22.0,22.0,22.0,22.0,22.0,22.0,22.0,22.0,22.0,22.0,22.0,22.0,22.0,22.0,22.0,22.0,22.0,22.0,22.0,22.0,22.0,22.0,22.0,22.0,22.0,22.0,22.0,22.0,22.0,22.0,22.0,22.0,22.0,22.0,22.0,22.0,22.0,22.0,22.0,22.0,22.0,22.0,22.0,22.0,22.0,22.0,22
F192Gkz5Tas,,,,,,,,,,,,,,,,,,,,235.0,248.0,252.0,253.0,252.0,252.0,252.0,252.0,252.0,252.0,252.0,252.0,252.0,252.0,252.0,252.0,252.0,252.0,252.0,252.0,252.0,252.0,252.0,252.0,251.0,251.0,251.0,251.0,251.0,251.0,251.0,251.0,251.0,251.0,,251.0,251.0,251.0,251.0,251.0,251.0,251.0,251.0,251.0,251.0,251.0,251.0,251.0,252.0,252.0,252.0,252.0,252.0,252.0,252.0,252.0,252.0,252.0,252.0,252.0,252.0,251.0,251.0,251.0,251.0,251.0,251.0,251.0,251.0,251.0,251.0,251.0,250.0,250.0,250.0,250.0,250.0,250.0,250.0,250.0,250.0,250.0,250.0,250.0,250.0,250.0,250.0,250.0,250.0,250.0,250.0,250.0,250.0,250.0,250.0,250.0,250.0,250.0,250.0,250.0,250.0,250.0,250.0,250.0,250.0,249.0,249.0,249.0,249.0,249.0,249.0,249.0,249.0,249.0,249.0,249.0,249.0,249.0,249.0,249.0,249.0,249.0,249.0,249.0,249.0,249.0,249.0,249.0,249.0,249.0,249.0,249.0,249.0,249.0,249.0,249.0,249.0,249.0,249.0,248.0,248.0,248.0,248.0,248.0,248.0,248.0,248.0,248.0,248.0,248.0,247.0,247.0,247.0,247.0,247.0,247.0,247.0,247.0,247.0,247.0,247.0,247.0,247.0,247.0,247.0,247.0,247.0,247.0,247.0,247.0,247.0,247.0,247.0,247.0,247.0,247.0,247.0,247.0,247.0,247.0,247.0,246.0,246.0,246.0,246.0,246.0,246.0,246.0,246
4sl47VgK_4A,,,,,,,,,,,,,,,,,,,,46.0,46.0,46.0,47.0,47.0,47.0,47.0,47.0,47.0,47.0,47.0,47.0,47.0,47.0,47.0,47.0,47.0,47.0,47.0,47.0,47.0,47.0,47.0,47.0,47.0,47.0,47.0,47.0,47.0,47.0,47.0,47.0,47.0,47.0,,47.0,47.0,47.0,47.0,47.0,47.0,47.0,47.0,47.0,47.0,47.0,47.0,47.0,47.0,47.0,47.0,47.0,47.0,47.0,47.0,47.0,47.0,47.0,47.0,47.0,47.0,47.0,47.0,47.0,47.0,47.0,47.0,47.0,47.0,47.0,47.0,47.0,47.0,47.0,47.0,47.0,47.0,47.0,47.0,47.0,47.0,47.0,47.0,47.0,47.0,47.0,47.0,47.0,47.0,47.0,47.0,47.0,47.0,47.0,47.0,47.0,47.0,47.0,47.0,47.0,47.0,47.0,47.0,47.0,47.0,47.0,47.0,47.0,47.0,47.0,47.0,47.0,47.0,47.0,47.0,47.0,47.0,47.0,47.0,47.0,47.0,47.0,47.0,47.0,47.0,47.0,47.0,47.0,47.0,47.0,47.0,47.0,47.0,47.0,47.0,47.0,47.0,47.0,47.0,47.0,47.0,47.0,47.0,47.0,47.0,47.0,47.0,47.0,47.0,47.0,47.0,47.0,47.0,47.0,47.0,47.0,47.0,47.0,47.0,47.0,47.0,47.0,47.0,47.0,47.0,47.0,47.0,47.0,47.0,47.0,47.0,47.0,47.0,47.0,47.0,47.0,47.0,47.0,47.0,46.0,46.0,46.0,46.0,46.0,46.0,46.0,46.0,46.0,46
OgOm9Ei0BUc,,,,,,,,,,,,,,,,,,,,164.0,230.0,246.0,252.0,256.0,264.0,264.0,266.0,266.0,267.0,268.0,270.0,275.0,275.0,277.0,277.0,278.0,279.0,281.0,283.0,284.0,284.0,287.0,287.0,288.0,289.0,289.0,288.0,288.0,288.0,288.0,289.0,289.0,290.0,,291.0,290.0,291.0,291.0,295.0,295.0,295.0,295.0,295.0,296.0,296.0,297.0,298.0,298.0,298.0,298.0,298.0,298.0,298.0,298.0,300.0,300.0,300.0,300.0,301.0,301.0,301.0,301.0,301.0,301.0,301.0,301.0,301.0,301.0,301.0,301.0,301.0,301.0,301.0,301.0,301.0,301.0,301.0,301.0,301.0,301.0,301.0,301.0,301.0,301.0,301.0,302.0,302.0,302.0,303.0,303.0,303.0,302.0,302.0,302.0,302.0,303.0,305.0,305.0,305.0,305.0,305.0,305.0,305.0,305.0,305.0,304.0,304.0,304.0,304.0,304.0,304.0,304.0,304.0,304.0,304.0,304.0,304.0,304.0,304.0,304.0,304.0,304.0,304.0,304.0,304.0,303.0,303.0,303.0,303.0,303.0,303.0,303.0,303.0,303.0,303.0,303.0,303.0,305.0,305.0,305.0,305.0,305.0,305.0,305.0,305.0,305.0,305.0,305.0,305.0,305.0,305.0,305.0,305.0,305.0,305.0,304.0,304.0,304.0,304.0,304.0,304.0,304.0,304.0,304.0,304.0,304.0,304.0,304.0,304.0,304.0,304.0,304.0,304.0,305.0,305.0,305.0,305.0,305.0,305.0,305.0,305.0,305.0,305.0,305.0,305.0,305.0,305.0,305
ou2Y2vGKCyY,,,,,,,,,,,,,,,,,,,,,282.0,308.0,323.0,332.0,339.0,344.0,350.0,350.0,351.0,353.0,357.0,358.0,358.0,358.0,362.0,362.0,362.0,363.0,363.0,363.0,363.0,364.0,364.0,364.0,364.0,364.0,364.0,364.0,364.0,364.0,364.0,364.0,363.0,,364.0,364.0,364.0,365.0,365.0,366.0,366.0,366.0,366.0,367.0,367.0,368.0,368.0,368.0,369.0,369.0,369.0,369.0,369.0,369.0,369.0,369.0,369.0,369.0,369.0,369.0,369.0,369.0,369.0,369.0,369.0,369.0,369.0,369.0,368.0,368.0,368.0,368.0,368.0,369.0,369.0,369.0,372.0,372.0,372.0,372.0,372.0,372.0,372.0,372.0,372.0,372.0,372.0,372.0,372.0,373.0,373.0,373.0,373.0,373.0,373.0,373.0,373.0,373.0,373.0,373.0,373.0,373.0,372.0,372.0,372.0,372.0,373.0,373.0,373.0,373.0,373.0,373.0,374.0,373.0,373.0,373.0,373.0,373.0,373.0,374.0,374.0,374.0,374.0,375.0,375.0,375.0,375.0,375.0,376.0,377.0,378.0,378.0,377.0,377.0,379.0,379.0,380.0,380.0,380.0,382.0,382.0,382.0,382.0,382.0,381.0,381.0,381.0,381.0,382.0,382.0,382.0,383.0,383.0,383.0,383.0,383.0,383.0,383.0,383.0,383.0,383.0,383.0,383.0,383.0,384.0,384.0,384.0,384.0,384.0,385.0,385.0,386.0,387.0,387.0,387.0,389.0,389.0,389.0,389.0,390.0,391.0,391.0,391.0,391.0,392.0,392.0,392.0,392
3WT8A28JPnY,,,,,,,,,,,,,,,,,,,,,5.0,5.0,5.0,5.0,5.0,5.0,5.0,5.0,5.0,5.0,5.0,5.0,5.0,5.0,5.0,5.0,5.0,5.0,5.0,5.0,5.0,5.0,5.0,5.0,5.0,5.0,5.0,5.0,5.0,5.0,5.0,5.0,5.0,,5.0,5.0,5.0,5.0,5.0,5.0,5.0,5.0,5.0,5.0,5.0,5.0,5.0,5.0,6.0,6.0,6.0,6.0,6.0,6.0,6.0,6.0,6.0,6.0,6.0,6.0,6.0,6.0,6.0,6.0,6.0,6.0,6.0,6.0,6.0,6.0,6.0,6.0,6.0,6.0,6.0,6.0,6.0,6.0,6.0,6.0,6.0,6.0,6.0,6.0,6.0,6.0,6.0,6.0,6.0,6.0,6.0,6.0,6.0,6.0,6.0,6.0,6.0,6.0,6.0,6.0,6.0,6.0,6.0,6.0,6.0,6.0,6.0,6.0,6.0,6.0,6.0,6.0,6.0,6.0,6.0,6.0,6.0,6.0,6.0,6.0,6.0,6.0,6.0,6.0,6.0,6.0,6.0,6.0,6.0,6.0,6.0,6.0,6.0,6.0,6.0,6.0,6.0,6.0,6.0,6.0,6.0,6.0,6.0,6.0,6.0,6.0,6.0,6.0,6.0,6.0,6.0,6.0,6.0,6.0,6.0,6.0,6.0,6.0,6.0,6.0,6.0,6.0,6.0,6.0,6.0,6.0,6.0,6.0,6.0,6.0,6.0,6.0,6.0,6.0,6.0,6.0,6.0,6.0,6.0,6.0,6.0,6.0,6.0,6.0,6.0,6.0,6.0,6
HRDApL3_m18,,,,,,,,,,,,,,,,,,,,,23.0,31.0,33.0,35.0,36.0,36.0,36.0,36.0,37.0,37.0,38.0,38.0,38.0,38.0,38.0,38.0,38.0,38.0,38.0,38.0,38.0,38.0,38.0,38.0,38.0,38.0,39.0,39.0,39.0,39.0,39.0,39.0,39.0,,41.0,41.0,42.0,42.0,38.0,38.0,38.0,39.0,39.0,39.0,39.0,39.0,39.0,39.0,40.0,40.0,40.0,40.0,40.0,40.0,40.0,40.0,40.0,40.0,41.0,42.0,42.0,42.0,42.0,42.0,42.0,42.0,42.0,42.0,42.0,42.0,42.0,43.0,44.0,44.0,44.0,44.0,44.0,44.0,44.0,45.0,45.0,45.0,46.0,47.0,47.0,47.0,47.0,47.0,47.0,47.0,47.0,47.0,47.0,47.0,47.0,47.0,47.0,47.0,47.0,47.0,47.0,47.0,47.0,47.0,47.0,47.0,47.0,47.0,47.0,48.0,48.0,48.0,48.0,48.0,48.0,48.0,48.0,48.0,48.0,48.0,48.0,48.0,48.0,48.0,48.0,48.0,48.0,48.0,49.0,49.0,49.0,49.0,49.0,49.0,49.0,49.0,49.0,49.0,49.0,49.0,49.0,49.0,49.0,49.0,49.0,49.0,49.0,49.0,49.0,51.0,51.0,51.0,51.0,51.0,51.0,51.0,51.0,51.0,51.0,51.0,52.0,52.0,52.0,53.0,53.0,53.0,53.0,53.0,53.0,53.0,53.0,53.0,53.0,53.0,53.0,53.0,53.0,53.0,53.0,53.0,53.0,53.0,53.0,53.0,53.0,53.0,53.0,53
w7j0aTM5ujk,,,,,,,,,,,,,,,,,,,,,2239.0,2467.0,2587.0,2640.0,2671.0,2686.0,2701.0,2699.0,2692.0,2691.0,2691.0,2692.0,2693.0,2692.0,2692.0,2691.0,2692.0,2692.0,2692.0,2693.0,2693.0,2693.0,2693.0,2693.0,2692.0,2691.0,2691.0,2691.0,2691.0,2691.0,2691.0,2691.0,2690.0,,2690.0,2690.0,2690.0,2690.0,2689.0,2688.0,2688.0,2686.0,2687.0,2687.0,2686.0,2687.0,2687.0,2687.0,2687.0,2687.0,2687.0,2688.0,2688.0,2688.0,2688.0,2688.0,2688.0,2688.0,2688.0,2688.0,2688.0,2688.0,2688.0,2688.0,2688.0,2688.0,2686.0,2686.0,2686.0,2686.0,2686.0,2686.0,2686.0,2686.0,2686.0,2686.0,2686.0,2686.0,2685.0,2685.0,2685.0,2685.0,2685.0,2685.0,2685.0,2684.0,2684.0,2684.0,2682.0,2682.0,2682.0,2682.0,2682.0,2682.0,2682.0,2682.0,2682.0,2682.0,2682.0,2682.0,2681.0,2676.0,2678.0,2678.0,2678.0,2678.0,2678.0,2678.0,2678.0,2678.0,2678.0,2678.0,2678.0,2678.0,2678.0,2678.0,2678.0,2678.0,2678.0,2678.0,2678.0,2678.0,2678.0,2677.0,2677.0,2677.0,2677.0,2677.0,2677.0,2676.0,2676.0,2676.0,2676.0,2676.0,2675.0,2675.0,2675.0,2675.0,2675.0,2676.0,2675.0,2675.0,2675.0,2675.0,2675.0,2674.0,2674.0,2674.0,2674.0,2674.0,2674.0,2674.0,2674.0,2674.0,2674.0,2674.0,2674.0,2674.0,2674.0,2674.0,2674.0,2674.0,2674.0,2674.0,2674.0,2674.0,2673.0,2673.0,2673.0,2673.0,2673.0,2673.0,2673.0,2673.0,2672.0,2672.0,2672.0,2669.0,2669.0,2669.0,2669.0,2669.0,2668.0,2668.0,2668.0,2668.0,2668.0,2669
CO7xkEXsn5s,,,,,,,,,,,,,,,,,,,,,39.0,40.0,40.0,41.0,45.0,46.0,47.0,48.0,48.0,48.0,49.0,50.0,51.0,52.0,52.0,52.0,52.0,52.0,53.0,53.0,53.0,52.0,52.0,52.0,52.0,52.0,52.0,52.0,52.0,52.0,52.0,52.0,52.0,,52.0,52.0,52.0,52.0,52.0,52.0,52.0,52.0,52.0,52.0,52.0,52.0,52.0,52.0,52.0,52.0,52.0,52.0,52.0,52.0,52.0,52.0,52.0,52.0,52.0,52.0,52.0,52.0,52.0,52.0,52.0,52.0,52.0,52.0,52.0,52.0,52.0,52.0,52.0,52.0,52.0,52.0,52.0,52.0,52.0,52.0,52.0,52.0,52.0,52.0,52.0,52.0,52.0,52.0,52.0,52.0,52.0,52.0,52.0,52.0,52.0,52.0,52.0,52.0,52.0,52.0,52.0,52.0,52.0,52.0,52.0,52.0,52.0,52.0,52.0,52.0,52.0,52.0,52.0,52.0,52.0,52.0,52.0,52.0,52.0,52.0,52.0,52.0,52.0,52.0,52.0,52.0,52.0,52.0,52.0,52.0,52.0,52.0,52.0,52.0,52.0,52.0,52.0,52.0,52.0,52.0,52.0,52.0,52.0,52.0,52.0,52.0,52.0,52.0,52.0,52.0,52.0,52.0,52.0,52.0,52.0,52.0,52.0,52.0,52.0,52.0,52.0,52.0,52.0,52.0,52.0,52.0,52.0,52.0,52.0,52.0,52.0,52.0,52.0,52.0,52.0,52.0,52.0,52.0,52.0,52.0,52.0,52.0,52.0,52.0,52.0,52.0,52.0,52
XPqXU3SfxdU,,,,,,,,,,,,,,,,,,,,,,1728.0,1990.0,2085.0,2126.0,2150.0,2171.0,2185.0,2203.0,2223.0,2229.0,2236.0,2226.0,2234.0,2241.0,2246.0,2249.0,2252.0,2249.0,2260.0,2262.0,2270.0,2269.0,2268.0,2273.0,2275.0,2278.0,2278.0,2280.0,2279.0,2279.0,2280.0,2283.0,,2287.0,2288.0,2291.0,2290.0,2290.0,2292.0,2294.0,2294.0,2295.0,2294.0,2293.0,2294.0,2292.0,2294.0,2294.0,2295.0,2292.0,2292.0,2295.0,2295.0,2297.0,2297.0,2298.0,2299.0,2300.0,2300.0,2301.0,2302.0,2301.0,2299.0,2300.0,2313.0,2323.0,2346.0,2350.0,2353.0,2357.0,2357.0,2359.0,2358.0,2358.0,2359.0,2356.0,2358.0,2358.0,2358.0,2358.0,2358.0,2358.0,2357.0,2358.0,2359.0,2359.0,2359.0,2359.0,2370.0,2376.0,2376.0,2377.0,2376.0,2377.0,2380.0,2379.0,2379.0,2379.0,2379.0,2378.0,2379.0,2379.0,2379.0,2379.0,2379.0,2379.0,2379.0,2380.0,2380.0,2381.0,2381.0,2381.0,2382.0,2383.0,2384.0,2384.0,2384.0,2384.0,2385.0,2385.0,2387.0,2387.0,2388.0,2389.0,2389.0,2389.0,2389.0,2390.0,2389.0,2391.0,2392.0,2392.0,2392.0,2392.0,2390.0,2390.0,2390.0,2389.0,2389.0,2392.0,2391.0,2392.0,2394.0,2395.0,2395.0,2395.0,2396.0,2390.0,2392.0,2392.0,2393.0,2393.0,2393.0,2393.0,2393.0,2393.0,2393.0,2393.0,2393.0,2393.0,2391.0,2392.0,2393.0,2393.0,2392.0,2392.0,2392.0,2392.0,2392.0,2390.0,2389.0,2390.0,2390.0,2389.0,2389.0,2389.0,2390.0,2389.0,2382.0,2382.0,2381.0,2381.0,2381.0,2381.0,2381.0,2380.0,2382
bxPt9jC1Xxo,,,,,,,,,,,,,,,,,,,,,,,0.0,0.0,0.0,0.0,0.0,0.0,0.0,0.0,0.0,0.0,0.0,0.0,0.0,0.0,0.0,0.0,0.0,0.0,0.0,0.0,0.0,0.0,0.0,0.0,0.0,0.0,0.0,0.0,0.0,0.0,0.0,,0.0,0.0,0.0,0.0,0.0,0.0,0.0,0.0,0.0,0.0,0.0,0.0,0.0,0.0,0.0,0.0,0.0,0.0,0.0,0.0,0.0,0.0,0.0,0.0,0.0,0.0,0.0,0.0,0.0,0.0,0.0,0.0,0.0,0.0,0.0,0.0,0.0,0.0,0.0,0.0,0.0,0.0,0.0,0.0,0.0,0.0,0.0,0.0,0.0,0.0,0.0,0.0,0.0,0.0,0.0,0.0,0.0,0.0,0.0,0.0,0.0,0.0,0.0,0.0,0.0,0.0,0.0,0.0,0.0,0.0,0.0,0.0,0.0,0.0,0.0,0.0,0.0,0.0,0.0,0.0,0.0,0.0,0.0,0.0,0.0,0.0,0.0,0.0,0.0,0.0,0.0,0.0,0.0,0.0,0.0,0.0,0.0,0.0,0.0,0.0,0.0,0.0,0.0,0.0,0.0,0.0,0.0,0.0,0.0,0.0,0.0,0.0,0.0,0.0,0.0,0.0,0.0,0.0,0.0,0.0,0.0,0.0,0.0,0.0,0.0,0.0,0.0,0.0,0.0,0.0,0.0,0.0,0.0,0.0,0.0,0.0,0.0,0.0,0.0,0.0,0.0,0.0,0.0,0.0,0.0,0.0,0.0,0.0,0.0,0.0,0.0,0.0,0.0,0
JBrmXv5nwZs,,,,,,,,,,,,,,,,,,,,,,,0.0,0.0,0.0,0.0,0.0,0.0,0.0,0.0,0.0,0.0,0.0,0.0,0.0,,,,,,,,,,,,,,,,,,,,,,,,,,,,,,,,,,,,,,,,,,,,,,,,,,,,,,,,,,,,,,,,,,,,,,,,,,,,,,,,,,,,,,,,,,,,,,,,,,,,,,,,,,,,,,,,,,,,,,,,,,,,,,,,,,,,,,,,,,,,,,,,,,,,,,,,,,,,,,,,,,,,,,,,,,,,,
f9m2SQ81v7Q,,,,,,,,,,,,,,,,,,,,,,,85.0,85.0,91.0,91.0,92.0,92.0,92.0,92.0,93.0,93.0,93.0,93.0,93.0,93.0,93.0,93.0,93.0,93.0,93.0,93.0,93.0,93.0,93.0,93.0,93.0,93.0,93.0,93.0,93.0,93.0,93.0,,93.0,93.0,93.0,93.0,93.0,93.0,93.0,93.0,93.0,93.0,93.0,93.0,93.0,93.0,93.0,93.0,93.0,93.0,93.0,93.0,93.0,93.0,93.0,93.0,93.0,93.0,93.0,93.0,93.0,93.0,93.0,93.0,93.0,93.0,93.0,93.0,93.0,93.0,93.0,93.0,93.0,93.0,93.0,93.0,93.0,93.0,93.0,93.0,93.0,93.0,93.0,93.0,93.0,93.0,93.0,93.0,93.0,93.0,93.0,93.0,93.0,93.0,93.0,93.0,93.0,93.0,93.0,92.0,92.0,92.0,91.0,92.0,92.0,92.0,92.0,92.0,92.0,92.0,92.0,92.0,92.0,92.0,92.0,92.0,92.0,92.0,92.0,92.0,92.0,92.0,92.0,92.0,92.0,92.0,92.0,92.0,92.0,92.0,92.0,92.0,92.0,92.0,92.0,92.0,92.0,92.0,92.0,92.0,92.0,92.0,92.0,92.0,92.0,92.0,92.0,92.0,92.0,92.0,92.0,92.0,91.0,91.0,91.0,91.0,91.0,91.0,91.0,91.0,91.0,91.0,91.0,91.0,91.0,91.0,91.0,91.0,91.0,91.0,89.0,89.0,89.0,89.0,89.0,89.0,89.0,89.0,89.0,89.0,89.0,89.0,89.0,89.0,89.0,89
XE4A3zRxk8M,,,,,,,,,,,,,,,,,,,,,,,0.0,0.0,0.0,0.0,0.0,0.0,0.0,0.0,0.0,0.0,0.0,0.0,0.0,0.0,0.0,0.0,0.0,0.0,0.0,0.0,0.0,0.0,0.0,0.0,0.0,0.0,0.0,0.0,0.0,0.0,0.0,,0.0,0.0,0.0,0.0,0.0,0.0,0.0,0.0,0.0,0.0,0.0,0.0,0.0,0.0,0.0,0.0,0.0,0.0,0.0,0.0,0.0,0.0,0.0,0.0,0.0,0.0,0.0,0.0,0.0,0.0,0.0,0.0,0.0,0.0,0.0,0.0,0.0,0.0,0.0,0.0,0.0,0.0,0.0,0.0,0.0,0.0,0.0,0.0,0.0,0.0,0.0,0.0,0.0,0.0,0.0,0.0,0.0,0.0,0.0,0.0,0.0,0.0,0.0,0.0,0.0,0.0,0.0,0.0,0.0,0.0,0.0,0.0,0.0,0.0,0.0,0.0,0.0,0.0,0.0,0.0,0.0,0.0,0.0,0.0,0.0,0.0,0.0,0.0,0.0,0.0,0.0,0.0,0.0,0.0,0.0,0.0,0.0,0.0,0.0,0.0,0.0,0.0,0.0,0.0,0.0,0.0,0.0,0.0,0.0,0.0,0.0,0.0,0.0,0.0,0.0,0.0,0.0,0.0,0.0,0.0,0.0,0.0,0.0,0.0,0.0,0.0,0.0,0.0,0.0,0.0,0.0,0.0,0.0,0.0,0.0,0.0,0.0,0.0,0.0,0.0,0.0,0.0,0.0,0.0,0.0,0.0,0.0,0.0,0.0,0.0,0.0,0.0,0.0,0
6PH4Kfjeuo8,,,,,,,,,,,,,,,,,,,,,,,5.0,5.0,5.0,6.0,6.0,6.0,8.0,9.0,9.0,9.0,9.0,10.0,10.0,10.0,10.0,10.0,10.0,10.0,11.0,11.0,12.0,12.0,12.0,13.0,13.0,13.0,13.0,13.0,13.0,13.0,13.0,,13.0,14.0,14.0,14.0,14.0,14.0,14.0,14.0,14.0,14.0,14.0,14.0,14.0,14.0,15.0,15.0,15.0,15.0,15.0,15.0,15.0,15.0,17.0,17.0,17.0,17.0,17.0,17.0,17.0,17.0,17.0,17.0,17.0,17.0,17.0,17.0,17.0,17.0,17.0,17.0,17.0,17.0,17.0,18.0,18.0,18.0,18.0,18.0,18.0,18.0,18.0,18.0,18.0,18.0,18.0,18.0,18.0,20.0,20.0,20.0,20.0,21.0,21.0,21.0,21.0,21.0,21.0,21.0,21.0,21.0,21.0,21.0,21.0,21.0,21.0,21.0,21.0,21.0,21.0,21.0,21.0,21.0,22.0,22.0,23.0,23.0,23.0,23.0,23.0,23.0,23.0,25.0,25.0,25.0,25.0,25.0,25.0,25.0,25.0,25.0,25.0,25.0,25.0,25.0,25.0,25.0,25.0,25.0,25.0,25.0,25.0,25.0,25.0,25.0,25.0,25.0,26.0,26.0,26.0,26.0,26.0,26.0,26.0,26.0,26.0,26.0,26.0,26.0,26.0,26.0,26.0,26.0,26.0,26.0,26.0,26.0,26.0,26.0,26.0,26.0,26.0,27.0,27.0,27.0,27.0,27.0,27.0,27.0,27.0,27.0,27.0,27.0,27.0,27
vuAp-MShrVw,,,,,,,,,,,,,,,,,,,,,,,191.0,266.0,294.0,312.0,314.0,320.0,321.0,320.0,320.0,320.0,321.0,323.0,323.0,323.0,325.0,326.0,327.0,327.0,329.0,330.0,330.0,330.0,330.0,330.0,331.0,356.0,356.0,359.0,359.0,359.0,359.0,,359.0,359.0,359.0,359.0,360.0,360.0,360.0,360.0,361.0,361.0,363.0,366.0,366.0,366.0,366.0,366.0,367.0,367.0,369.0,369.0,370.0,370.0,370.0,370.0,371.0,371.0,371.0,371.0,371.0,371.0,372.0,373.0,373.0,373.0,373.0,373.0,373.0,372.0,372.0,372.0,372.0,372.0,372.0,372.0,372.0,372.0,372.0,372.0,372.0,373.0,373.0,373.0,373.0,373.0,373.0,373.0,373.0,373.0,373.0,373.0,373.0,372.0,372.0,372.0,372.0,373.0,373.0,373.0,373.0,373.0,373.0,373.0,373.0,373.0,373.0,373.0,373.0,373.0,373.0,373.0,373.0,373.0,373.0,373.0,373.0,374.0,374.0,374.0,374.0,374.0,374.0,374.0,374.0,374.0,374.0,375.0,375.0,375.0,375.0,375.0,375.0,375.0,375.0,372.0,372.0,372.0,372.0,372.0,372.0,372.0,372.0,372.0,372.0,372.0,372.0,372.0,372.0,372.0,372.0,372.0,372.0,372.0,372.0,372.0,372.0,372.0,372.0,372.0,372.0,372.0,372.0,372.0,372.0,372.0,372.0,372.0,372.0,372.0,372.0,372.0,372.0,372.0,372.0,372.0,371.0,372.0,372.0,371.0,371.0,371.0,371.0,371.0,370.0,370
JUeZL0TyT3I,,,,,,,,,,,,,,,,,,,,,,,1543.0,2114.0,2207.0,2261.0,2291.0,2316.0,2326.0,2337.0,2346.0,2361.0,2377.0,2386.0,2392.0,2392.0,2391.0,2396.0,2399.0,2399.0,2400.0,2404.0,2407.0,2407.0,2404.0,2402.0,2402.0,2402.0,2401.0,2404.0,2406.0,2405.0,2407.0,,2408.0,2407.0,2408.0,2409.0,2408.0,2408.0,2408.0,2408.0,2408.0,2408.0,2410.0,2411.0,2411.0,2413.0,2413.0,2413.0,2412.0,2412.0,2412.0,2417.0,2420.0,2419.0,2421.0,2421.0,2425.0,2426.0,2426.0,2426.0,2426.0,2425.0,2424.0,2424.0,2425.0,2424.0,2424.0,2424.0,2424.0,2424.0,2425.0,2425.0,2425.0,2424.0,2423.0,2423.0,2423.0,2423.0,2423.0,2423.0,2423.0,2423.0,2423.0,2424.0,2424.0,2424.0,2425.0,2426.0,2426.0,2426.0,2426.0,2428.0,2427.0,2427.0,2427.0,2428.0,2428.0,2427.0,2428.0,2428.0,2428.0,2428.0,2428.0,2428.0,2428.0,2428.0,2428.0,2428.0,2428.0,2428.0,2427.0,2428.0,2428.0,2429.0,2429.0,2431.0,2432.0,2433.0,2433.0,2433.0,2433.0,2434.0,2434.0,2434.0,2414.0,2414.0,2417.0,2416.0,2416.0,2416.0,2416.0,2416.0,2416.0,2416.0,2416.0,2416.0,2416.0,2416.0,2416.0,2417.0,2417.0,2418.0,2418.0,2418.0,2418.0,2418.0,2417.0,2417.0,2417.0,2417.0,2417.0,2417.0,2416.0,2415.0,2415.0,2412.0,2411.0,2411.0,2410.0,2409.0,2409.0,2408.0,2408.0,2408.0,2400.0,2401.0,2401.0,2401.0,2401.0,2401.0,2401.0,2401.0,2401.0,2401.0,2401.0,2401.0,2401.0,2401.0,2401.0,2401.0,2401.0,2401.0,2401.0,2400.0,2400.0,2400
BN3sEtwD7qU,,,,,,,,,,,,,,,,,,,,,,,,8.0,11.0,12.0,16.0,20.0,21.0,22.0,22.0,23.0,23.0,23.0,23.0,23.0,23.0,23.0,23.0,24.0,24.0,26.0,29.0,29.0,29.0,29.0,29.0,29.0,29.0,29.0,29.0,30.0,30.0,,36.0,144.0,185.0,223.0,265.0,295.0,319.0,321.0,320.0,321.0,320.0,320.0,320.0,320.0,320.0,320.0,320.0,320.0,320.0,320.0,320.0,320.0,321.0,321.0,321.0,321.0,321.0,321.0,321.0,321.0,321.0,321.0,321.0,321.0,321.0,321.0,321.0,321.0,321.0,321.0,321.0,321.0,321.0,321.0,321.0,322.0,322.0,322.0,322.0,322.0,322.0,322.0,322.0,322.0,322.0,323.0,323.0,323.0,323.0,323.0,323.0,323.0,323.0,323.0,323.0,323.0,323.0,323.0,323.0,323.0,323.0,323.0,323.0,323.0,323.0,323.0,323.0,323.0,323.0,324.0,324.0,324.0,324.0,324.0,324.0,324.0,324.0,324.0,324.0,324.0,324.0,324.0,323.0,323.0,323.0,323.0,323.0,323.0,323.0,323.0,323.0,323.0,323.0,323.0,323.0,323.0,323.0,323.0,323.0,323.0,323.0,323.0,323.0,323.0,323.0,323.0,323.0,323.0,323.0,323.0,323.0,323.0,323.0,323.0,323.0,323.0,323.0,323.0,323.0,323.0,323.0,323.0,323.0,323.0,323.0,323.0,323.0,323.0,323.0,323.0,323.0,323.0,323.0,324.0,324.0,324.0,324.0,324.0,324.0,324.0,324.0,324.0,324.0,324
8k0qIUhaCD0,,,,,,,,,,,,,,,,,,,,,,,,2.0,5.0,6.0,8.0,8.0,8.0,9.0,9.0,9.0,9.0,9.0,9.0,9.0,9.0,9.0,9.0,9.0,9.0,9.0,9.0,9.0,9.0,9.0,9.0,9.0,9.0,9.0,9.0,9.0,9.0,,9.0,9.0,10.0,10.0,10.0,10.0,10.0,10.0,10.0,10.0,10.0,10.0,10.0,10.0,10.0,10.0,10.0,10.0,10.0,10.0,10.0,10.0,10.0,10.0,10.0,10.0,10.0,10.0,10.0,10.0,10.0,10.0,10.0,10.0,10.0,10.0,10.0,10.0,10.0,10.0,10.0,10.0,10.0,10.0,10.0,10.0,10.0,10.0,10.0,10.0,10.0,10.0,10.0,10.0,10.0,10.0,10.0,10.0,10.0,10.0,10.0,10.0,10.0,10.0,10.0,10.0,10.0,10.0,10.0,10.0,10.0,10.0,10.0,10.0,10.0,10.0,10.0,10.0,10.0,10.0,10.0,10.0,10.0,10.0,10.0,10.0,10.0,10.0,10.0,10.0,10.0,10.0,10.0,10.0,10.0,10.0,10.0,10.0,10.0,10.0,10.0,10.0,10.0,10.0,10.0,10.0,10.0,10.0,10.0,10.0,10.0,10.0,10.0,10.0,10.0,10.0,10.0,10.0,10.0,10.0,10.0,10.0,10.0,10.0,10.0,10.0,10.0,10.0,10.0,10.0,10.0,10.0,10.0,10.0,10.0,10.0,10.0,10.0,10.0,10.0,10.0,10.0,10.0,10.0,10.0,10.0,10.0,10.0,10.0,10.0,10.0,10.0,10.0,10
pOAKFUpMdd0,,,,,,,,,,,,,,,,,,,,,,,,,457.0,625.0,659.0,666.0,672.0,675.0,677.0,679.0,682.0,681.0,682.0,682.0,680.0,683.0,685.0,686.0,686.0,687.0,687.0,689.0,689.0,689.0,687.0,687.0,687.0,687.0,687.0,687.0,687.0,,687.0,687.0,686.0,686.0,686.0,686.0,686.0,686.0,686.0,686.0,686.0,686.0,686.0,686.0,686.0,686.0,686.0,686.0,686.0,686.0,686.0,686.0,686.0,686.0,686.0,686.0,685.0,685.0,685.0,685.0,684.0,684.0,684.0,684.0,683.0,683.0,683.0,683.0,683.0,683.0,683.0,683.0,683.0,683.0,683.0,683.0,683.0,683.0,683.0,683.0,683.0,683.0,683.0,683.0,683.0,683.0,683.0,683.0,683.0,683.0,683.0,683.0,683.0,683.0,683.0,683.0,683.0,683.0,683.0,683.0,683.0,683.0,683.0,683.0,683.0,683.0,683.0,683.0,683.0,683.0,683.0,683.0,683.0,683.0,683.0,683.0,683.0,683.0,683.0,683.0,683.0,683.0,683.0,683.0,683.0,683.0,683.0,683.0,683.0,683.0,683.0,683.0,683.0,683.0,683.0,683.0,683.0,683.0,683.0,683.0,682.0,682.0,682.0,682.0,681.0,681.0,681.0,681.0,681.0,681.0,681.0,681.0,681.0,681.0,681.0,681.0,681.0,681.0,681.0,681.0,681.0,681.0,681.0,681.0,681.0,681.0,681.0,681.0,681.0,681.0,681.0,681.0,681.0,681.0,681.0,681.0,681.0,681.0,681.0,681.0,681.0,681.0,681.0,681
8RAQSwpjFoE,,,,,,,,,,,,,,,,,,,,,,,,,,338.0,375.0,377.0,377.0,377.0,377.0,377.0,377.0,377.0,377.0,377.0,377.0,377.0,377.0,377.0,377.0,377.0,377.0,357.0,357.0,357.0,356.0,356.0,357.0,357.0,357.0,357.0,357.0,,355.0,355.0,355.0,355.0,355.0,355.0,355.0,355.0,355.0,355.0,356.0,356.0,355.0,355.0,355.0,356.0,356.0,356.0,356.0,356.0,356.0,356.0,356.0,356.0,356.0,356.0,356.0,356.0,356.0,356.0,356.0,356.0,356.0,356.0,356.0,356.0,356.0,356.0,356.0,356.0,356.0,356.0,356.0,356.0,356.0,356.0,356.0,356.0,356.0,356.0,356.0,356.0,356.0,356.0,356.0,356.0,356.0,356.0,356.0,356.0,356.0,356.0,356.0,356.0,356.0,356.0,356.0,355.0,355.0,355.0,355.0,355.0,354.0,354.0,354.0,353.0,353.0,353.0,353.0,353.0,353.0,353.0,353.0,353.0,353.0,353.0,353.0,353.0,353.0,353.0,353.0,353.0,353.0,353.0,353.0,353.0,353.0,353.0,352.0,352.0,352.0,352.0,352.0,352.0,352.0,352.0,352.0,352.0,352.0,352.0,352.0,352.0,352.0,352.0,352.0,352.0,350.0,350.0,350.0,350.0,350.0,350.0,350.0,350.0,350.0,350.0,350.0,350.0,350.0,350.0,350.0,350.0,350.0,350.0,350.0,350.0,350.0,350.0,350.0,350.0,350.0,350.0,350.0,350.0,350.0,350.0,350.0,350.0,350.0,350.0,350.0,350.0,350.0,350
wlR8b_uOfh4,,,,,,,,,,,,,,,,,,,,,,,,,,61.0,90.0,124.0,137.0,141.0,157.0,157.0,157.0,157.0,157.0,157.0,157.0,157.0,157.0,157.0,157.0,157.0,157.0,157.0,157.0,157.0,157.0,157.0,157.0,157.0,157.0,157.0,157.0,,158.0,158.0,158.0,158.0,158.0,158.0,156.0,156.0,156.0,156.0,156.0,156.0,156.0,156.0,156.0,156.0,156.0,156.0,156.0,156.0,156.0,156.0,156.0,156.0,156.0,156.0,156.0,156.0,156.0,156.0,156.0,156.0,156.0,156.0,156.0,156.0,156.0,156.0,156.0,156.0,156.0,156.0,156.0,156.0,155.0,155.0,155.0,155.0,155.0,155.0,155.0,155.0,155.0,155.0,155.0,155.0,155.0,155.0,155.0,155.0,155.0,155.0,155.0,155.0,155.0,155.0,155.0,155.0,155.0,155.0,155.0,155.0,155.0,155.0,155.0,155.0,155.0,155.0,155.0,155.0,155.0,155.0,155.0,155.0,155.0,155.0,155.0,155.0,155.0,155.0,155.0,155.0,155.0,155.0,155.0,155.0,155.0,155.0,155.0,155.0,155.0,155.0,155.0,155.0,155.0,155.0,155.0,155.0,155.0,155.0,155.0,155.0,155.0,155.0,155.0,155.0,155.0,155.0,155.0,155.0,155.0,155.0,155.0,155.0,155.0,155.0,155.0,155.0,155.0,155.0,155.0,155.0,155.0,155.0,155.0,155.0,155.0,155.0,155.0,155.0,155.0,155.0,154.0,154.0,154.0,154.0,154.0,154.0,154.0,154.0,154.0,154.0,154.0,154
XQ7vBKHMw7M,,,,,,,,,,,,,,,,,,,,,,,,,,596.0,661.0,703.0,735.0,758.0,770.0,776.0,782.0,787.0,792.0,796.0,797.0,799.0,799.0,801.0,802.0,803.0,802.0,803.0,803.0,803.0,803.0,803.0,804.0,804.0,804.0,804.0,804.0,,805.0,805.0,805.0,805.0,805.0,805.0,806.0,806.0,806.0,807.0,807.0,808.0,808.0,808.0,809.0,809.0,809.0,808.0,808.0,808.0,809.0,809.0,809.0,809.0,811.0,811.0,811.0,811.0,812.0,812.0,812.0,812.0,812.0,812.0,812.0,812.0,812.0,812.0,813.0,813.0,813.0,813.0,813.0,813.0,813.0,813.0,813.0,813.0,814.0,814.0,814.0,815.0,815.0,815.0,815.0,815.0,815.0,815.0,815.0,814.0,814.0,813.0,814.0,815.0,815.0,815.0,816.0,816.0,816.0,816.0,816.0,816.0,816.0,816.0,816.0,816.0,818.0,818.0,816.0,816.0,817.0,817.0,817.0,817.0,818.0,818.0,818.0,818.0,818.0,818.0,818.0,818.0,819.0,819.0,819.0,818.0,818.0,818.0,818.0,818.0,818.0,818.0,818.0,818.0,818.0,818.0,818.0,818.0,818.0,818.0,818.0,818.0,818.0,818.0,818.0,818.0,818.0,818.0,818.0,818.0,818.0,818.0,818.0,818.0,818.0,818.0,818.0,819.0,819.0,819.0,819.0,819.0,819.0,819.0,819.0,821.0,821.0,821.0,821.0,821.0,820.0,820.0,820.0,820.0,820.0,820.0,819.0,819.0,819.0,817.0,817.0,817.0,817.0,817
7ehdQWIV5Ik,,,,,,,,,,,,,,,,,,,,,,,,,,389.0,545.0,568.0,577.0,601.0,635.0,651.0,664.0,676.0,680.0,685.0,692.0,696.0,707.0,716.0,723.0,725.0,728.0,734.0,738.0,738.0,743.0,747.0,748.0,757.0,757.0,763.0,768.0,,775.0,776.0,778.0,785.0,787.0,790.0,796.0,796.0,798.0,802.0,806.0,807.0,812.0,814.0,816.0,820.0,822.0,823.0,827.0,829.0,834.0,841.0,843.0,844.0,848.0,852.0,855.0,860.0,862.0,865.0,869.0,872.0,875.0,878.0,880.0,883.0,886.0,889.0,891.0,895.0,897.0,899.0,901.0,903.0,906.0,908.0,908.0,916.0,921.0,924.0,927.0,929.0,931.0,934.0,938.0,938.0,942.0,948.0,944.0,949.0,952.0,952.0,952.0,956.0,958.0,959.0,963.0,967.0,972.0,974.0,977.0,978.0,978.0,982.0,982.0,984.0,986.0,988.0,988.0,991.0,991.0,996.0,998.0,1001.0,1005.0,1007.0,1010.0,1013.0,1015.0,1017.0,1020.0,1024.0,1029.0,1031.0,1034.0,1038.0,1043.0,1045.0,1049.0,1076.0,1080.0,1084.0,1090.0,1093.0,1071.0,1073.0,1077.0,1081.0,1082.0,1088.0,1094.0,1098.0,1100.0,1105.0,1108.0,1110.0,1112.0,1115.0,1118.0,1120.0,1122.0,1124.0,1126.0,1127.0,1129.0,1131.0,1131.0,1133.0,1135.0,1137.0,1139.0,1141.0,1142.0,1144.0,1144.0,1148.0,1150.0,1150.0,1154.0,1156.0,1159.0,1161.0,1165.0,1167.0,1191.0,1170.0,1173.0,1175.0,1177.0,1179.0,1181.0,1182.0,1186.0,1188
4qWUNxnZ35U,,,,,,,,,,,,,,,,,,,,,,,,,,976.0,983.0,988.0,996.0,1000.0,1002.0,1004.0,1007.0,1005.0,1007.0,1007.0,1008.0,1010.0,1009.0,1011.0,1012.0,1011.0,1012.0,1013.0,1013.0,1013.0,1013.0,1014.0,1014.0,1014.0,1014.0,1014.0,1013.0,,1013.0,1013.0,1013.0,1013.0,1013.0,1012.0,1011.0,1011.0,1011.0,1011.0,1011.0,1011.0,1010.0,1009.0,1009.0,1009.0,1009.0,1009.0,1009.0,1009.0,1009.0,1009.0,1008.0,1007.0,1007.0,1006.0,1005.0,1005.0,1005.0,1005.0,1005.0,1005.0,1005.0,1005.0,1005.0,1005.0,1006.0,1005.0,1005.0,1005.0,1005.0,1005.0,1005.0,1005.0,1005.0,1005.0,1005.0,1005.0,1004.0,1004.0,1004.0,1004.0,1004.0,1004.0,1004.0,1003.0,1003.0,1003.0,1004.0,1004.0,1004.0,1004.0,1004.0,1004.0,1004.0,1004.0,1003.0,1002.0,1002.0,1002.0,1002.0,1002.0,1002.0,1002.0,1002.0,1001.0,991.0,991.0,991.0,991.0,991.0,991.0,991.0,991.0,991.0,991.0,991.0,991.0,992.0,992.0,992.0,992.0,992.0,992.0,991.0,991.0,991.0,991.0,990.0,990.0,990.0,990.0,989.0,989.0,988.0,988.0,988.0,988.0,988.0,988.0,988.0,988.0,988.0,988.0,988.0,988.0,988.0,988.0,988.0,988.0,989.0,984.0,984.0,984.0,984.0,984.0,984.0,980.0,980.0,980.0,980.0,980.0,980.0,980.0,980.0,980.0,979.0,978.0,977.0,977.0,977.0,977.0,977.0,977.0,977.0,977.0,977.0,976.0,976.0,975.0,975.0,975.0,974.0,973
OaBsMBK1Bgo,,,,,,,,,,,,,,,,,,,,,,,,,,,0.0,0.0,0.0,0.0,0.0,0.0,0.0,0.0,0.0,0.0,0.0,0.0,0.0,0.0,0.0,0.0,0.0,0.0,0.0,0.0,0.0,0.0,0.0,0.0,0.0,0.0,0.0,,0.0,0.0,0.0,0.0,0.0,0.0,0.0,0.0,0.0,0.0,0.0,0.0,0.0,0.0,0.0,0.0,0.0,0.0,0.0,0.0,0.0,0.0,0.0,0.0,0.0,0.0,0.0,0.0,0.0,0.0,0.0,0.0,0.0,0.0,0.0,0.0,0.0,0.0,0.0,0.0,0.0,0.0,0.0,0.0,0.0,0.0,0.0,0.0,0.0,0.0,0.0,0.0,0.0,0.0,0.0,0.0,0.0,0.0,0.0,0.0,0.0,0.0,0.0,0.0,0.0,0.0,0.0,0.0,0.0,0.0,0.0,0.0,0.0,0.0,0.0,0.0,0.0,0.0,0.0,0.0,0.0,0.0,0.0,0.0,0.0,0.0,0.0,0.0,0.0,0.0,0.0,0.0,0.0,0.0,0.0,0.0,0.0,0.0,0.0,0.0,0.0,0.0,0.0,0.0,0.0,0.0,0.0,0.0,0.0,0.0,0.0,0.0,0.0,0.0,0.0,0.0,0.0,0.0,0.0,0.0,0.0,0.0,0.0,0.0,0.0,0.0,0.0,0.0,0.0,0.0,0.0,0.0,0.0,0.0,0.0,0.0,0.0,0.0,0.0,0.0,0.0,0.0,0.0,0.0,0.0,0.0,0.0,0.0,0.0,0.0,0.0,0.0,0.0,0
1hRzRN2bs3k,,,,,,,,,,,,,,,,,,,,,,,,,,,84.0,112.0,125.0,129.0,129.0,131.0,134.0,137.0,139.0,140.0,140.0,141.0,141.0,142.0,142.0,144.0,154.0,198.0,200.0,200.0,200.0,200.0,201.0,201.0,203.0,203.0,203.0,,204.0,204.0,204.0,204.0,204.0,204.0,204.0,204.0,204.0,204.0,204.0,204.0,204.0,204.0,204.0,204.0,204.0,204.0,205.0,205.0,206.0,206.0,205.0,206.0,206.0,206.0,207.0,207.0,207.0,207.0,207.0,207.0,207.0,207.0,207.0,207.0,207.0,207.0,207.0,207.0,207.0,207.0,207.0,207.0,207.0,208.0,208.0,208.0,208.0,208.0,208.0,208.0,208.0,208.0,208.0,208.0,208.0,208.0,208.0,208.0,208.0,208.0,208.0,208.0,209.0,209.0,209.0,209.0,209.0,209.0,209.0,209.0,209.0,209.0,209.0,209.0,209.0,209.0,209.0,209.0,209.0,209.0,209.0,209.0,210.0,210.0,211.0,211.0,211.0,211.0,211.0,211.0,211.0,211.0,211.0,211.0,211.0,211.0,212.0,212.0,212.0,212.0,212.0,212.0,212.0,212.0,212.0,212.0,212.0,212.0,213.0,213.0,213.0,213.0,213.0,213.0,213.0,213.0,213.0,213.0,213.0,213.0,213.0,213.0,213.0,213.0,213.0,213.0,213.0,213.0,213.0,213.0,213.0,212.0,212.0,213.0,213.0,213.0,213.0,213.0,213.0,213.0,213.0,213.0,213.0,213.0,214.0,213.0,213.0,213.0,213.0,213.0,213.0,213
X4vFdfSsMmA,,,,,,,,,,,,,,,,,,,,,,,,,,,,5.0,10.0,10.0,10.0,10.0,10.0,10.0,10.0,10.0,10.0,10.0,10.0,10.0,10.0,10.0,10.0,10.0,10.0,10.0,10.0,10.0,10.0,10.0,10.0,10.0,10.0,,10.0,10.0,10.0,10.0,10.0,10.0,10.0,10.0,10.0,10.0,10.0,10.0,10.0,10.0,10.0,10.0,10.0,10.0,10.0,10.0,10.0,10.0,10.0,10.0,10.0,10.0,10.0,10.0,10.0,10.0,10.0,10.0,10.0,10.0,10.0,10.0,10.0,10.0,10.0,10.0,10.0,10.0,10.0,10.0,10.0,10.0,10.0,10.0,10.0,10.0,10.0,10.0,10.0,10.0,10.0,10.0,10.0,10.0,10.0,10.0,10.0,10.0,10.0,10.0,10.0,10.0,10.0,10.0,10.0,10.0,10.0,10.0,10.0,10.0,10.0,10.0,10.0,10.0,10.0,10.0,10.0,10.0,10.0,10.0,10.0,10.0,10.0,10.0,10.0,10.0,10.0,10.0,10.0,10.0,10.0,10.0,10.0,10.0,10.0,10.0,10.0,10.0,10.0,10.0,10.0,10.0,10.0,10.0,10.0,10.0,10.0,10.0,10.0,10.0,11.0,11.0,11.0,11.0,11.0,11.0,11.0,12.0,12.0,12.0,12.0,12.0,12.0,12.0,12.0,12.0,12.0,12.0,12.0,12.0,12.0,12.0,12.0,12.0,12.0,12.0,12.0,12.0,12.0,12.0,12.0,12.0,12.0,12.0,12.0,12.0,12.0,12.0,12.0,12
kI9YD61ehIw,,,,,,,,,,,,,,,,,,,,,,,,,,,,654.0,964.0,1108.0,1188.0,1240.0,1270.0,1338.0,1379.0,1429.0,1467.0,1496.0,1508.0,1552.0,1577.0,1591.0,1600.0,1606.0,1613.0,1617.0,1626.0,1632.0,1634.0,1637.0,1642.0,1648.0,1652.0,,1661.0,1661.0,1664.0,1666.0,1669.0,1673.0,1678.0,1679.0,1680.0,1681.0,1683.0,1685.0,1690.0,1691.0,1693.0,1696.0,1698.0,1699.0,1700.0,1701.0,1703.0,1707.0,1711.0,1712.0,1712.0,1715.0,1716.0,1715.0,1716.0,1721.0,1725.0,1725.0,1727.0,1729.0,1731.0,1732.0,1734.0,1734.0,1734.0,1734.0,1739.0,1740.0,1741.0,1743.0,1744.0,1745.0,1745.0,1748.0,1748.0,1748.0,1748.0,1748.0,1748.0,1748.0,1750.0,1753.0,1753.0,1753.0,1755.0,1754.0,1754.0,1754.0,1755.0,1755.0,1755.0,1757.0,1757.0,1758.0,1757.0,1757.0,1757.0,1758.0,1758.0,1758.0,1760.0,1760.0,1760.0,1760.0,1759.0,1759.0,1759.0,1759.0,1759.0,1759.0,1758.0,1760.0,1760.0,1763.0,1763.0,1764.0,1765.0,1765.0,1769.0,1771.0,1771.0,1771.0,1772.0,1772.0,1772.0,1773.0,1773.0,1773.0,1773.0,1773.0,1773.0,1774.0,1775.0,1775.0,1774.0,1775.0,1776.0,1777.0,1777.0,1776.0,1776.0,1778.0,1776.0,1776.0,1776.0,1777.0,1779.0,1779.0,1779.0,1779.0,1779.0,1779.0,1780.0,1780.0,1782.0,1783.0,1784.0,1784.0,1784.0,1784.0,1784.0,1784.0,1784.0,1784.0,1785.0,1786.0,1786.0,1786.0,1786.0,1786.0,1786.0,1786.0,1787.0,1788.0,1788.0,1788.0,1788.0,1788.0,1788.0,1788
IWeJUiyqFes,,,,,,,,,,,,,,,,,,,,,,,,,,,,,102.0,111.0,113.0,113.0,114.0,114.0,114.0,114.0,114.0,114.0,114.0,114.0,114.0,115.0,115.0,116.0,116.0,116.0,116.0,116.0,116.0,116.0,117.0,117.0,117.0,,117.0,117.0,117.0,117.0,117.0,117.0,117.0,117.0,117.0,117.0,117.0,117.0,117.0,117.0,117.0,117.0,117.0,117.0,117.0,117.0,117.0,117.0,117.0,117.0,117.0,117.0,117.0,117.0,117.0,117.0,117.0,117.0,117.0,117.0,117.0,117.0,117.0,117.0,117.0,117.0,117.0,117.0,117.0,117.0,117.0,117.0,117.0,117.0,117.0,117.0,117.0,117.0,117.0,117.0,117.0,117.0,117.0,117.0,117.0,117.0,117.0,117.0,117.0,117.0,117.0,117.0,116.0,116.0,116.0,116.0,116.0,116.0,116.0,116.0,116.0,116.0,117.0,117.0,117.0,117.0,117.0,117.0,117.0,117.0,117.0,117.0,117.0,117.0,117.0,117.0,117.0,117.0,117.0,117.0,117.0,117.0,117.0,117.0,117.0,117.0,117.0,117.0,117.0,117.0,117.0,117.0,117.0,117.0,117.0,117.0,117.0,117.0,117.0,117.0,117.0,117.0,117.0,117.0,117.0,117.0,117.0,117.0,117.0,117.0,117.0,117.0,117.0,117.0,117.0,117.0,117.0,117.0,117.0,117.0,117.0,117.0,117.0,117.0,117.0,117.0,117.0,117.0,117.0,117.0,117.0,117.0,117.0,117.0,117.0,117.0,117.0,117.0,117.0,117
-xw1nTIH50I,,,,,,,,,,,,,,,,,,,,,,,,,,,,,64.0,71.0,75.0,76.0,79.0,80.0,81.0,81.0,81.0,81.0,81.0,82.0,83.0,83.0,85.0,87.0,87.0,87.0,87.0,88.0,88.0,88.0,90.0,90.0,90.0,,92.0,92.0,85.0,86.0,86.0,86.0,86.0,87.0,89.0,89.0,89.0,89.0,89.0,89.0,89.0,89.0,90.0,90.0,90.0,90.0,90.0,90.0,90.0,90.0,90.0,90.0,90.0,90.0,90.0,90.0,91.0,91.0,91.0,91.0,91.0,91.0,92.0,92.0,93.0,94.0,94.0,95.0,95.0,95.0,95.0,95.0,95.0,95.0,95.0,95.0,95.0,95.0,95.0,95.0,96.0,95.0,95.0,95.0,95.0,96.0,96.0,97.0,97.0,97.0,99.0,99.0,99.0,99.0,99.0,95.0,95.0,95.0,96.0,96.0,97.0,98.0,99.0,99.0,99.0,99.0,99.0,99.0,99.0,100.0,100.0,98.0,98.0,99.0,99.0,99.0,99.0,99.0,99.0,99.0,99.0,99.0,99.0,99.0,99.0,99.0,99.0,100.0,100.0,100.0,100.0,100.0,101.0,101.0,101.0,101.0,101.0,101.0,101.0,101.0,101.0,100.0,100.0,100.0,100.0,100.0,100.0,100.0,100.0,100.0,,,,,,,,,,,,,,,,,,,,,,,,,,100.0,100.0,100.0,101.0,101
2M65XQn-2Pk,,,,,,,,,,,,,,,,,,,,,,,,,,,,,206.0,257.0,265.0,270.0,271.0,273.0,276.0,281.0,282.0,283.0,283.0,284.0,284.0,285.0,285.0,287.0,287.0,287.0,287.0,287.0,287.0,287.0,288.0,288.0,288.0,,289.0,289.0,289.0,289.0,289.0,289.0,289.0,289.0,289.0,289.0,289.0,289.0,289.0,289.0,289.0,289.0,289.0,289.0,289.0,289.0,289.0,289.0,289.0,289.0,290.0,289.0,288.0,288.0,288.0,288.0,288.0,288.0,288.0,288.0,288.0,288.0,289.0,290.0,290.0,290.0,290.0,290.0,290.0,290.0,290.0,290.0,290.0,290.0,290.0,290.0,290.0,290.0,290.0,290.0,291.0,292.0,292.0,292.0,292.0,292.0,292.0,292.0,292.0,292.0,292.0,292.0,292.0,291.0,291.0,291.0,291.0,291.0,291.0,292.0,292.0,292.0,293.0,293.0,293.0,293.0,293.0,293.0,293.0,293.0,293.0,293.0,293.0,294.0,295.0,295.0,295.0,295.0,295.0,295.0,295.0,295.0,295.0,295.0,295.0,295.0,295.0,295.0,295.0,295.0,295.0,295.0,295.0,296.0,296.0,295.0,295.0,296.0,296.0,296.0,296.0,296.0,297.0,297.0,297.0,297.0,297.0,297.0,297.0,297.0,297.0,297.0,298.0,298.0,298.0,298.0,298.0,298.0,298.0,298.0,298.0,298.0,299.0,299.0,299.0,299.0,299.0,299.0,299.0,299.0,299.0,299.0,298.0,298.0,299.0,299.0,299.0,299.0,300.0,300
AEYrm_IFoKk,,,,,,,,,,,,,,,,,,,,,,,,,,,,,100.0,122.0,142.0,158.0,166.0,173.0,178.0,181.0,187.0,185.0,186.0,189.0,192.0,192.0,193.0,196.0,196.0,198.0,200.0,200.0,201.0,203.0,203.0,203.0,203.0,,204.0,204.0,206.0,206.0,206.0,206.0,206.0,206.0,207.0,207.0,207.0,207.0,207.0,207.0,207.0,207.0,207.0,207.0,207.0,208.0,210.0,213.0,213.0,213.0,213.0,215.0,215.0,218.0,218.0,218.0,218.0,218.0,218.0,218.0,218.0,218.0,218.0,218.0,218.0,218.0,218.0,218.0,218.0,218.0,218.0,218.0,218.0,218.0,218.0,219.0,219.0,219.0,219.0,219.0,219.0,219.0,219.0,219.0,219.0,219.0,219.0,219.0,219.0,219.0,219.0,219.0,219.0,219.0,219.0,219.0,219.0,219.0,219.0,219.0,219.0,219.0,219.0,219.0,219.0,219.0,219.0,219.0,219.0,219.0,219.0,219.0,219.0,219.0,219.0,219.0,219.0,219.0,219.0,219.0,219.0,219.0,219.0,219.0,219.0,219.0,219.0,219.0,219.0,220.0,220.0,220.0,220.0,220.0,220.0,220.0,220.0,220.0,220.0,220.0,220.0,220.0,220.0,220.0,220.0,220.0,220.0,220.0,219.0,219.0,219.0,219.0,219.0,219.0,219.0,219.0,219.0,219.0,219.0,219.0,219.0,219.0,219.0,219.0,219.0,219.0,219.0,221.0,221.0,221.0,221.0,221.0,221.0,221.0,221.0,221.0,221.0,221.0,221.0,221
KyRERlh3X28,,,,,,,,,,,,,,,,,,,,,,,,,,,,,492.0,497.0,500.0,500.0,501.0,502.0,504.0,506.0,506.0,508.0,511.0,514.0,514.0,514.0,514.0,516.0,516.0,509.0,510.0,511.0,511.0,511.0,511.0,512.0,512.0,,513.0,513.0,513.0,515.0,515.0,515.0,515.0,515.0,516.0,517.0,518.0,518.0,518.0,519.0,520.0,521.0,521.0,521.0,522.0,522.0,524.0,525.0,525.0,525.0,526.0,527.0,527.0,527.0,527.0,527.0,527.0,528.0,528.0,528.0,529.0,529.0,529.0,529.0,531.0,531.0,531.0,532.0,532.0,532.0,534.0,539.0,540.0,540.0,540.0,540.0,540.0,541.0,541.0,541.0,542.0,542.0,542.0,543.0,543.0,543.0,543.0,545.0,545.0,545.0,545.0,545.0,545.0,545.0,545.0,545.0,549.0,549.0,549.0,549.0,550.0,550.0,550.0,550.0,551.0,541.0,542.0,542.0,542.0,543.0,544.0,544.0,545.0,546.0,547.0,547.0,547.0,547.0,547.0,552.0,553.0,556.0,558.0,559.0,559.0,559.0,561.0,562.0,562.0,564.0,568.0,569.0,569.0,569.0,569.0,569.0,570.0,570.0,570.0,570.0,570.0,570.0,570.0,570.0,570.0,570.0,570.0,570.0,570.0,570.0,570.0,570.0,570.0,570.0,570.0,570.0,572.0,572.0,572.0,572.0,572.0,572.0,572.0,572.0,572.0,572.0,572.0,574.0,574.0,574.0,573.0,573.0,573.0,573.0,573.0,574.0,575.0,575.0,575.0,575
VSzrNrTeXMM,,,,,,,,,,,,,,,,,,,,,,,,,,,,,,44.0,85.0,122.0,142.0,147.0,150.0,151.0,154.0,154.0,154.0,154.0,154.0,154.0,155.0,156.0,156.0,156.0,156.0,156.0,156.0,156.0,156.0,158.0,158.0,,157.0,157.0,157.0,157.0,156.0,156.0,158.0,158.0,159.0,160.0,160.0,159.0,160.0,160.0,160.0,160.0,160.0,160.0,160.0,161.0,161.0,161.0,161.0,161.0,161.0,161.0,161.0,161.0,161.0,162.0,162.0,162.0,162.0,162.0,162.0,162.0,162.0,162.0,162.0,162.0,162.0,162.0,162.0,162.0,163.0,163.0,163.0,163.0,163.0,163.0,163.0,163.0,163.0,163.0,163.0,163.0,163.0,163.0,163.0,163.0,163.0,163.0,158.0,158.0,158.0,160.0,160.0,160.0,160.0,160.0,160.0,160.0,160.0,160.0,160.0,160.0,160.0,160.0,160.0,161.0,161.0,161.0,161.0,161.0,161.0,161.0,161.0,161.0,161.0,161.0,161.0,161.0,161.0,161.0,161.0,161.0,161.0,161.0,161.0,161.0,161.0,162.0,162.0,163.0,163.0,163.0,163.0,163.0,163.0,163.0,163.0,163.0,163.0,163.0,163.0,163.0,163.0,163.0,163.0,163.0,163.0,163.0,163.0,163.0,163.0,163.0,163.0,163.0,163.0,163.0,163.0,163.0,163.0,163.0,163.0,163.0,163.0,163.0,163.0,163.0,163.0,163.0,163.0,163.0,163.0,163.0,163.0,163.0,163.0,163.0,163.0,163.0,163.0,163
77IbsMVWyuQ,,,,,,,,,,,,,,,,,,,,,,,,,,,,,,110.0,149.0,171.0,174.0,176.0,179.0,182.0,185.0,184.0,183.0,182.0,182.0,182.0,182.0,183.0,184.0,184.0,184.0,186.0,185.0,185.0,185.0,185.0,186.0,,186.0,185.0,185.0,186.0,186.0,186.0,186.0,186.0,186.0,186.0,186.0,186.0,186.0,186.0,186.0,186.0,185.0,185.0,185.0,185.0,185.0,185.0,185.0,185.0,185.0,185.0,185.0,185.0,185.0,185.0,185.0,185.0,187.0,187.0,187.0,187.0,187.0,187.0,187.0,187.0,187.0,188.0,188.0,188.0,188.0,188.0,188.0,188.0,188.0,188.0,188.0,188.0,189.0,189.0,189.0,189.0,189.0,189.0,189.0,189.0,189.0,188.0,188.0,188.0,190.0,190.0,190.0,190.0,190.0,191.0,191.0,191.0,191.0,191.0,191.0,191.0,191.0,192.0,193.0,192.0,192.0,192.0,192.0,192.0,192.0,192.0,192.0,192.0,193.0,193.0,193.0,193.0,193.0,193.0,193.0,193.0,193.0,193.0,193.0,193.0,193.0,193.0,194.0,194.0,194.0,194.0,194.0,194.0,194.0,194.0,194.0,194.0,194.0,194.0,194.0,194.0,194.0,194.0,194.0,194.0,194.0,194.0,194.0,194.0,194.0,194.0,194.0,194.0,194.0,194.0,194.0,194.0,194.0,194.0,194.0,194.0,194.0,194.0,194.0,194.0,194.0,194.0,194.0,194.0,194.0,194.0,194.0,194.0,194.0,194.0,194.0,194.0,194.0,194
FG2BQp9oRik,,,,,,,,,,,,,,,,,,,,,,,,,,,,,,0.0,0.0,0.0,0.0,0.0,0.0,0.0,0.0,0.0,0.0,0.0,0.0,0.0,0.0,0.0,0.0,0.0,0.0,0.0,0.0,0.0,0.0,0.0,0.0,,0.0,0.0,0.0,0.0,0.0,0.0,0.0,0.0,0.0,0.0,0.0,0.0,0.0,0.0,0.0,0.0,0.0,0.0,0.0,0.0,0.0,0.0,1.0,1.0,1.0,1.0,1.0,1.0,1.0,1.0,1.0,1.0,1.0,1.0,1.0,1.0,1.0,1.0,1.0,1.0,1.0,1.0,1.0,1.0,3.0,3.0,3.0,3.0,3.0,3.0,3.0,3.0,3.0,3.0,3.0,3.0,3.0,3.0,3.0,3.0,3.0,3.0,3.0,3.0,3.0,3.0,3.0,3.0,3.0,3.0,3.0,3.0,3.0,3.0,3.0,3.0,3.0,3.0,3.0,3.0,3.0,3.0,3.0,3.0,3.0,3.0,3.0,3.0,3.0,3.0,3.0,3.0,3.0,3.0,3.0,3.0,3.0,3.0,3.0,3.0,3.0,3.0,3.0,3.0,3.0,3.0,3.0,3.0,3.0,3.0,3.0,3.0,3.0,3.0,3.0,3.0,3.0,3.0,3.0,3.0,3.0,3.0,3.0,3.0,3.0,3.0,3.0,3.0,3.0,3.0,3.0,3.0,3.0,3.0,3.0,3.0,3.0,3.0,3.0,3.0,3.0,3.0,3.0,3.0,3.0,3.0,3.0,3.0,3.0,3.0,3.0,3.0,3.0,3
Qcz-7evvAqY,,,,,,,,,,,,,,,,,,,,,,,,,,,,,,1591.0,2098.0,2493.0,2708.0,2867.0,2989.0,3152.0,3285.0,3411.0,3543.0,3637.0,3714.0,3767.0,3829.0,3931.0,4007.0,4057.0,4100.0,4149.0,4193.0,4221.0,4259.0,4340.0,4370.0,,4424.0,4451.0,4484.0,4505.0,4522.0,4543.0,4559.0,4591.0,4628.0,4656.0,4685.0,4715.0,4746.0,4753.0,4768.0,4787.0,4815.0,4831.0,4846.0,4855.0,4880.0,4905.0,4931.0,4955.0,4975.0,4996.0,5010.0,5018.0,5034.0,5041.0,5051.0,5074.0,5089.0,5105.0,5124.0,5142.0,5154.0,5167.0,5182.0,5187.0,5201.0,5210.0,5221.0,5234.0,5242.0,5250.0,5262.0,5268.0,5281.0,5294.0,5301.0,5306.0,5312.0,5324.0,5338.0,5347.0,5352.0,5363.0,5372.0,5377.0,5383.0,5384.0,5396.0,5401.0,5405.0,5409.0,5415.0,5419.0,5427.0,5430.0,5167.0,5175.0,5178.0,5186.0,5192.0,5197.0,5201.0,5212.0,5213.0,5221.0,5231.0,5239.0,5243.0,5247.0,5251.0,5261.0,5266.0,5277.0,5284.0,5291.0,5311.0,5318.0,5319.0,5326.0,5332.0,5336.0,5249.0,5254.0,5259.0,5265.0,5273.0,5283.0,5291.0,5297.0,5301.0,5302.0,5308.0,5314.0,5325.0,5332.0,5336.0,5346.0,5353.0,5358.0,5365.0,5370.0,5373.0,5384.0,5387.0,5421.0,5434.0,5443.0,5451.0,5479.0,5539.0,5548.0,5562.0,5568.0,5573.0,5577.0,5592.0,5603.0,5608.0,5613.0,5622.0,5626.0,5629.0,5633.0,5639.0,5649.0,5655.0,5660.0,5668.0,5673.0,5678.0,5684.0,5684.0,5690.0,5692.0,5694.0,5696.0,5701.0,5705.0,5705
LvoIv3PTk9c,,,,,,,,,,,,,,,,,,,,,,,,,,,,,,,2.0,2.0,2.0,2.0,2.0,2.0,2.0,2.0,2.0,2.0,2.0,2.0,2.0,2.0,2.0,2.0,2.0,2.0,2.0,2.0,2.0,2.0,2.0,,2.0,2.0,2.0,2.0,2.0,2.0,2.0,2.0,2.0,2.0,2.0,2.0,2.0,2.0,2.0,2.0,2.0,2.0,2.0,2.0,2.0,2.0,2.0,2.0,2.0,2.0,2.0,2.0,2.0,2.0,2.0,2.0,2.0,2.0,2.0,2.0,2.0,2.0,2.0,2.0,2.0,2.0,2.0,2.0,2.0,2.0,2.0,2.0,2.0,2.0,2.0,2.0,2.0,2.0,2.0,2.0,2.0,2.0,2.0,2.0,2.0,2.0,2.0,2.0,2.0,2.0,2.0,2.0,2.0,2.0,2.0,2.0,2.0,2.0,2.0,2.0,2.0,2.0,2.0,2.0,2.0,2.0,2.0,2.0,2.0,2.0,2.0,2.0,2.0,2.0,2.0,2.0,2.0,2.0,2.0,2.0,2.0,2.0,2.0,2.0,2.0,2.0,2.0,2.0,2.0,2.0,2.0,2.0,2.0,2.0,2.0,2.0,2.0,2.0,2.0,2.0,2.0,2.0,2.0,2.0,2.0,2.0,2.0,2.0,2.0,2.0,2.0,2.0,2.0,2.0,2.0,2.0,2.0,2.0,2.0,2.0,2.0,2.0,2.0,2.0,2.0,2.0,2.0,2.0,2.0,2.0,2.0,2.0,2.0,2.0,3.0,3.0,3.0,3
8m932pAU0f8,,,,,,,,,,,,,,,,,,,,,,,,,,,,,,,6.0,6.0,7.0,9.0,9.0,9.0,10.0,10.0,10.0,10.0,10.0,10.0,10.0,10.0,10.0,10.0,10.0,10.0,10.0,10.0,10.0,10.0,10.0,,10.0,10.0,10.0,10.0,10.0,10.0,10.0,10.0,10.0,10.0,10.0,10.0,10.0,10.0,10.0,10.0,10.0,10.0,10.0,10.0,10.0,10.0,10.0,10.0,10.0,10.0,10.0,10.0,10.0,10.0,10.0,10.0,10.0,10.0,10.0,10.0,10.0,10.0,10.0,10.0,10.0,10.0,10.0,10.0,10.0,10.0,10.0,10.0,10.0,10.0,10.0,10.0,10.0,10.0,10.0,10.0,10.0,10.0,10.0,10.0,10.0,10.0,10.0,10.0,10.0,10.0,10.0,10.0,10.0,10.0,10.0,10.0,10.0,10.0,10.0,10.0,10.0,10.0,10.0,10.0,10.0,10.0,10.0,10.0,10.0,10.0,10.0,10.0,10.0,10.0,10.0,10.0,10.0,10.0,10.0,10.0,10.0,10.0,10.0,10.0,10.0,10.0,10.0,10.0,10.0,10.0,10.0,10.0,10.0,10.0,10.0,10.0,10.0,10.0,10.0,10.0,10.0,10.0,10.0,10.0,10.0,10.0,10.0,10.0,10.0,10.0,10.0,10.0,10.0,10.0,10.0,10.0,10.0,10.0,10.0,10.0,10.0,10.0,10.0,10.0,10.0,10.0,10.0,10.0,10.0,10.0,10.0,10.0,10.0,10.0,10.0,10.0,10.0,10
unlgFDu7-pA,,,,,,,,,,,,,,,,,,,,,,,,,,,,,,,5.0,5.0,5.0,5.0,6.0,6.0,6.0,6.0,6.0,6.0,6.0,6.0,6.0,6.0,6.0,6.0,6.0,6.0,6.0,6.0,6.0,6.0,6.0,,6.0,6.0,6.0,6.0,6.0,6.0,6.0,6.0,6.0,6.0,6.0,6.0,6.0,6.0,6.0,6.0,6.0,6.0,6.0,6.0,6.0,6.0,6.0,6.0,6.0,6.0,6.0,6.0,6.0,6.0,6.0,6.0,7.0,7.0,7.0,7.0,7.0,7.0,7.0,7.0,7.0,7.0,7.0,7.0,7.0,7.0,7.0,7.0,7.0,7.0,7.0,7.0,7.0,7.0,7.0,7.0,7.0,7.0,7.0,7.0,7.0,7.0,7.0,7.0,7.0,7.0,7.0,7.0,7.0,7.0,7.0,7.0,7.0,7.0,7.0,7.0,7.0,7.0,7.0,7.0,7.0,7.0,7.0,7.0,7.0,7.0,7.0,7.0,7.0,7.0,7.0,7.0,7.0,7.0,7.0,7.0,7.0,7.0,7.0,7.0,7.0,7.0,7.0,7.0,7.0,7.0,7.0,7.0,7.0,7.0,7.0,7.0,7.0,7.0,7.0,7.0,7.0,7.0,7.0,7.0,7.0,7.0,7.0,7.0,7.0,7.0,7.0,7.0,7.0,7.0,7.0,7.0,7.0,7.0,7.0,7.0,7.0,7.0,7.0,7.0,7.0,7.0,7.0,7.0,7.0,7.0,7.0,7.0,7.0,7.0,7.0,7.0,7.0,7
3NqKXg2gxcc,,,,,,,,,,,,,,,,,,,,,,,,,,,,,,,21.0,21.0,22.0,24.0,28.0,30.0,31.0,31.0,32.0,33.0,33.0,33.0,33.0,33.0,33.0,33.0,33.0,34.0,35.0,35.0,35.0,35.0,36.0,,37.0,38.0,39.0,39.0,39.0,39.0,39.0,39.0,39.0,39.0,39.0,39.0,39.0,39.0,39.0,38.0,38.0,38.0,38.0,38.0,38.0,39.0,39.0,39.0,40.0,40.0,40.0,40.0,41.0,41.0,41.0,41.0,41.0,41.0,41.0,41.0,41.0,41.0,41.0,41.0,41.0,41.0,41.0,41.0,41.0,41.0,41.0,41.0,41.0,41.0,41.0,42.0,43.0,43.0,44.0,44.0,45.0,46.0,47.0,48.0,48.0,48.0,48.0,48.0,48.0,48.0,48.0,48.0,48.0,48.0,48.0,49.0,50.0,51.0,51.0,51.0,51.0,51.0,51.0,51.0,51.0,51.0,51.0,51.0,51.0,51.0,51.0,51.0,51.0,51.0,51.0,52.0,52.0,52.0,52.0,52.0,52.0,53.0,53.0,53.0,53.0,54.0,54.0,54.0,54.0,54.0,54.0,54.0,54.0,54.0,54.0,54.0,54.0,54.0,54.0,54.0,54.0,54.0,55.0,55.0,55.0,55.0,55.0,55.0,55.0,55.0,55.0,55.0,55.0,55.0,55.0,55.0,55.0,55.0,55.0,55.0,55.0,55.0,55.0,55.0,55.0,56.0,56.0,56.0,56.0,56.0,56.0,56.0,56.0,56.0,56.0,56.0,56.0,56
bAENPpwyOU4,,,,,,,,,,,,,,,,,,,,,,,,,,,,,,,283.0,311.0,325.0,345.0,352.0,368.0,374.0,383.0,391.0,403.0,413.0,413.0,414.0,418.0,418.0,418.0,418.0,418.0,418.0,419.0,420.0,421.0,421.0,,422.0,423.0,423.0,423.0,423.0,424.0,424.0,426.0,425.0,425.0,425.0,425.0,425.0,425.0,425.0,425.0,425.0,425.0,425.0,425.0,425.0,425.0,425.0,428.0,439.0,451.0,451.0,457.0,462.0,471.0,472.0,472.0,481.0,486.0,491.0,491.0,491.0,492.0,493.0,493.0,494.0,494.0,494.0,494.0,494.0,494.0,494.0,494.0,494.0,494.0,494.0,494.0,494.0,495.0,495.0,495.0,495.0,495.0,495.0,495.0,495.0,495.0,495.0,495.0,495.0,495.0,495.0,495.0,495.0,495.0,495.0,495.0,495.0,495.0,495.0,495.0,495.0,495.0,495.0,495.0,495.0,495.0,495.0,495.0,495.0,495.0,495.0,495.0,495.0,495.0,495.0,495.0,495.0,495.0,495.0,495.0,495.0,495.0,495.0,495.0,495.0,495.0,496.0,496.0,496.0,496.0,496.0,496.0,496.0,496.0,496.0,496.0,496.0,496.0,496.0,496.0,496.0,496.0,496.0,496.0,496.0,496.0,496.0,496.0,496.0,496.0,496.0,496.0,496.0,496.0,496.0,496.0,496.0,496.0,496.0,496.0,497.0,497.0,497.0,497.0,497.0,498.0,498.0,498.0,498.0,498.0,498.0,499.0,499.0,499.0,499.0,499.0,499.0,499
CuHBrVR5J7s,,,,,,,,,,,,,,,,,,,,,,,,,,,,,,,12.0,13.0,13.0,13.0,13.0,13.0,14.0,15.0,15.0,15.0,16.0,16.0,16.0,16.0,16.0,16.0,16.0,16.0,16.0,17.0,17.0,17.0,17.0,,17.0,17.0,17.0,17.0,17.0,17.0,17.0,17.0,17.0,17.0,17.0,17.0,17.0,17.0,17.0,17.0,17.0,17.0,17.0,17.0,17.0,17.0,18.0,18.0,18.0,19.0,19.0,19.0,19.0,19.0,19.0,19.0,19.0,19.0,19.0,19.0,19.0,19.0,19.0,19.0,19.0,19.0,19.0,19.0,19.0,19.0,19.0,19.0,19.0,19.0,19.0,19.0,19.0,19.0,19.0,19.0,19.0,19.0,19.0,19.0,19.0,19.0,19.0,19.0,19.0,19.0,19.0,19.0,19.0,19.0,19.0,19.0,19.0,19.0,19.0,19.0,19.0,19.0,19.0,19.0,19.0,19.0,19.0,19.0,19.0,19.0,19.0,19.0,19.0,19.0,19.0,19.0,19.0,19.0,19.0,19.0,19.0,19.0,19.0,19.0,19.0,19.0,19.0,19.0,19.0,19.0,19.0,19.0,19.0,19.0,19.0,19.0,19.0,19.0,19.0,19.0,19.0,19.0,19.0,19.0,19.0,19.0,19.0,19.0,19.0,19.0,19.0,19.0,19.0,19.0,19.0,19.0,19.0,19.0,19.0,19.0,19.0,19.0,19.0,19.0,19.0,19.0,19.0,19.0,19.0,19.0,19.0,19.0,19.0,19.0,19.0,19.0,19.0,19
e8X35-Teneg,,,,,,,,,,,,,,,,,,,,,,,,,,,,,,,255.0,270.0,282.0,290.0,299.0,304.0,309.0,322.0,329.0,333.0,338.0,346.0,351.0,359.0,361.0,367.0,371.0,376.0,380.0,382.0,386.0,387.0,392.0,,401.0,401.0,409.0,415.0,420.0,423.0,425.0,427.0,428.0,436.0,438.0,443.0,446.0,452.0,452.0,460.0,461.0,465.0,468.0,470.0,477.0,483.0,486.0,488.0,491.0,497.0,497.0,501.0,506.0,508.0,511.0,512.0,513.0,513.0,513.0,513.0,514.0,513.0,515.0,515.0,515.0,515.0,515.0,515.0,516.0,517.0,517.0,518.0,518.0,517.0,517.0,517.0,518.0,518.0,518.0,519.0,519.0,520.0,519.0,519.0,519.0,519.0,519.0,521.0,522.0,523.0,523.0,523.0,523.0,523.0,523.0,523.0,523.0,523.0,523.0,523.0,523.0,523.0,524.0,524.0,524.0,524.0,524.0,524.0,524.0,524.0,524.0,524.0,524.0,528.0,528.0,529.0,530.0,530.0,530.0,530.0,530.0,530.0,530.0,530.0,530.0,531.0,531.0,531.0,531.0,531.0,531.0,531.0,531.0,531.0,531.0,531.0,531.0,531.0,531.0,531.0,531.0,531.0,531.0,531.0,532.0,532.0,532.0,532.0,532.0,532.0,532.0,532.0,532.0,532.0,532.0,532.0,532.0,532.0,532.0,532.0,532.0,532.0,532.0,532.0,532.0,532.0,532.0,532.0,532.0,532.0,532.0,532.0,532.0,532.0,533.0,533.0,533.0,533
XECOC6C_Nr4,,,,,,,,,,,,,,,,,,,,,,,,,,,,,,,76.0,80.0,84.0,85.0,86.0,86.0,87.0,89.0,89.0,90.0,91.0,92.0,93.0,95.0,95.0,97.0,99.0,100.0,101.0,102.0,102.0,104.0,105.0,,107.0,108.0,109.0,110.0,111.0,111.0,112.0,112.0,112.0,112.0,112.0,112.0,112.0,112.0,112.0,112.0,112.0,112.0,112.0,112.0,113.0,113.0,114.0,114.0,114.0,114.0,114.0,114.0,114.0,114.0,115.0,115.0,115.0,115.0,115.0,115.0,115.0,115.0,115.0,115.0,115.0,115.0,115.0,115.0,115.0,115.0,115.0,115.0,115.0,115.0,115.0,115.0,115.0,115.0,115.0,115.0,115.0,115.0,116.0,116.0,116.0,116.0,116.0,116.0,116.0,116.0,116.0,116.0,116.0,116.0,116.0,116.0,116.0,116.0,116.0,116.0,116.0,116.0,116.0,116.0,116.0,116.0,116.0,116.0,116.0,116.0,116.0,116.0,116.0,116.0,116.0,116.0,116.0,116.0,117.0,117.0,117.0,117.0,117.0,117.0,117.0,117.0,117.0,117.0,117.0,117.0,117.0,117.0,117.0,117.0,117.0,117.0,117.0,117.0,118.0,118.0,118.0,118.0,118.0,118.0,118.0,118.0,118.0,118.0,118.0,118.0,118.0,118.0,118.0,118.0,119.0,119.0,119.0,119.0,119.0,119.0,119.0,119.0,119.0,119.0,119.0,119.0,119.0,119.0,119.0,119.0,119.0,119.0,119.0,119.0,119.0,119.0,119.0,119
4oktaGUvcTI,,,,,,,,,,,,,,,,,,,,,,,,,,,,,,,14.0,14.0,14.0,14.0,14.0,14.0,14.0,14.0,14.0,14.0,14.0,14.0,14.0,14.0,14.0,14.0,14.0,14.0,14.0,14.0,14.0,14.0,14.0,,14.0,14.0,14.0,14.0,14.0,14.0,14.0,14.0,14.0,14.0,14.0,14.0,14.0,14.0,14.0,14.0,14.0,14.0,14.0,14.0,14.0,14.0,14.0,14.0,14.0,14.0,14.0,14.0,14.0,14.0,14.0,14.0,14.0,14.0,14.0,14.0,14.0,14.0,14.0,14.0,14.0,14.0,14.0,14.0,14.0,14.0,14.0,14.0,14.0,14.0,14.0,14.0,14.0,14.0,14.0,14.0,14.0,14.0,14.0,14.0,14.0,14.0,14.0,14.0,14.0,14.0,14.0,14.0,14.0,14.0,14.0,14.0,14.0,14.0,14.0,14.0,14.0,14.0,14.0,14.0,14.0,14.0,14.0,14.0,14.0,14.0,14.0,14.0,14.0,14.0,14.0,14.0,14.0,14.0,14.0,14.0,14.0,14.0,14.0,14.0,14.0,14.0,14.0,14.0,14.0,14.0,14.0,14.0,14.0,14.0,14.0,14.0,14.0,14.0,14.0,14.0,14.0,14.0,14.0,14.0,14.0,14.0,14.0,14.0,14.0,14.0,14.0,14.0,14.0,14.0,14.0,14.0,14.0,14.0,14.0,14.0,14.0,14.0,14.0,14.0,14.0,14.0,14.0,14.0,14.0,14.0,14.0,14.0,14.0,14.0,14.0,14.0,14.0,14
5221XAQ6aTc,,,,,,,,,,,,,,,,,,,,,,,,,,,,,,,,55.0,72.0,82.0,89.0,96.0,99.0,99.0,100.0,103.0,104.0,104.0,104.0,104.0,104.0,104.0,104.0,104.0,104.0,105.0,107.0,107.0,107.0,,107.0,107.0,107.0,108.0,108.0,108.0,108.0,108.0,108.0,108.0,108.0,108.0,108.0,108.0,108.0,108.0,109.0,109.0,109.0,109.0,109.0,109.0,109.0,109.0,109.0,109.0,109.0,109.0,109.0,109.0,110.0,110.0,110.0,110.0,110.0,110.0,110.0,110.0,110.0,110.0,110.0,110.0,110.0,110.0,110.0,110.0,111.0,111.0,111.0,111.0,111.0,111.0,111.0,111.0,110.0,110.0,110.0,110.0,110.0,110.0,110.0,111.0,111.0,111.0,111.0,111.0,111.0,111.0,111.0,111.0,111.0,111.0,111.0,111.0,111.0,111.0,111.0,111.0,111.0,111.0,111.0,111.0,111.0,111.0,110.0,110.0,110.0,110.0,110.0,110.0,110.0,110.0,110.0,110.0,110.0,110.0,110.0,110.0,110.0,110.0,110.0,110.0,111.0,111.0,111.0,111.0,111.0,111.0,112.0,112.0,112.0,112.0,112.0,112.0,112.0,112.0,112.0,112.0,112.0,112.0,112.0,112.0,112.0,112.0,112.0,114.0,114.0,114.0,114.0,114.0,114.0,114.0,114.0,114.0,114.0,114.0,114.0,114.0,114.0,114.0,114.0,114.0,114.0,114.0,114.0,114.0,114.0,115.0,115.0,115.0,115.0,115.0,115.0,115
hoep54xEUeU,,,,,,,,,,,,,,,,,,,,,,,,,,,,,,,,,4.0,8.0,11.0,11.0,13.0,13.0,13.0,13.0,14.0,14.0,14.0,14.0,14.0,14.0,14.0,14.0,14.0,14.0,14.0,15.0,15.0,,15.0,15.0,15.0,15.0,15.0,15.0,15.0,15.0,15.0,16.0,16.0,16.0,16.0,16.0,16.0,16.0,16.0,16.0,16.0,16.0,16.0,16.0,16.0,16.0,16.0,16.0,16.0,16.0,16.0,16.0,16.0,16.0,16.0,16.0,16.0,16.0,16.0,16.0,16.0,16.0,16.0,16.0,16.0,16.0,16.0,16.0,15.0,15.0,15.0,15.0,15.0,15.0,15.0,15.0,15.0,15.0,15.0,15.0,15.0,15.0,16.0,16.0,16.0,16.0,16.0,16.0,16.0,16.0,16.0,16.0,16.0,16.0,16.0,16.0,16.0,16.0,16.0,16.0,16.0,16.0,16.0,16.0,16.0,16.0,16.0,16.0,16.0,16.0,16.0,16.0,16.0,16.0,16.0,16.0,16.0,16.0,16.0,16.0,16.0,17.0,17.0,17.0,17.0,17.0,17.0,17.0,17.0,17.0,17.0,17.0,17.0,17.0,17.0,17.0,17.0,17.0,17.0,17.0,17.0,17.0,17.0,17.0,17.0,17.0,17.0,17.0,17.0,17.0,17.0,17.0,17.0,17.0,17.0,17.0,17.0,17.0,17.0,17.0,17.0,17.0,17.0,17.0,17.0,17.0,17.0,17.0,17.0,17.0,17.0,17.0,17.0,17.0,17.0,17
1NJkrWfJgbU,,,,,,,,,,,,,,,,,,,,,,,,,,,,,,,,,0.0,0.0,0.0,0.0,0.0,0.0,0.0,0.0,0.0,0.0,0.0,0.0,0.0,0.0,0.0,0.0,0.0,0.0,0.0,0.0,0.0,,0.0,0.0,0.0,0.0,0.0,0.0,0.0,0.0,0.0,0.0,0.0,0.0,0.0,0.0,0.0,0.0,0.0,0.0,0.0,0.0,0.0,0.0,0.0,0.0,0.0,0.0,0.0,0.0,0.0,0.0,0.0,0.0,0.0,0.0,0.0,0.0,0.0,0.0,0.0,0.0,0.0,0.0,0.0,0.0,0.0,0.0,0.0,0.0,0.0,0.0,0.0,0.0,0.0,0.0,0.0,0.0,0.0,0.0,0.0,0.0,0.0,0.0,0.0,0.0,0.0,0.0,0.0,0.0,0.0,0.0,0.0,0.0,0.0,0.0,0.0,0.0,0.0,0.0,0.0,0.0,0.0,0.0,0.0,0.0,0.0,0.0,0.0,0.0,0.0,0.0,0.0,0.0,0.0,0.0,0.0,0.0,0.0,0.0,0.0,0.0,0.0,0.0,0.0,0.0,0.0,0.0,0.0,0.0,0.0,0.0,0.0,0.0,0.0,0.0,0.0,0.0,0.0,0.0,0.0,0.0,0.0,0.0,0.0,0.0,0.0,0.0,0.0,0.0,0.0,0.0,0.0,0.0,0.0,0.0,0.0,0.0,0.0,0.0,0.0,0.0,0.0,0.0,0.0,0.0,0.0,0.0,0.0,0.0,0.0,0.0,0.0,0.0,0.0,0
39upRxI7Yvc,,,,,,,,,,,,,,,,,,,,,,,,,,,,,,,,,,17.0,17.0,18.0,19.0,23.0,24.0,25.0,25.0,25.0,26.0,26.0,27.0,27.0,27.0,27.0,27.0,28.0,28.0,28.0,28.0,,28.0,28.0,28.0,28.0,28.0,28.0,28.0,28.0,28.0,28.0,28.0,28.0,28.0,28.0,28.0,28.0,28.0,28.0,28.0,28.0,29.0,29.0,29.0,29.0,29.0,29.0,29.0,29.0,30.0,30.0,30.0,30.0,30.0,30.0,31.0,31.0,32.0,32.0,32.0,32.0,32.0,32.0,32.0,32.0,32.0,32.0,32.0,32.0,32.0,32.0,31.0,31.0,31.0,31.0,32.0,32.0,32.0,32.0,32.0,32.0,32.0,32.0,32.0,32.0,32.0,32.0,32.0,32.0,32.0,32.0,32.0,32.0,32.0,32.0,32.0,32.0,32.0,32.0,32.0,32.0,32.0,32.0,32.0,32.0,32.0,32.0,32.0,32.0,32.0,32.0,32.0,32.0,32.0,32.0,32.0,32.0,32.0,32.0,32.0,32.0,32.0,32.0,32.0,32.0,32.0,32.0,32.0,32.0,32.0,32.0,32.0,32.0,32.0,32.0,32.0,32.0,32.0,32.0,32.0,32.0,32.0,32.0,32.0,32.0,32.0,32.0,32.0,33.0,33.0,33.0,33.0,33.0,33.0,33.0,33.0,33.0,33.0,34.0,34.0,34.0,34.0,34.0,34.0,34.0,34.0,34.0,34.0,34.0,34.0,34.0,34.0,34.0,34.0,34
aT26fdm0ZFs,,,,,,,,,,,,,,,,,,,,,,,,,,,,,,,,,,669.0,704.0,720.0,725.0,736.0,743.0,745.0,750.0,752.0,756.0,758.0,759.0,759.0,758.0,758.0,758.0,760.0,760.0,760.0,761.0,,760.0,760.0,760.0,760.0,760.0,760.0,761.0,761.0,760.0,758.0,758.0,758.0,759.0,759.0,759.0,759.0,759.0,759.0,759.0,759.0,759.0,757.0,757.0,757.0,757.0,757.0,757.0,757.0,757.0,757.0,757.0,757.0,757.0,755.0,755.0,754.0,754.0,754.0,754.0,755.0,755.0,755.0,755.0,755.0,755.0,755.0,755.0,755.0,755.0,755.0,755.0,755.0,755.0,755.0,755.0,755.0,755.0,755.0,754.0,754.0,754.0,754.0,754.0,754.0,754.0,754.0,754.0,753.0,753.0,753.0,753.0,753.0,753.0,753.0,753.0,753.0,753.0,753.0,753.0,753.0,753.0,753.0,753.0,753.0,753.0,753.0,753.0,753.0,753.0,753.0,753.0,753.0,753.0,753.0,753.0,753.0,753.0,753.0,753.0,753.0,753.0,753.0,753.0,753.0,753.0,753.0,753.0,753.0,753.0,753.0,753.0,753.0,753.0,753.0,753.0,753.0,753.0,753.0,753.0,753.0,753.0,753.0,753.0,753.0,753.0,753.0,753.0,753.0,753.0,753.0,753.0,753.0,753.0,753.0,753.0,753.0,752.0,752.0,752.0,752.0,752.0,752.0,752.0,752.0,752.0,752.0,752.0,752.0,752.0,752.0,752.0,752.0,752.0,752
YrFeVx2vIG8,,,,,,,,,,,,,,,,,,,,,,,,,,,,,,,,,,27.0,28.0,29.0,29.0,30.0,31.0,31.0,31.0,31.0,32.0,34.0,34.0,34.0,34.0,34.0,34.0,35.0,34.0,34.0,35.0,,37.0,36.0,36.0,37.0,38.0,38.0,38.0,38.0,38.0,38.0,38.0,38.0,38.0,38.0,38.0,39.0,39.0,39.0,39.0,39.0,39.0,39.0,39.0,39.0,39.0,39.0,39.0,39.0,39.0,39.0,40.0,40.0,40.0,40.0,40.0,40.0,40.0,40.0,40.0,40.0,40.0,40.0,40.0,40.0,40.0,40.0,40.0,40.0,40.0,40.0,40.0,40.0,40.0,40.0,41.0,41.0,41.0,41.0,41.0,41.0,41.0,41.0,41.0,41.0,41.0,41.0,41.0,41.0,41.0,41.0,41.0,41.0,41.0,41.0,41.0,41.0,41.0,42.0,42.0,42.0,42.0,42.0,42.0,42.0,42.0,42.0,42.0,42.0,42.0,42.0,42.0,42.0,42.0,42.0,42.0,42.0,42.0,42.0,42.0,42.0,42.0,42.0,42.0,42.0,42.0,42.0,42.0,42.0,42.0,42.0,42.0,42.0,42.0,42.0,42.0,42.0,42.0,42.0,42.0,42.0,42.0,42.0,42.0,42.0,42.0,42.0,42.0,42.0,42.0,42.0,42.0,42.0,42.0,42.0,42.0,42.0,42.0,42.0,42.0,42.0,42.0,42.0,42.0,42.0,42.0,42.0,42.0,42.0,42.0,42.0,42.0,42.0,42.0,42
6uFgNS9hCiU,,,,,,,,,,,,,,,,,,,,,,,,,,,,,,,,,,191.0,241.0,265.0,272.0,273.0,280.0,284.0,285.0,285.0,287.0,287.0,290.0,291.0,292.0,292.0,293.0,294.0,296.0,296.0,297.0,,297.0,297.0,297.0,298.0,299.0,299.0,299.0,299.0,299.0,299.0,299.0,299.0,300.0,301.0,301.0,302.0,302.0,302.0,301.0,301.0,301.0,302.0,302.0,302.0,302.0,301.0,290.0,291.0,292.0,292.0,293.0,293.0,292.0,292.0,292.0,292.0,293.0,293.0,293.0,294.0,293.0,293.0,293.0,293.0,293.0,293.0,293.0,293.0,293.0,293.0,293.0,293.0,293.0,293.0,293.0,293.0,293.0,293.0,294.0,296.0,296.0,296.0,296.0,296.0,296.0,296.0,296.0,296.0,296.0,296.0,296.0,296.0,296.0,296.0,296.0,296.0,296.0,296.0,296.0,296.0,296.0,296.0,296.0,296.0,296.0,296.0,296.0,296.0,296.0,296.0,296.0,296.0,296.0,296.0,296.0,296.0,296.0,296.0,296.0,296.0,296.0,297.0,297.0,297.0,297.0,297.0,297.0,297.0,297.0,296.0,296.0,297.0,297.0,297.0,297.0,297.0,297.0,297.0,297.0,297.0,297.0,297.0,297.0,297.0,297.0,297.0,297.0,297.0,297.0,297.0,297.0,297.0,297.0,297.0,297.0,298.0,298.0,298.0,298.0,298.0,298.0,298.0,298.0,298.0,298.0,298.0,298.0,298.0,298.0,299.0,299.0,299.0,299.0,299
rlKaNmMCew4,,,,,,,,,,,,,,,,,,,,,,,,,,,,,,,,,,,481.0,485.0,490.0,503.0,505.0,510.0,512.0,516.0,518.0,522.0,524.0,526.0,528.0,532.0,534.0,536.0,538.0,540.0,543.0,,547.0,548.0,549.0,550.0,551.0,551.0,554.0,556.0,560.0,562.0,566.0,567.0,568.0,569.0,570.0,571.0,571.0,571.0,572.0,575.0,576.0,576.0,577.0,577.0,577.0,578.0,579.0,581.0,581.0,581.0,581.0,581.0,581.0,581.0,582.0,584.0,585.0,584.0,584.0,584.0,584.0,584.0,584.0,584.0,584.0,584.0,584.0,584.0,584.0,584.0,581.0,581.0,582.0,582.0,583.0,583.0,583.0,583.0,583.0,583.0,583.0,583.0,583.0,583.0,583.0,583.0,583.0,582.0,582.0,582.0,582.0,583.0,583.0,583.0,585.0,585.0,585.0,585.0,585.0,585.0,586.0,585.0,585.0,585.0,586.0,587.0,587.0,587.0,587.0,587.0,587.0,588.0,589.0,589.0,589.0,589.0,589.0,589.0,589.0,589.0,589.0,589.0,589.0,589.0,589.0,589.0,590.0,590.0,591.0,594.0,594.0,594.0,594.0,594.0,594.0,595.0,595.0,595.0,595.0,595.0,595.0,596.0,596.0,597.0,598.0,599.0,599.0,598.0,598.0,598.0,599.0,599.0,599.0,599.0,599.0,599.0,599.0,599.0,599.0,599.0,599.0,599.0,599.0,599.0,599.0,599.0,599.0,599.0,599.0,599.0,599.0,600.0,600.0,600
KQfAQ-fHFCc,,,,,,,,,,,,,,,,,,,,,,,,,,,,,,,,,,,5.0,5.0,5.0,5.0,5.0,5.0,5.0,5.0,5.0,5.0,5.0,5.0,5.0,5.0,5.0,5.0,5.0,5.0,5.0,,5.0,5.0,5.0,5.0,5.0,5.0,5.0,5.0,5.0,5.0,5.0,5.0,5.0,5.0,5.0,5.0,5.0,5.0,5.0,5.0,5.0,5.0,5.0,5.0,5.0,5.0,5.0,5.0,5.0,5.0,5.0,5.0,5.0,5.0,5.0,5.0,4.0,4.0,4.0,4.0,4.0,4.0,4.0,4.0,4.0,4.0,4.0,4.0,4.0,4.0,4.0,4.0,4.0,4.0,4.0,4.0,4.0,4.0,4.0,4.0,4.0,4.0,4.0,4.0,4.0,4.0,4.0,4.0,4.0,4.0,4.0,4.0,4.0,4.0,4.0,4.0,4.0,4.0,4.0,4.0,4.0,4.0,4.0,4.0,4.0,4.0,4.0,4.0,4.0,4.0,4.0,4.0,4.0,4.0,4.0,4.0,4.0,4.0,4.0,4.0,4.0,4.0,4.0,4.0,4.0,4.0,4.0,4.0,4.0,4.0,4.0,4.0,4.0,4.0,4.0,4.0,4.0,4.0,4.0,4.0,4.0,4.0,4.0,4.0,4.0,4.0,4.0,4.0,4.0,4.0,4.0,4.0,4.0,4.0,4.0,4.0,4.0,4.0,4.0,4.0,4.0,4.0,4.0,4.0,4.0,4.0,4.0,4.0,4.0,4.0,4.0,4.0,4.0,4
jkdx9PaVKe0,,,,,,,,,,,,,,,,,,,,,,,,,,,,,,,,,,,556.0,604.0,627.0,652.0,673.0,685.0,703.0,710.0,720.0,731.0,741.0,745.0,749.0,750.0,757.0,759.0,762.0,768.0,769.0,,777.0,776.0,778.0,781.0,783.0,784.0,787.0,789.0,790.0,791.0,791.0,791.0,790.0,791.0,794.0,794.0,795.0,794.0,794.0,794.0,797.0,797.0,799.0,799.0,801.0,802.0,807.0,807.0,807.0,806.0,806.0,806.0,806.0,806.0,806.0,806.0,806.0,807.0,808.0,808.0,808.0,808.0,808.0,808.0,808.0,809.0,809.0,809.0,809.0,808.0,809.0,809.0,809.0,809.0,810.0,810.0,811.0,811.0,812.0,812.0,812.0,813.0,813.0,813.0,813.0,815.0,814.0,814.0,815.0,815.0,816.0,816.0,815.0,815.0,815.0,816.0,816.0,817.0,817.0,817.0,817.0,817.0,817.0,816.0,816.0,816.0,816.0,816.0,816.0,816.0,816.0,816.0,816.0,816.0,816.0,816.0,816.0,816.0,816.0,816.0,816.0,816.0,816.0,816.0,815.0,816.0,816.0,816.0,817.0,817.0,817.0,817.0,817.0,817.0,817.0,817.0,817.0,817.0,817.0,816.0,817.0,817.0,817.0,817.0,818.0,818.0,818.0,818.0,818.0,819.0,819.0,821.0,821.0,820.0,820.0,820.0,820.0,820.0,820.0,820.0,820.0,820.0,820.0,820.0,820.0,820.0,820.0,819.0,819.0,819.0,819.0,819.0,819.0,819
be8G6WqvGn8,,,,,,,,,,,,,,,,,,,,,,,,,,,,,,,,,,,0.0,0.0,0.0,0.0,0.0,0.0,0.0,0.0,0.0,0.0,0.0,0.0,0.0,0.0,0.0,0.0,0.0,0.0,0.0,,0.0,0.0,0.0,0.0,0.0,0.0,0.0,0.0,0.0,0.0,0.0,0.0,0.0,0.0,0.0,0.0,0.0,0.0,0.0,0.0,0.0,0.0,0.0,0.0,0.0,0.0,0.0,0.0,0.0,0.0,0.0,0.0,0.0,0.0,0.0,0.0,0.0,0.0,0.0,0.0,0.0,0.0,0.0,0.0,0.0,0.0,0.0,0.0,0.0,0.0,0.0,0.0,0.0,0.0,0.0,0.0,0.0,0.0,0.0,0.0,0.0,0.0,0.0,0.0,0.0,0.0,0.0,0.0,0.0,0.0,0.0,0.0,0.0,0.0,0.0,0.0,0.0,0.0,0.0,0.0,0.0,0.0,0.0,0.0,0.0,0.0,0.0,0.0,0.0,0.0,0.0,0.0,0.0,0.0,0.0,0.0,0.0,0.0,0.0,0.0,0.0,0.0,0.0,0.0,0.0,0.0,0.0,0.0,0.0,0.0,0.0,0.0,0.0,0.0,0.0,0.0,0.0,0.0,0.0,0.0,0.0,0.0,0.0,0.0,0.0,0.0,0.0,0.0,0.0,0.0,0.0,0.0,0.0,0.0,0.0,0.0,0.0,0.0,0.0,0.0,0.0,0.0,0.0,0.0,0.0,0.0,0.0,0.0,0.0,0.0,0.0,0.0,0.0,0
O17TW3DXUU0,,,,,,,,,,,,,,,,,,,,,,,,,,,,,,,,,,,7.0,10.0,10.0,11.0,11.0,11.0,12.0,12.0,12.0,12.0,12.0,13.0,13.0,13.0,13.0,13.0,13.0,13.0,13.0,,13.0,13.0,13.0,13.0,13.0,13.0,13.0,13.0,13.0,13.0,14.0,14.0,14.0,14.0,14.0,14.0,14.0,14.0,14.0,14.0,14.0,14.0,14.0,14.0,14.0,14.0,14.0,14.0,14.0,14.0,14.0,14.0,14.0,14.0,14.0,14.0,14.0,14.0,14.0,14.0,14.0,14.0,14.0,14.0,14.0,14.0,14.0,14.0,14.0,14.0,14.0,14.0,14.0,14.0,14.0,14.0,14.0,14.0,14.0,14.0,14.0,14.0,14.0,14.0,14.0,14.0,14.0,14.0,14.0,14.0,14.0,14.0,14.0,14.0,14.0,14.0,14.0,14.0,14.0,14.0,14.0,14.0,14.0,14.0,14.0,14.0,14.0,14.0,14.0,14.0,14.0,14.0,14.0,14.0,14.0,14.0,14.0,14.0,14.0,14.0,14.0,14.0,14.0,14.0,14.0,14.0,14.0,14.0,14.0,14.0,14.0,14.0,14.0,14.0,14.0,14.0,14.0,14.0,14.0,14.0,14.0,14.0,14.0,14.0,14.0,14.0,14.0,14.0,14.0,14.0,14.0,14.0,14.0,14.0,14.0,14.0,14.0,14.0,14.0,14.0,14.0,14.0,14.0,14.0,14.0,14.0,14.0,14.0,14.0,14.0,14.0,14.0,14.0,14
0srzt8rpr3Q,,,,,,,,,,,,,,,,,,,,,,,,,,,,,,,,,,,0.0,0.0,0.0,0.0,0.0,0.0,0.0,0.0,0.0,0.0,0.0,0.0,0.0,0.0,0.0,0.0,0.0,0.0,0.0,,0.0,0.0,0.0,0.0,0.0,0.0,0.0,0.0,0.0,0.0,0.0,0.0,0.0,0.0,0.0,0.0,0.0,0.0,0.0,0.0,0.0,0.0,0.0,0.0,0.0,0.0,0.0,0.0,0.0,0.0,0.0,0.0,0.0,0.0,0.0,0.0,0.0,0.0,0.0,0.0,0.0,0.0,0.0,0.0,0.0,0.0,0.0,0.0,0.0,0.0,0.0,0.0,0.0,0.0,0.0,0.0,0.0,0.0,0.0,0.0,0.0,0.0,0.0,0.0,0.0,0.0,0.0,0.0,0.0,0.0,0.0,0.0,0.0,0.0,0.0,0.0,0.0,0.0,0.0,0.0,0.0,0.0,0.0,0.0,0.0,0.0,0.0,0.0,0.0,0.0,0.0,0.0,0.0,0.0,0.0,0.0,0.0,0.0,0.0,0.0,0.0,0.0,0.0,0.0,0.0,0.0,0.0,0.0,0.0,0.0,0.0,0.0,0.0,0.0,0.0,0.0,0.0,0.0,0.0,0.0,0.0,0.0,0.0,0.0,0.0,0.0,0.0,0.0,0.0,0.0,0.0,0.0,0.0,0.0,0.0,0.0,0.0,0.0,0.0,0.0,0.0,0.0,0.0,0.0,0.0,0.0,0.0,0.0,0.0,0.0,0.0,0.0,0.0,0
LxkkKsE9mS8,,,,,,,,,,,,,,,,,,,,,,,,,,,,,,,,,,,106.0,112.0,114.0,116.0,117.0,115.0,115.0,115.0,115.0,115.0,115.0,115.0,115.0,115.0,115.0,115.0,115.0,115.0,115.0,,115.0,115.0,115.0,115.0,115.0,115.0,115.0,115.0,115.0,115.0,116.0,116.0,116.0,116.0,116.0,116.0,116.0,116.0,116.0,117.0,117.0,117.0,117.0,117.0,117.0,117.0,117.0,117.0,117.0,117.0,117.0,117.0,117.0,117.0,117.0,117.0,117.0,117.0,117.0,117.0,117.0,117.0,117.0,117.0,117.0,117.0,117.0,117.0,117.0,117.0,117.0,117.0,117.0,117.0,117.0,117.0,117.0,117.0,117.0,117.0,117.0,117.0,117.0,117.0,117.0,117.0,117.0,117.0,117.0,117.0,117.0,117.0,117.0,117.0,117.0,117.0,117.0,117.0,117.0,117.0,117.0,117.0,117.0,117.0,117.0,117.0,117.0,117.0,117.0,117.0,117.0,117.0,117.0,117.0,116.0,116.0,116.0,116.0,116.0,116.0,116.0,116.0,116.0,116.0,116.0,116.0,116.0,116.0,116.0,116.0,116.0,116.0,116.0,116.0,116.0,116.0,116.0,116.0,116.0,116.0,116.0,116.0,116.0,116.0,116.0,116.0,116.0,116.0,116.0,116.0,116.0,116.0,116.0,116.0,116.0,116.0,116.0,116.0,116.0,116.0,116.0,116.0,116.0,116.0,116.0,116.0,116.0,116.0,116.0,116.0,116.0,116.0,116.0,116
e4RCv5k_kuE,,,,,,,,,,,,,,,,,,,,,,,,,,,,,,,,,,,,0.0,0.0,0.0,0.0,0.0,0.0,0.0,0.0,0.0,0.0,0.0,0.0,0.0,0.0,0.0,0.0,0.0,0.0,,0.0,0.0,0.0,0.0,0.0,0.0,0.0,0.0,0.0,0.0,0.0,0.0,0.0,0.0,0.0,0.0,0.0,0.0,0.0,0.0,0.0,0.0,0.0,0.0,0.0,0.0,0.0,0.0,0.0,0.0,0.0,0.0,0.0,0.0,0.0,0.0,0.0,0.0,0.0,0.0,0.0,0.0,0.0,0.0,0.0,0.0,0.0,0.0,0.0,0.0,0.0,0.0,0.0,0.0,0.0,0.0,0.0,0.0,0.0,0.0,0.0,0.0,0.0,0.0,0.0,0.0,0.0,0.0,0.0,0.0,0.0,0.0,0.0,0.0,0.0,0.0,0.0,0.0,0.0,0.0,0.0,0.0,0.0,0.0,0.0,0.0,0.0,0.0,0.0,0.0,0.0,0.0,0.0,0.0,0.0,0.0,0.0,0.0,0.0,0.0,0.0,0.0,0.0,0.0,0.0,0.0,0.0,0.0,0.0,0.0,0.0,0.0,0.0,0.0,0.0,0.0,0.0,0.0,0.0,0.0,0.0,0.0,0.0,0.0,0.0,0.0,0.0,0.0,0.0,0.0,0.0,0.0,0.0,0.0,0.0,0.0,0.0,0.0,0.0,0.0,0.0,0.0,0.0,0.0,0.0,0.0,0.0,0.0,0.0,0.0,0.0,0.0,0.0,0
oyXx7MDqZ-Q,,,,,,,,,,,,,,,,,,,,,,,,,,,,,,,,,,,,1098.0,1265.0,1309.0,1363.0,1396.0,1429.0,1447.0,1464.0,1481.0,1488.0,1492.0,1495.0,1503.0,1509.0,1515.0,1517.0,1529.0,1533.0,,1538.0,1546.0,1551.0,1552.0,1560.0,1561.0,1567.0,1573.0,1575.0,1579.0,1581.0,1583.0,1589.0,1590.0,1595.0,1595.0,1595.0,1599.0,1599.0,1600.0,1609.0,1610.0,1611.0,1612.0,1617.0,1619.0,1620.0,1621.0,1624.0,1629.0,1630.0,1630.0,1632.0,1632.0,1632.0,1635.0,1635.0,1636.0,1638.0,1638.0,1638.0,1640.0,1645.0,1645.0,1648.0,1650.0,2927.0,3965.0,4111.0,4148.0,4169.0,4204.0,4205.0,4217.0,4218.0,4221.0,4225.0,4227.0,4229.0,4222.0,4224.0,4227.0,4229.0,4234.0,4234.0,4234.0,4233.0,4224.0,4232.0,4232.0,4232.0,4233.0,4233.0,4234.0,4237.0,4240.0,4243.0,4242.0,4242.0,4242.0,4244.0,4245.0,4245.0,4246.0,4341.0,4402.0,4459.0,4461.0,4462.0,4461.0,4461.0,4467.0,4302.0,4301.0,4297.0,4302.0,4303.0,4303.0,4303.0,4303.0,4304.0,4304.0,4304.0,4304.0,4304.0,4304.0,4304.0,4304.0,4306.0,4306.0,4306.0,4305.0,4306.0,4306.0,4307.0,4307.0,4307.0,4313.0,4313.0,4316.0,4316.0,4316.0,4316.0,4319.0,4320.0,4321.0,4277.0,4278.0,4279.0,4279.0,4279.0,4276.0,4274.0,4274.0,4272.0,4269.0,4269.0,4271.0,4271.0,4271.0,4270.0,4268.0,4268.0,4274.0,4274.0,4274.0,4272.0,4271.0,4274.0,4274.0,4275.0,4274.0,4275.0,4275
JfUdhFOfj2A,,,,,,,,,,,,,,,,,,,,,,,,,,,,,,,,,,,,6.0,6.0,8.0,11.0,11.0,11.0,11.0,11.0,11.0,11.0,11.0,11.0,11.0,11.0,11.0,11.0,11.0,11.0,,11.0,11.0,11.0,11.0,11.0,11.0,11.0,11.0,11.0,11.0,11.0,11.0,11.0,11.0,11.0,11.0,11.0,11.0,11.0,11.0,11.0,11.0,11.0,11.0,11.0,11.0,11.0,11.0,11.0,11.0,11.0,11.0,11.0,11.0,11.0,11.0,11.0,11.0,11.0,11.0,11.0,11.0,11.0,11.0,11.0,11.0,11.0,11.0,11.0,11.0,11.0,11.0,11.0,11.0,11.0,11.0,11.0,11.0,11.0,11.0,11.0,11.0,11.0,11.0,11.0,11.0,11.0,11.0,11.0,11.0,11.0,11.0,11.0,11.0,11.0,11.0,11.0,11.0,11.0,11.0,11.0,11.0,11.0,11.0,11.0,11.0,11.0,11.0,11.0,11.0,11.0,11.0,11.0,11.0,11.0,11.0,11.0,11.0,11.0,11.0,11.0,11.0,11.0,11.0,11.0,11.0,11.0,11.0,11.0,11.0,11.0,11.0,11.0,11.0,11.0,11.0,11.0,11.0,11.0,11.0,11.0,11.0,11.0,11.0,11.0,11.0,11.0,11.0,11.0,11.0,11.0,11.0,11.0,11.0,11.0,11.0,11.0,11.0,11.0,11.0,11.0,11.0,11.0,11.0,11.0,11.0,11.0,11.0,11.0,11.0,11.0,11.0,11.0,11
5TsjmyIwHy8,,,,,,,,,,,,,,,,,,,,,,,,,,,,,,,,,,,,111.0,187.0,215.0,234.0,249.0,254.0,257.0,258.0,258.0,258.0,259.0,264.0,265.0,266.0,267.0,267.0,270.0,270.0,,270.0,270.0,270.0,271.0,272.0,273.0,273.0,274.0,275.0,275.0,276.0,277.0,277.0,277.0,277.0,277.0,277.0,277.0,277.0,277.0,277.0,277.0,277.0,278.0,278.0,279.0,280.0,280.0,280.0,280.0,282.0,282.0,282.0,282.0,282.0,282.0,282.0,282.0,283.0,284.0,284.0,285.0,285.0,285.0,285.0,285.0,285.0,285.0,285.0,285.0,286.0,286.0,286.0,286.0,287.0,287.0,287.0,287.0,287.0,287.0,287.0,287.0,287.0,287.0,287.0,287.0,287.0,287.0,287.0,287.0,287.0,288.0,288.0,288.0,288.0,288.0,288.0,289.0,289.0,289.0,289.0,289.0,289.0,289.0,289.0,289.0,289.0,289.0,289.0,289.0,289.0,289.0,289.0,289.0,289.0,289.0,289.0,290.0,291.0,293.0,293.0,294.0,295.0,295.0,295.0,295.0,295.0,296.0,296.0,297.0,297.0,297.0,297.0,297.0,298.0,299.0,299.0,299.0,299.0,299.0,299.0,299.0,299.0,299.0,299.0,299.0,299.0,298.0,298.0,298.0,298.0,298.0,299.0,300.0,300.0,300.0,300.0,300.0,300.0,300.0,300.0,300.0,300.0,300.0,300.0,300.0,299.0,299.0,299.0,299.0,299.0,300.0,300.0,301
g7eWRfcM7jU,,,,,,,,,,,,,,,,,,,,,,,,,,,,,,,,,,,,37.0,43.0,44.0,50.0,51.0,52.0,53.0,53.0,55.0,54.0,55.0,55.0,55.0,55.0,55.0,55.0,55.0,55.0,,55.0,55.0,55.0,55.0,55.0,55.0,56.0,56.0,56.0,56.0,56.0,56.0,56.0,56.0,56.0,56.0,56.0,56.0,56.0,56.0,56.0,56.0,56.0,56.0,56.0,56.0,56.0,56.0,56.0,56.0,56.0,56.0,56.0,56.0,57.0,58.0,58.0,58.0,58.0,58.0,58.0,58.0,58.0,58.0,58.0,58.0,58.0,58.0,58.0,58.0,58.0,58.0,58.0,58.0,58.0,58.0,58.0,58.0,58.0,58.0,58.0,58.0,58.0,58.0,58.0,58.0,58.0,58.0,58.0,58.0,58.0,58.0,58.0,58.0,58.0,58.0,58.0,58.0,59.0,59.0,59.0,59.0,59.0,59.0,59.0,59.0,59.0,59.0,58.0,58.0,58.0,58.0,58.0,58.0,58.0,58.0,58.0,58.0,58.0,58.0,58.0,60.0,60.0,60.0,60.0,60.0,60.0,60.0,62.0,62.0,62.0,62.0,62.0,62.0,62.0,62.0,62.0,62.0,62.0,62.0,62.0,62.0,62.0,62.0,62.0,62.0,62.0,62.0,62.0,62.0,62.0,62.0,62.0,62.0,62.0,62.0,62.0,62.0,62.0,62.0,62.0,63.0,63.0,63.0,63.0,63.0,63.0,63.0,63.0,63.0,63.0,63.0,63.0,63
EDxI7p2M8Xk,,,,,,,,,,,,,,,,,,,,,,,,,,,,,,,,,,,,,150.0,220.0,227.0,255.0,260.0,262.0,262.0,262.0,262.0,262.0,262.0,261.0,261.0,261.0,261.0,261.0,261.0,,261.0,261.0,261.0,261.0,261.0,261.0,261.0,261.0,261.0,261.0,261.0,261.0,261.0,261.0,261.0,261.0,261.0,258.0,258.0,258.0,258.0,258.0,258.0,258.0,258.0,258.0,258.0,258.0,258.0,258.0,258.0,258.0,257.0,257.0,257.0,257.0,257.0,257.0,257.0,257.0,257.0,257.0,257.0,257.0,257.0,257.0,257.0,257.0,257.0,257.0,257.0,257.0,257.0,257.0,257.0,257.0,257.0,257.0,257.0,257.0,256.0,254.0,254.0,254.0,254.0,254.0,254.0,254.0,254.0,254.0,254.0,254.0,254.0,254.0,254.0,254.0,254.0,254.0,254.0,254.0,254.0,254.0,254.0,254.0,254.0,254.0,254.0,254.0,254.0,254.0,254.0,254.0,254.0,254.0,254.0,254.0,254.0,254.0,254.0,254.0,254.0,254.0,254.0,254.0,254.0,254.0,254.0,254.0,254.0,254.0,254.0,254.0,254.0,254.0,254.0,254.0,254.0,254.0,254.0,254.0,254.0,254.0,254.0,254.0,254.0,254.0,254.0,253.0,253.0,253.0,253.0,253.0,253.0,253.0,253.0,253.0,253.0,253.0,253.0,253.0,253.0,253.0,253.0,253.0,253.0,253.0,253.0,253.0,253.0,253.0,253.0,253.0,253.0,253
CRf5qcPd5a0,,,,,,,,,,,,,,,,,,,,,,,,,,,,,,,,,,,,,0.0,0.0,0.0,0.0,0.0,1.0,2.0,3.0,3.0,3.0,3.0,3.0,3.0,3.0,3.0,3.0,3.0,,3.0,3.0,3.0,3.0,4.0,5.0,5.0,5.0,5.0,5.0,5.0,5.0,5.0,5.0,5.0,5.0,5.0,5.0,5.0,5.0,5.0,5.0,5.0,5.0,6.0,6.0,6.0,6.0,6.0,6.0,6.0,6.0,6.0,7.0,7.0,7.0,7.0,7.0,9.0,9.0,9.0,9.0,9.0,9.0,9.0,9.0,9.0,9.0,9.0,9.0,9.0,9.0,9.0,9.0,9.0,9.0,9.0,9.0,9.0,9.0,9.0,9.0,9.0,9.0,9.0,9.0,7.0,7.0,7.0,7.0,7.0,7.0,7.0,7.0,7.0,7.0,7.0,7.0,7.0,7.0,7.0,7.0,7.0,7.0,7.0,7.0,7.0,7.0,7.0,7.0,7.0,7.0,7.0,7.0,7.0,7.0,7.0,7.0,7.0,7.0,7.0,7.0,7.0,7.0,7.0,7.0,7.0,7.0,7.0,7.0,7.0,7.0,7.0,7.0,7.0,7.0,7.0,7.0,7.0,7.0,7.0,7.0,7.0,7.0,7.0,7.0,7.0,7.0,7.0,7.0,7.0,0.0,7.0,7.0,7.0,7.0,7.0,7.0,7.0,7.0,7.0,7.0,7.0,7.0,7.0,7.0,7.0,7.0,7.0,7.0,7.0,7.0,7.0,7
1LYEVx1k0T0,,,,,,,,,,,,,,,,,,,,,,,,,,,,,,,,,,,,,0.0,0.0,0.0,0.0,0.0,0.0,0.0,0.0,0.0,0.0,0.0,0.0,0.0,0.0,0.0,0.0,0.0,,0.0,0.0,0.0,0.0,0.0,0.0,0.0,0.0,0.0,0.0,0.0,0.0,0.0,0.0,0.0,0.0,0.0,0.0,0.0,0.0,0.0,0.0,0.0,0.0,0.0,0.0,0.0,0.0,0.0,0.0,0.0,0.0,0.0,0.0,0.0,0.0,0.0,0.0,0.0,0.0,0.0,0.0,0.0,0.0,0.0,0.0,0.0,0.0,0.0,0.0,0.0,0.0,0.0,0.0,0.0,0.0,0.0,0.0,0.0,0.0,0.0,0.0,0.0,0.0,0.0,0.0,0.0,0.0,0.0,0.0,0.0,1.0,3.0,4.0,4.0,4.0,4.0,4.0,4.0,4.0,4.0,4.0,4.0,4.0,4.0,4.0,4.0,4.0,4.0,4.0,5.0,5.0,5.0,5.0,5.0,5.0,5.0,5.0,6.0,6.0,6.0,6.0,6.0,6.0,6.0,6.0,6.0,6.0,6.0,8.0,8.0,8.0,8.0,8.0,8.0,8.0,9.0,11.0,11.0,11.0,11.0,11.0,11.0,11.0,11.0,11.0,11.0,11.0,11.0,11.0,12.0,12.0,12.0,12.0,12.0,12.0,12.0,12.0,12.0,12.0,12.0,12.0,12.0,12.0,13.0,13.0,13.0,13.0,13.0,13.0,13.0,13.0,14.0,14
GD5AcHvkI2E,,,,,,,,,,,,,,,,,,,,,,,,,,,,,,,,,,,,,0.0,0.0,0.0,0.0,0.0,0.0,0.0,0.0,0.0,0.0,0.0,0.0,1.0,1.0,1.0,1.0,1.0,,1.0,1.0,1.0,1.0,1.0,1.0,1.0,1.0,1.0,1.0,1.0,1.0,1.0,1.0,1.0,1.0,1.0,1.0,2.0,2.0,2.0,2.0,2.0,2.0,2.0,2.0,2.0,2.0,2.0,2.0,2.0,2.0,2.0,2.0,2.0,2.0,2.0,2.0,2.0,2.0,2.0,2.0,2.0,2.0,2.0,2.0,2.0,2.0,2.0,2.0,2.0,2.0,2.0,2.0,2.0,2.0,2.0,2.0,2.0,2.0,2.0,2.0,2.0,2.0,2.0,2.0,2.0,2.0,2.0,2.0,2.0,2.0,2.0,2.0,2.0,2.0,2.0,2.0,2.0,2.0,2.0,2.0,2.0,2.0,2.0,2.0,2.0,2.0,2.0,2.0,2.0,2.0,2.0,2.0,2.0,2.0,2.0,2.0,2.0,2.0,2.0,2.0,2.0,2.0,2.0,2.0,2.0,2.0,2.0,2.0,2.0,2.0,2.0,2.0,2.0,2.0,2.0,2.0,2.0,2.0,2.0,2.0,2.0,2.0,2.0,2.0,2.0,2.0,2.0,2.0,2.0,2.0,2.0,2.0,2.0,2.0,2.0,2.0,2.0,2.0,2.0,2.0,2.0,2.0,2.0,2.0,2.0,2.0,2.0,2.0,2.0,2.0,2.0,2
0UPDBODtxzw,,,,,,,,,,,,,,,,,,,,,,,,,,,,,,,,,,,,,6211.0,9118.0,10261.0,10948.0,11294.0,11527.0,11733.0,11897.0,12026.0,12129.0,12216.0,12282.0,12353.0,12401.0,12456.0,12550.0,12618.0,,12793.0,12864.0,12930.0,13050.0,13143.0,13219.0,13266.0,13333.0,13378.0,13446.0,13522.0,13605.0,13678.0,13741.0,13805.0,13887.0,13971.0,14117.0,14304.0,14484.0,14795.0,14979.0,15126.0,15297.0,15466.0,15649.0,15827.0,15987.0,16141.0,16287.0,16446.0,16573.0,16728.0,16883.0,16999.0,17144.0,17273.0,17410.0,17541.0,17690.0,17810.0,17956.0,18065.0,18204.0,18315.0,18455.0,18579.0,18698.0,18809.0,18930.0,19055.0,19165.0,19268.0,19361.0,19456.0,19562.0,19674.0,19762.0,19851.0,19922.0,20001.0,20075.0,20157.0,20229.0,20302.0,20382.0,20433.0,20473.0,20556.0,20631.0,20691.0,20747.0,20818.0,20895.0,20968.0,21016.0,21083.0,21142.0,21213.0,21284.0,21344.0,21408.0,21463.0,21503.0,21552.0,21575.0,21623.0,21675.0,21713.0,21769.0,21820.0,21870.0,21913.0,21952.0,21989.0,22032.0,22079.0,22107.0,22147.0,22184.0,22224.0,22255.0,22308.0,22334.0,22352.0,22352.0,22391.0,22416.0,22457.0,22488.0,22520.0,22574.0,22607.0,22626.0,22645.0,22674.0,22706.0,22715.0,22729.0,22745.0,22769.0,22784.0,22812.0,22828.0,22852.0,22874.0,22903.0,22928.0,22948.0,22983.0,23014.0,23051.0,23061.0,23088.0,23111.0,23129.0,23137.0,23164.0,23187.0,23187.0,23199.0,23232.0,23264.0,23303.0,23332.0,23351.0,23414.0,23446.0,23476.0,23509.0,23542.0,23567.0,23579.0,23578
IOLNzfBSeBA,,,,,,,,,,,,,,,,,,,,,,,,,,,,,,,,,,,,,0.0,0.0,0.0,0.0,0.0,0.0,0.0,0.0,0.0,0.0,0.0,0.0,0.0,0.0,0.0,0.0,0.0,,0.0,0.0,0.0,0.0,0.0,0.0,0.0,0.0,0.0,0.0,0.0,0.0,0.0,0.0,0.0,0.0,0.0,0.0,0.0,0.0,0.0,0.0,0.0,0.0,0.0,0.0,0.0,0.0,0.0,0.0,0.0,0.0,0.0,0.0,0.0,0.0,0.0,0.0,0.0,0.0,0.0,0.0,0.0,0.0,0.0,0.0,0.0,0.0,0.0,0.0,0.0,0.0,0.0,0.0,0.0,0.0,0.0,0.0,0.0,0.0,0.0,0.0,0.0,0.0,0.0,0.0,0.0,0.0,0.0,0.0,0.0,0.0,0.0,0.0,0.0,0.0,0.0,0.0,0.0,0.0,0.0,0.0,0.0,0.0,0.0,0.0,0.0,0.0,0.0,0.0,0.0,0.0,0.0,0.0,0.0,0.0,0.0,0.0,0.0,0.0,0.0,0.0,0.0,0.0,0.0,0.0,0.0,0.0,0.0,0.0,0.0,0.0,0.0,0.0,0.0,0.0,0.0,0.0,0.0,0.0,0.0,0.0,0.0,0.0,0.0,0.0,0.0,0.0,0.0,0.0,0.0,0.0,0.0,0.0,0.0,0.0,0.0,0.0,0.0,0.0,0.0,0.0,0.0,0.0,0.0,0.0,0.0,0.0,0.0,0.0,0.0,0.0,0.0,0
WMgKm01lr2M,,,,,,,,,,,,,,,,,,,,,,,,,,,,,,,,,,,,,,23.0,23.0,24.0,25.0,26.0,26.0,26.0,26.0,27.0,27.0,27.0,28.0,29.0,29.0,30.0,30.0,,39.0,33.0,34.0,34.0,34.0,34.0,35.0,35.0,35.0,35.0,35.0,35.0,35.0,35.0,35.0,36.0,36.0,36.0,36.0,36.0,36.0,36.0,36.0,36.0,37.0,37.0,38.0,39.0,39.0,39.0,40.0,40.0,40.0,40.0,40.0,40.0,40.0,40.0,40.0,40.0,40.0,40.0,40.0,40.0,40.0,40.0,40.0,40.0,40.0,40.0,40.0,40.0,40.0,40.0,40.0,40.0,40.0,40.0,40.0,40.0,40.0,40.0,40.0,40.0,40.0,40.0,40.0,40.0,40.0,40.0,40.0,40.0,40.0,40.0,40.0,40.0,40.0,40.0,40.0,40.0,40.0,40.0,40.0,40.0,40.0,40.0,40.0,40.0,40.0,40.0,40.0,40.0,40.0,40.0,40.0,40.0,40.0,40.0,40.0,40.0,40.0,40.0,40.0,40.0,40.0,40.0,40.0,40.0,40.0,40.0,40.0,40.0,40.0,40.0,40.0,40.0,40.0,40.0,40.0,40.0,40.0,40.0,40.0,40.0,40.0,40.0,40.0,40.0,40.0,40.0,40.0,40.0,40.0,40.0,40.0,40.0,40.0,40.0,40.0,40.0,40.0,40.0,41.0,42.0,42.0,42.0,42.0,42.0,42.0,42.0,42.0,42.0,42.0,42
EzvhlgTNCbU,,,,,,,,,,,,,,,,,,,,,,,,,,,,,,,,,,,,,,2059.0,1979.0,2296.0,2322.0,2335.0,2349.0,2353.0,2358.0,2359.0,2364.0,2365.0,2366.0,2369.0,2372.0,2372.0,2375.0,,2376.0,2376.0,2376.0,2376.0,2375.0,2377.0,2375.0,2375.0,2374.0,2374.0,2374.0,2374.0,2373.0,2372.0,2373.0,2373.0,2373.0,2373.0,2373.0,2373.0,2373.0,2373.0,2373.0,2373.0,2372.0,2373.0,2372.0,2372.0,2368.0,2368.0,2368.0,2368.0,2368.0,2368.0,2368.0,2365.0,2365.0,2364.0,2364.0,2364.0,2358.0,2358.0,2358.0,2358.0,2358.0,2358.0,2358.0,2358.0,2358.0,2358.0,2358.0,2358.0,2358.0,2358.0,2358.0,2358.0,2358.0,2358.0,2358.0,2358.0,2357.0,2356.0,2356.0,2357.0,2357.0,2356.0,2356.0,2356.0,2356.0,2353.0,2353.0,2353.0,2353.0,2353.0,2353.0,2353.0,2353.0,2353.0,2352.0,2352.0,2352.0,2352.0,2352.0,2352.0,2352.0,2352.0,2352.0,2352.0,2351.0,2351.0,2351.0,2351.0,2351.0,2351.0,2351.0,2351.0,2351.0,2351.0,2351.0,2351.0,2351.0,2351.0,2351.0,2351.0,2351.0,2350.0,2350.0,2350.0,2350.0,2349.0,2349.0,2349.0,2349.0,2349.0,2349.0,2349.0,2349.0,2349.0,2349.0,2349.0,2349.0,2349.0,2349.0,2349.0,2349.0,2349.0,2349.0,2349.0,2349.0,2349.0,2348.0,2348.0,2348.0,2348.0,2348.0,2348.0,2348.0,2348.0,2348.0,2348.0,2348.0,2348.0,2348.0,2348.0,2348.0,2348.0,2348.0,2348.0,2348.0,2348.0,2348.0,2348.0,2348.0,2349
WXav5B0ppUo,,,,,,,,,,,,,,,,,,,,,,,,,,,,,,,,,,,,,,2526.0,2799.0,3303.0,3303.0,3309.0,3315.0,3314.0,3311.0,3308.0,3306.0,3306.0,3304.0,3305.0,3306.0,3307.0,3306.0,,3307.0,3306.0,3306.0,3306.0,3304.0,3292.0,3292.0,3292.0,3292.0,3291.0,3290.0,3290.0,3291.0,3291.0,3291.0,3291.0,3291.0,3290.0,3290.0,3290.0,3290.0,3290.0,3290.0,3290.0,3289.0,3289.0,3288.0,3288.0,3287.0,3287.0,3288.0,3287.0,3287.0,3285.0,3285.0,3285.0,3285.0,3279.0,3280.0,3282.0,3281.0,3281.0,3281.0,3282.0,3280.0,3280.0,3280.0,3279.0,3277.0,3277.0,3277.0,3277.0,3277.0,3277.0,3279.0,3278.0,3278.0,3278.0,3279.0,3279.0,3278.0,3278.0,3278.0,3278.0,3278.0,3278.0,3277.0,3276.0,3276.0,3276.0,3276.0,3275.0,3275.0,3276.0,3275.0,3275.0,3199.0,3197.0,3197.0,3197.0,3196.0,3196.0,3197.0,3197.0,3197.0,3197.0,3197.0,3197.0,3197.0,3197.0,3197.0,3197.0,3196.0,3195.0,3195.0,3194.0,3194.0,3194.0,3191.0,3191.0,3191.0,3191.0,3190.0,3190.0,3190.0,3190.0,3190.0,3188.0,3188.0,3188.0,3188.0,3188.0,3188.0,3188.0,3184.0,3184.0,3184.0,3180.0,3180.0,3179.0,3179.0,3169.0,3169.0,3169.0,3169.0,3169.0,3168.0,3168.0,3169.0,3168.0,3169.0,3169.0,3167.0,3167.0,3166.0,3166.0,3167.0,3167.0,3165.0,3163.0,3163.0,3163.0,3163.0,3163.0,3161.0,3161.0,3163.0,3162.0,3163.0,3163.0,3163.0,3161.0,3161.0,3161
WBAIQVnkMcE,,,,,,,,,,,,,,,,,,,,,,,,,,,,,,,,,,,,,,178.0,187.0,209.0,219.0,226.0,226.0,225.0,226.0,226.0,226.0,226.0,226.0,226.0,226.0,226.0,226.0,,226.0,226.0,226.0,226.0,226.0,226.0,226.0,226.0,226.0,226.0,226.0,226.0,225.0,225.0,225.0,225.0,225.0,225.0,225.0,225.0,225.0,225.0,225.0,225.0,225.0,225.0,225.0,225.0,225.0,225.0,225.0,225.0,225.0,225.0,226.0,226.0,226.0,226.0,227.0,227.0,227.0,227.0,227.0,227.0,227.0,227.0,227.0,227.0,227.0,227.0,227.0,227.0,227.0,227.0,227.0,227.0,227.0,227.0,227.0,227.0,227.0,227.0,228.0,228.0,228.0,228.0,228.0,228.0,228.0,228.0,228.0,228.0,228.0,228.0,228.0,227.0,227.0,227.0,227.0,227.0,227.0,227.0,227.0,227.0,227.0,227.0,227.0,227.0,227.0,227.0,227.0,227.0,227.0,227.0,227.0,227.0,227.0,227.0,227.0,227.0,227.0,227.0,227.0,227.0,227.0,227.0,227.0,227.0,227.0,227.0,227.0,227.0,227.0,227.0,227.0,227.0,227.0,227.0,227.0,227.0,227.0,227.0,227.0,227.0,227.0,227.0,227.0,227.0,227.0,227.0,227.0,227.0,227.0,227.0,227.0,227.0,226.0,226.0,226.0,226.0,226.0,226.0,226.0,226.0,226.0,226.0,226.0,225.0,225.0,225.0,225.0,225.0,225.0,225
D6wqZefJCDo,,,,,,,,,,,,,,,,,,,,,,,,,,,,,,,,,,,,,,366.0,368.0,370.0,371.0,375.0,375.0,374.0,375.0,377.0,379.0,381.0,381.0,381.0,381.0,381.0,381.0,,383.0,383.0,383.0,383.0,383.0,383.0,383.0,383.0,383.0,383.0,383.0,383.0,383.0,383.0,383.0,385.0,385.0,385.0,385.0,385.0,385.0,385.0,385.0,385.0,385.0,385.0,385.0,385.0,385.0,385.0,385.0,385.0,385.0,385.0,385.0,385.0,385.0,385.0,385.0,385.0,385.0,385.0,386.0,386.0,386.0,386.0,386.0,386.0,386.0,386.0,386.0,386.0,386.0,386.0,386.0,386.0,386.0,386.0,386.0,386.0,386.0,386.0,386.0,386.0,386.0,386.0,386.0,386.0,386.0,386.0,386.0,386.0,386.0,386.0,386.0,386.0,386.0,386.0,386.0,386.0,386.0,386.0,386.0,386.0,386.0,386.0,386.0,386.0,386.0,386.0,386.0,386.0,386.0,386.0,386.0,386.0,386.0,386.0,386.0,386.0,386.0,386.0,386.0,386.0,386.0,386.0,386.0,386.0,386.0,386.0,386.0,386.0,386.0,386.0,386.0,386.0,386.0,386.0,386.0,386.0,386.0,386.0,386.0,386.0,386.0,386.0,386.0,386.0,386.0,386.0,386.0,386.0,386.0,386.0,386.0,386.0,386.0,386.0,386.0,386.0,386.0,386.0,386.0,386.0,386.0,386.0,386.0,386.0,386.0,386.0,386.0,386.0,386.0,386
5m97c9Hit7g,,,,,,,,,,,,,,,,,,,,,,,,,,,,,,,,,,,,,,221.0,231.0,234.0,240.0,242.0,245.0,246.0,246.0,246.0,246.0,246.0,247.0,247.0,247.0,247.0,247.0,,247.0,247.0,247.0,247.0,247.0,247.0,247.0,247.0,247.0,247.0,247.0,247.0,247.0,247.0,247.0,247.0,247.0,247.0,247.0,247.0,247.0,247.0,247.0,247.0,247.0,247.0,247.0,247.0,247.0,247.0,247.0,247.0,247.0,247.0,247.0,247.0,247.0,247.0,247.0,247.0,247.0,247.0,247.0,247.0,247.0,247.0,247.0,247.0,247.0,247.0,247.0,247.0,247.0,247.0,247.0,247.0,247.0,247.0,247.0,247.0,247.0,247.0,247.0,247.0,247.0,247.0,247.0,247.0,247.0,247.0,247.0,247.0,247.0,247.0,247.0,247.0,247.0,247.0,247.0,247.0,247.0,247.0,247.0,247.0,247.0,247.0,247.0,247.0,247.0,247.0,247.0,247.0,247.0,247.0,247.0,247.0,247.0,247.0,247.0,247.0,247.0,247.0,247.0,247.0,247.0,247.0,247.0,247.0,247.0,247.0,247.0,247.0,247.0,247.0,247.0,247.0,247.0,247.0,247.0,247.0,247.0,247.0,247.0,247.0,247.0,247.0,247.0,247.0,247.0,247.0,247.0,247.0,247.0,247.0,247.0,247.0,247.0,247.0,247.0,247.0,247.0,247.0,247.0,247.0,247.0,247.0,247.0,247.0,247.0,247.0,247.0,247.0,247.0,247
3KxiGwS2Ons,,,,,,,,,,,,,,,,,,,,,,,,,,,,,,,,,,,,,,1.0,1.0,1.0,1.0,1.0,2.0,2.0,2.0,2.0,3.0,3.0,3.0,3.0,3.0,3.0,4.0,,4.0,4.0,4.0,4.0,4.0,4.0,4.0,4.0,4.0,4.0,4.0,4.0,4.0,4.0,4.0,4.0,4.0,4.0,4.0,4.0,4.0,4.0,4.0,4.0,4.0,4.0,4.0,4.0,4.0,4.0,4.0,4.0,4.0,4.0,4.0,4.0,4.0,4.0,4.0,4.0,4.0,4.0,4.0,4.0,4.0,4.0,4.0,4.0,4.0,5.0,5.0,5.0,5.0,5.0,5.0,5.0,5.0,5.0,5.0,5.0,5.0,5.0,5.0,5.0,5.0,5.0,5.0,5.0,5.0,5.0,5.0,5.0,5.0,5.0,5.0,5.0,5.0,5.0,5.0,5.0,5.0,5.0,5.0,5.0,5.0,5.0,5.0,5.0,5.0,5.0,5.0,5.0,5.0,5.0,5.0,5.0,5.0,5.0,5.0,5.0,5.0,5.0,5.0,5.0,5.0,5.0,5.0,5.0,5.0,5.0,5.0,5.0,5.0,5.0,5.0,5.0,5.0,5.0,5.0,5.0,5.0,5.0,5.0,5.0,5.0,5.0,5.0,5.0,5.0,5.0,5.0,5.0,5.0,5.0,5.0,5.0,5.0,5.0,5.0,5.0,5.0,5.0,5.0,5.0,5.0,5.0,5.0,5.0,5.0,5.0,5.0,5.0,5.0,5
slHHlZN3N0w,,,,,,,,,,,,,,,,,,,,,,,,,,,,,,,,,,,,,,,72.0,75.0,76.0,76.0,76.0,76.0,76.0,76.0,76.0,76.0,76.0,76.0,76.0,77.0,77.0,,77.0,77.0,77.0,77.0,77.0,77.0,77.0,77.0,77.0,77.0,77.0,77.0,77.0,77.0,77.0,77.0,77.0,77.0,77.0,77.0,77.0,77.0,77.0,77.0,77.0,77.0,77.0,77.0,77.0,77.0,77.0,77.0,77.0,77.0,77.0,77.0,77.0,77.0,77.0,77.0,77.0,77.0,77.0,77.0,77.0,77.0,77.0,77.0,77.0,77.0,77.0,77.0,77.0,77.0,77.0,77.0,77.0,77.0,77.0,77.0,77.0,77.0,77.0,77.0,77.0,77.0,77.0,77.0,77.0,77.0,77.0,77.0,77.0,77.0,77.0,77.0,77.0,77.0,77.0,77.0,77.0,77.0,77.0,77.0,77.0,77.0,77.0,77.0,77.0,77.0,77.0,77.0,77.0,77.0,77.0,77.0,77.0,77.0,77.0,77.0,77.0,77.0,77.0,77.0,77.0,77.0,77.0,77.0,77.0,77.0,77.0,77.0,77.0,77.0,77.0,77.0,77.0,77.0,77.0,77.0,77.0,77.0,77.0,77.0,77.0,77.0,77.0,77.0,77.0,77.0,77.0,77.0,77.0,77.0,77.0,77.0,77.0,77.0,77.0,77.0,77.0,77.0,77.0,77.0,77.0,77.0,77.0,77.0,77.0,77.0,77.0,77.0,77.0,77
bRzo1UMw7YI,,,,,,,,,,,,,,,,,,,,,,,,,,,,,,,,,,,,,,,203.0,206.0,208.0,212.0,216.0,216.0,219.0,222.0,224.0,229.0,232.0,235.0,238.0,241.0,247.0,,250.0,251.0,251.0,251.0,253.0,253.0,256.0,256.0,256.0,257.0,257.0,259.0,259.0,262.0,261.0,262.0,263.0,264.0,265.0,267.0,269.0,270.0,271.0,271.0,271.0,271.0,271.0,271.0,271.0,271.0,274.0,274.0,275.0,275.0,275.0,275.0,275.0,275.0,275.0,275.0,275.0,275.0,275.0,275.0,275.0,275.0,275.0,275.0,275.0,275.0,275.0,275.0,275.0,275.0,275.0,275.0,275.0,275.0,275.0,275.0,275.0,275.0,275.0,275.0,275.0,275.0,275.0,275.0,275.0,275.0,275.0,275.0,275.0,275.0,275.0,275.0,275.0,275.0,275.0,275.0,275.0,275.0,275.0,275.0,275.0,275.0,275.0,275.0,275.0,275.0,275.0,275.0,275.0,275.0,275.0,275.0,275.0,275.0,275.0,275.0,275.0,275.0,275.0,275.0,275.0,275.0,275.0,275.0,275.0,275.0,275.0,275.0,275.0,275.0,275.0,275.0,275.0,275.0,275.0,275.0,275.0,275.0,275.0,275.0,275.0,275.0,275.0,275.0,275.0,275.0,275.0,275.0,275.0,275.0,275.0,275.0,275.0,275.0,275.0,275.0,275.0,275.0,275.0,275.0,275.0,275.0,275.0,275.0,275.0,275.0,275.0,275.0,275.0,275
Vufz0kX5L3g,,,,,,,,,,,,,,,,,,,,,,,,,,,,,,,,,,,,,,,22.0,22.0,22.0,22.0,22.0,22.0,22.0,22.0,22.0,22.0,22.0,22.0,22.0,22.0,22.0,,22.0,22.0,22.0,22.0,22.0,22.0,22.0,22.0,22.0,22.0,22.0,22.0,22.0,22.0,22.0,22.0,22.0,22.0,22.0,22.0,22.0,22.0,22.0,22.0,22.0,22.0,22.0,22.0,22.0,22.0,22.0,22.0,22.0,22.0,22.0,22.0,22.0,22.0,22.0,22.0,22.0,22.0,22.0,22.0,22.0,22.0,22.0,22.0,22.0,22.0,22.0,22.0,22.0,22.0,22.0,22.0,22.0,22.0,22.0,22.0,22.0,22.0,22.0,22.0,22.0,22.0,22.0,22.0,22.0,22.0,22.0,22.0,22.0,22.0,22.0,22.0,22.0,22.0,22.0,22.0,22.0,22.0,22.0,22.0,22.0,22.0,22.0,22.0,22.0,22.0,22.0,22.0,22.0,22.0,22.0,22.0,22.0,22.0,22.0,22.0,22.0,22.0,22.0,22.0,22.0,22.0,22.0,22.0,22.0,22.0,22.0,22.0,23.0,23.0,23.0,23.0,23.0,23.0,23.0,23.0,23.0,23.0,23.0,23.0,23.0,23.0,23.0,23.0,23.0,23.0,23.0,23.0,23.0,23.0,23.0,23.0,23.0,23.0,23.0,23.0,23.0,23.0,23.0,23.0,23.0,23.0,23.0,23.0,23.0,23.0,23.0,23.0,23.0,23
N_sjonH-j9Y,,,,,,,,,,,,,,,,,,,,,,,,,,,,,,,,,,,,,,,348.0,455.0,500.0,529.0,539.0,544.0,545.0,546.0,550.0,550.0,550.0,550.0,550.0,551.0,551.0,,551.0,551.0,551.0,551.0,552.0,552.0,552.0,552.0,552.0,552.0,552.0,552.0,552.0,549.0,549.0,549.0,549.0,549.0,549.0,549.0,549.0,549.0,549.0,549.0,549.0,549.0,549.0,549.0,549.0,549.0,549.0,549.0,549.0,549.0,549.0,549.0,549.0,549.0,549.0,549.0,549.0,549.0,549.0,549.0,549.0,549.0,549.0,549.0,549.0,549.0,549.0,549.0,549.0,549.0,549.0,549.0,549.0,549.0,549.0,549.0,549.0,549.0,549.0,549.0,549.0,549.0,549.0,549.0,549.0,549.0,549.0,549.0,549.0,549.0,549.0,549.0,549.0,549.0,549.0,549.0,549.0,549.0,549.0,549.0,549.0,549.0,549.0,549.0,549.0,549.0,549.0,549.0,549.0,549.0,549.0,549.0,549.0,549.0,549.0,549.0,549.0,549.0,549.0,549.0,549.0,549.0,549.0,549.0,549.0,549.0,549.0,549.0,549.0,549.0,549.0,549.0,549.0,549.0,549.0,549.0,549.0,549.0,549.0,549.0,549.0,549.0,549.0,550.0,550.0,550.0,550.0,550.0,549.0,549.0,549.0,549.0,549.0,549.0,549.0,549.0,549.0,549.0,549.0,549.0,549.0,549.0,549.0,549.0,549.0,549.0,549.0,549.0,549.0,549
J3WxAEN2Ow4,,,,,,,,,,,,,,,,,,,,,,,,,,,,,,,,,,,,,,,,,,,,,,,,,,,,,,,3793.0,3798.0,3805.0,3816.0,3820.0,3825.0,3830.0,3839.0,3849.0,3853.0,3858.0,3869.0,3875.0,3879.0,3880.0,3886.0,3890.0,3893.0,3904.0,3910.0,3919.0,3921.0,3925.0,3926.0,3927.0,3932.0,3934.0,3935.0,3940.0,3929.0,3930.0,3931.0,3932.0,3934.0,3935.0,3936.0,3940.0,3950.0,3951.0,3950.0,3951.0,3952.0,3951.0,3952.0,3952.0,3953.0,3956.0,3939.0,3941.0,3941.0,3942.0,3943.0,3946.0,3947.0,3950.0,3951.0,3952.0,3951.0,3951.0,3955.0,3955.0,3956.0,3958.0,3963.0,3964.0,3965.0,3965.0,3946.0,3948.0,3955.0,3962.0,3964.0,3965.0,3966.0,3967.0,3967.0,3966.0,3969.0,3970.0,3968.0,3972.0,3972.0,3973.0,3972.0,3973.0,3975.0,3975.0,3975.0,3976.0,3977.0,3977.0,3977.0,3975.0,3976.0,3976.0,3980.0,3981.0,3981.0,3984.0,3984.0,3984.0,3984.0,3985.0,3986.0,3985.0,3986.0,3990.0,3988.0,3987.0,3987.0,3987.0,3988.0,3988.0,3989.0,3990.0,3991.0,3992.0,3992.0,3992.0,3992.0,3992.0,3991.0,3992.0,3995.0,3996.0,3992.0,3992.0,3992.0,3992.0,3993.0,3994.0,3994.0,3995.0,3995.0,3996.0,3999.0,4002.0,4004.0,4004.0,4005.0,4005.0,4008.0,4008.0,4008.0,4008.0,4009.0,4010.0,4009.0,4010.0,4011.0,4010.0,4011.0,4012.0,4012
PQCcR2mrABw,,,,,,,,,,,,,,,,,,,,,,,,,,,,,,,,,,,,,,,,,,,,,,,,,,,,,,,98.0,98.0,98.0,98.0,98.0,98.0,99.0,99.0,100.0,100.0,100.0,100.0,101.0,101.0,101.0,101.0,101.0,101.0,101.0,101.0,101.0,101.0,101.0,101.0,101.0,101.0,101.0,101.0,101.0,101.0,101.0,101.0,101.0,101.0,102.0,102.0,102.0,102.0,102.0,102.0,102.0,102.0,102.0,102.0,102.0,102.0,102.0,102.0,102.0,102.0,102.0,102.0,102.0,102.0,102.0,102.0,102.0,102.0,102.0,102.0,102.0,102.0,102.0,102.0,102.0,102.0,102.0,102.0,102.0,102.0,102.0,102.0,102.0,102.0,102.0,102.0,102.0,102.0,102.0,102.0,102.0,102.0,102.0,102.0,102.0,102.0,102.0,102.0,102.0,102.0,102.0,102.0,102.0,102.0,102.0,102.0,102.0,102.0,102.0,102.0,102.0,102.0,102.0,102.0,102.0,102.0,102.0,102.0,102.0,102.0,102.0,102.0,102.0,102.0,102.0,102.0,101.0,101.0,101.0,101.0,101.0,101.0,101.0,101.0,101.0,101.0,101.0,101.0,101.0,101.0,101.0,101.0,101.0,101.0,101.0,101.0,101.0,101.0,101.0,101.0,101.0,101.0,101.0,101.0,101.0,101.0,101.0,101.0,101.0,101.0,101.0,101.0,101.0,101
Lr-7BBhUJio,,,,,,,,,,,,,,,,,,,,,,,,,,,,,,,,,,,,,,,,,,,,,,,,,,,,,,,28.0,28.0,28.0,28.0,28.0,28.0,28.0,28.0,28.0,28.0,28.0,28.0,28.0,28.0,28.0,28.0,28.0,28.0,28.0,28.0,28.0,28.0,28.0,28.0,28.0,28.0,28.0,28.0,28.0,28.0,28.0,28.0,28.0,28.0,28.0,28.0,28.0,28.0,28.0,28.0,28.0,28.0,28.0,28.0,28.0,28.0,28.0,28.0,28.0,28.0,28.0,28.0,28.0,28.0,28.0,28.0,28.0,28.0,28.0,28.0,28.0,28.0,28.0,28.0,29.0,29.0,29.0,29.0,29.0,29.0,29.0,29.0,29.0,29.0,29.0,29.0,29.0,29.0,29.0,29.0,29.0,29.0,29.0,29.0,29.0,29.0,29.0,29.0,29.0,29.0,29.0,29.0,29.0,29.0,29.0,29.0,29.0,29.0,29.0,29.0,29.0,29.0,29.0,29.0,29.0,29.0,29.0,29.0,29.0,29.0,29.0,29.0,29.0,29.0,29.0,29.0,29.0,29.0,29.0,29.0,29.0,29.0,29.0,29.0,29.0,29.0,29.0,29.0,29.0,29.0,29.0,29.0,29.0,29.0,29.0,29.0,29.0,29.0,29.0,29.0,29.0,29.0,29.0,29.0,29.0,29.0,30.0,30.0,30.0,30.0,30.0,30.0,30.0,30
P8VVnopM610,,,,,,,,,,,,,,,,,,,,,,,,,,,,,,,,,,,,,,,,,,,,,,,,,,,,,,,41062.0,41088.0,41101.0,41111.0,41128.0,41139.0,41168.0,41178.0,41195.0,41212.0,41260.0,41270.0,41250.0,41265.0,41291.0,41306.0,41319.0,41325.0,41335.0,41334.0,41374.0,41411.0,41430.0,41439.0,41447.0,41468.0,41481.0,41494.0,41512.0,41521.0,41529.0,41548.0,41561.0,41579.0,41587.0,41593.0,41600.0,41616.0,41630.0,41646.0,41661.0,41671.0,41687.0,41728.0,41765.0,41801.0,41820.0,41834.0,41861.0,41875.0,41883.0,41898.0,41907.0,41926.0,41938.0,41949.0,41954.0,41967.0,41992.0,41999.0,42003.0,42010.0,42018.0,42023.0,42036.0,42045.0,42048.0,42001.0,42023.0,42036.0,42047.0,42051.0,42054.0,42063.0,42068.0,42084.0,42114.0,42147.0,42169.0,42182.0,42194.0,42205.0,42215.0,42230.0,42236.0,42247.0,42251.0,42260.0,42242.0,42254.0,42258.0,42292.0,42305.0,42307.0,42318.0,42325.0,42328.0,42335.0,42340.0,42340.0,42343.0,42342.0,42352.0,42357.0,42363.0,42368.0,42369.0,42363.0,42365.0,42367.0,42364.0,42367.0,42367.0,42367.0,42369.0,42371.0,42372.0,42372.0,42369.0,42372.0,42373.0,42370.0,42373.0,42372.0,42372.0,42371.0,42374.0,42337.0,42343.0,42345.0,42345.0,42315.0,42318.0,42318.0,42320.0,42322.0,42322.0,42322.0,42322.0,42328.0,42323.0,42324.0,42325.0,42325.0,42320.0,42320.0,42321.0,42325.0,42327.0,42305.0,42308.0,42306.0,42304.0,42307
y2os26sMjOg,,,,,,,,,,,,,,,,,,,,,,,,,,,,,,,,,,,,,,,,,,,,,,,,,,,,,,,6975.0,6976.0,6977.0,6986.0,6997.0,7003.0,7008.0,7016.0,7021.0,7026.0,7032.0,7036.0,7039.0,7042.0,7043.0,7048.0,7052.0,7055.0,7057.0,7061.0,7066.0,7068.0,7073.0,7075.0,7075.0,7079.0,7082.0,7086.0,7090.0,7094.0,7096.0,7100.0,7103.0,7106.0,7108.0,7109.0,7109.0,7108.0,7109.0,7108.0,7107.0,7109.0,7109.0,7111.0,7113.0,7114.0,7116.0,7120.0,7118.0,7121.0,7123.0,7124.0,7126.0,7127.0,7128.0,7133.0,7136.0,7136.0,7136.0,7137.0,7138.0,7134.0,7134.0,7135.0,7138.0,7141.0,7143.0,7144.0,7151.0,7154.0,7152.0,7153.0,7153.0,7154.0,7153.0,7163.0,7163.0,7164.0,7164.0,7164.0,7165.0,7169.0,7174.0,7174.0,7174.0,7177.0,7180.0,7185.0,7186.0,7186.0,7186.0,7187.0,7189.0,7188.0,7188.0,7187.0,7189.0,7189.0,7189.0,7190.0,7190.0,7192.0,7194.0,7194.0,7196.0,7197.0,7199.0,7200.0,7203.0,7204.0,7208.0,7206.0,7208.0,7205.0,7207.0,7208.0,7217.0,7212.0,7213.0,7213.0,7212.0,7211.0,7210.0,7213.0,7212.0,7212.0,7212.0,7214.0,7212.0,7213.0,7214.0,7214.0,7213.0,7213.0,7214.0,7215.0,7215.0,7218.0,7217.0,7219.0,7221.0,7220.0,7222.0,7223.0,7225.0,7229.0,7227.0,7227.0,7227.0,7226.0,7224.0,7224.0,7224.0,7224
ND5FhEsjVUk,,,,,,,,,,,,,,,,,,,,,,,,,,,,,,,,,,,,,,,,,,,,,,,,,,,,,,,11714.0,11715.0,11722.0,11724.0,11727.0,11737.0,11745.0,11752.0,11759.0,11779.0,11788.0,11792.0,11794.0,11797.0,11797.0,11799.0,11802.0,11792.0,11792.0,11793.0,11795.0,11793.0,11795.0,11795.0,11795.0,11794.0,11795.0,11797.0,11797.0,11797.0,11799.0,11802.0,11803.0,11804.0,11803.0,11803.0,11804.0,11807.0,11807.0,11806.0,11806.0,11806.0,11807.0,11808.0,11808.0,11809.0,11809.0,11810.0,11811.0,11811.0,11813.0,11814.0,11815.0,11817.0,11817.0,11817.0,11818.0,11825.0,11825.0,11824.0,11824.0,11824.0,11825.0,11826.0,11826.0,11834.0,11834.0,11841.0,11841.0,11842.0,11847.0,11847.0,11847.0,11848.0,11847.0,11847.0,11847.0,11848.0,11849.0,11851.0,11851.0,11851.0,11852.0,11852.0,11853.0,11854.0,11854.0,11854.0,11854.0,11855.0,11855.0,11855.0,11850.0,11850.0,11850.0,11850.0,11850.0,11850.0,11851.0,11849.0,11849.0,11849.0,11848.0,11848.0,11848.0,11848.0,11847.0,11847.0,11845.0,11845.0,11845.0,11841.0,11841.0,11840.0,11840.0,11842.0,11842.0,11842.0,11842.0,11842.0,11841.0,11841.0,11849.0,11849.0,11849.0,11843.0,11843.0,11843.0,11844.0,11847.0,11848.0,11848.0,11848.0,11848.0,11849.0,11850.0,11850.0,11851.0,11853.0,11853.0,11851.0,11852.0,11852.0,11877.0,11876.0,11876.0,11877.0,11877.0,11877.0,11877.0,11877.0,11877.0,11880.0,11882
R6e4tBWxIxE,,,,,,,,,,,,,,,,,,,,,,,,,,,,,,,,,,,,,,,,,,,,,,,,,,,,,,,100802.0,100857.0,100928.0,100993.0,101075.0,101113.0,101228.0,101345.0,101459.0,101535.0,101604.0,101625.0,101686.0,101759.0,102522.0,104130.0,105032.0,105668.0,106099.0,108081.0,109077.0,109205.0,109299.0,109442.0,109596.0,109697.0,109753.0,109772.0,109835.0,109869.0,109933.0,109993.0,110036.0,110072.0,110145.0,110185.0,110248.0,110250.0,110314.0,110318.0,110299.0,110340.0,110404.0,110452.0,110424.0,110495.0,110513.0,110543.0,110565.0,110594.0,110655.0,110661.0,110687.0,110720.0,110739.0,110744.0,110768.0,110805.0,110830.0,110894.0,110919.0,110956.0,110983.0,110981.0,110991.0,111001.0,111004.0,110724.0,110755.0,110769.0,110772.0,110799.0,110845.0,110856.0,110858.0,110780.0,110792.0,110802.0,110804.0,110835.0,110851.0,110866.0,110879.0,110891.0,110916.0,110941.0,110953.0,110964.0,110976.0,110995.0,111020.0,111025.0,111038.0,111051.0,111067.0,111075.0,111013.0,111016.0,111019.0,111037.0,111039.0,111060.0,111074.0,111108.0,111120.0,111133.0,111234.0,111246.0,111260.0,111263.0,111267.0,111280.0,111281.0,111290.0,111312.0,111327.0,111339.0,111369.0,111315.0,111318.0,111343.0,111314.0,111343.0,111353.0,111360.0,111357.0,111375.0,111470.0,111484.0,111480.0,111492.0,111484.0,111461.0,111473.0,111486.0,111484.0,111484.0,111494.0,111493.0,111498.0,111511.0,111513.0,111514.0,111517.0,111485.0,111490.0,111495.0,111488.0,111495.0,111513.0,111504.0,111515.0,111510.0,111513
yRTwoFiqQHY,,,,,,,,,,,,,,,,,,,,,,,,,,,,,,,,,,,,,,,,,,,,,,,,,,,,,,,4.0,4.0,4.0,4.0,4.0,4.0,4.0,4.0,4.0,4.0,4.0,4.0,4.0,4.0,4.0,4.0,4.0,4.0,4.0,4.0,4.0,4.0,4.0,4.0,4.0,4.0,4.0,4.0,4.0,4.0,4.0,4.0,4.0,4.0,4.0,4.0,4.0,4.0,4.0,4.0,4.0,4.0,4.0,4.0,4.0,4.0,4.0,4.0,4.0,4.0,4.0,4.0,4.0,4.0,4.0,4.0,4.0,4.0,4.0,4.0,4.0,4.0,4.0,4.0,4.0,4.0,4.0,4.0,4.0,4.0,4.0,4.0,4.0,4.0,4.0,4.0,4.0,4.0,4.0,4.0,4.0,4.0,4.0,4.0,4.0,4.0,4.0,4.0,4.0,4.0,4.0,4.0,4.0,4.0,4.0,4.0,4.0,4.0,4.0,4.0,4.0,4.0,4.0,4.0,4.0,4.0,4.0,4.0,4.0,4.0,4.0,4.0,4.0,4.0,4.0,4.0,4.0,4.0,4.0,4.0,4.0,4.0,4.0,4.0,4.0,4.0,4.0,4.0,4.0,4.0,4.0,4.0,4.0,4.0,4.0,4.0,4.0,4.0,4.0,4.0,4.0,4.0,4.0,4.0,4.0,4.0,4.0,4.0,4.0,4.0,4.0,4.0,4.0,4
_UiZ-Uuw1ro,,,,,,,,,,,,,,,,,,,,,,,,,,,,,,,,,,,,,,,,,,,,,,,,,,,,,,,109.0,110.0,110.0,111.0,111.0,112.0,112.0,112.0,112.0,113.0,113.0,114.0,114.0,114.0,114.0,116.0,116.0,116.0,117.0,117.0,119.0,120.0,120.0,120.0,120.0,120.0,120.0,121.0,121.0,121.0,122.0,122.0,122.0,122.0,123.0,124.0,125.0,126.0,127.0,127.0,127.0,127.0,128.0,128.0,128.0,128.0,128.0,128.0,127.0,127.0,127.0,127.0,127.0,126.0,127.0,127.0,127.0,128.0,128.0,128.0,128.0,130.0,130.0,129.0,130.0,130.0,131.0,131.0,131.0,131.0,131.0,132.0,132.0,132.0,132.0,132.0,132.0,133.0,133.0,133.0,133.0,133.0,133.0,133.0,133.0,133.0,133.0,133.0,133.0,133.0,133.0,133.0,133.0,133.0,133.0,134.0,134.0,134.0,134.0,134.0,134.0,134.0,134.0,136.0,136.0,136.0,136.0,136.0,136.0,136.0,136.0,136.0,136.0,136.0,136.0,136.0,136.0,136.0,136.0,137.0,137.0,137.0,137.0,137.0,137.0,137.0,137.0,137.0,137.0,137.0,137.0,137.0,137.0,137.0,137.0,137.0,137.0,137.0,137.0,137.0,137.0,137.0,139.0,139.0,139.0,139.0,139.0,139.0,140.0,141.0,141.0,141.0,141.0,141
-01oDwXKSuE,,,,,,,,,,,,,,,,,,,,,,,,,,,,,,,,,,,,,,,,,,,,,,,,,,,,,,,12196.0,12209.0,12223.0,12229.0,12233.0,12240.0,12245.0,12237.0,12250.0,12263.0,12268.0,12275.0,12281.0,12295.0,12302.0,12304.0,12307.0,12315.0,12320.0,12329.0,12345.0,12348.0,12356.0,12363.0,12371.0,12374.0,12378.0,12379.0,12390.0,12395.0,12393.0,12400.0,12413.0,12416.0,12421.0,12428.0,12436.0,12415.0,12416.0,12426.0,12431.0,12436.0,12439.0,12445.0,12442.0,12445.0,12450.0,12453.0,12454.0,12441.0,12443.0,12443.0,12449.0,12452.0,12451.0,12454.0,12463.0,12464.0,12467.0,12469.0,12472.0,12478.0,12479.0,12480.0,12481.0,12489.0,12482.0,12425.0,12442.0,12446.0,12446.0,12450.0,12450.0,12453.0,12458.0,12467.0,12469.0,12474.0,12463.0,12467.0,12468.0,12473.0,12477.0,12479.0,12481.0,12483.0,12478.0,12483.0,12486.0,12486.0,12485.0,12491.0,12492.0,12486.0,12491.0,12494.0,12557.0,12504.0,12494.0,12492.0,12491.0,12496.0,12502.0,12504.0,12507.0,12508.0,12509.0,12511.0,12513.0,12513.0,12518.0,12523.0,12535.0,12536.0,12540.0,12540.0,12547.0,12544.0,12515.0,12517.0,12520.0,12483.0,12481.0,12490.0,12493.0,12495.0,12497.0,12491.0,12497.0,12497.0,12505.0,12510.0,12510.0,12517.0,12521.0,12522.0,12525.0,12529.0,12530.0,12539.0,12540.0,12543.0,12544.0,12546.0,12551.0,12553.0,12565.0,12566.0,12563.0,12571.0,12579.0,12591.0,12614.0,12621
5q9EjSUovc4,,,,,,,,,,,,,,,,,,,,,,,,,,,,,,,,,,,,,,,,,,,,,,,,,,,,,,,51558.0,51640.0,51721.0,51766.0,51846.0,51915.0,51985.0,52010.0,52059.0,52112.0,52170.0,52223.0,52306.0,52367.0,52400.0,52419.0,52443.0,52470.0,52508.0,52563.0,52599.0,52624.0,52664.0,52699.0,52757.0,52788.0,52805.0,52882.0,52908.0,52939.0,52983.0,53044.0,53092.0,53152.0,53179.0,53229.0,53267.0,53256.0,53305.0,53359.0,53412.0,53484.0,53515.0,53562.0,53657.0,53741.0,53812.0,53839.0,53904.0,53951.0,53963.0,53989.0,54038.0,54089.0,54127.0,54150.0,54187.0,54196.0,54233.0,54251.0,54298.0,54303.0,54336.0,54348.0,54376.0,54393.0,54397.0,54343.0,54388.0,54431.0,54451.0,54472.0,54498.0,54539.0,54548.0,54570.0,54604.0,54608.0,54621.0,54624.0,54662.0,54695.0,54740.0,54751.0,54756.0,54790.0,54829.0,54864.0,54895.0,54923.0,54948.0,54971.0,54984.0,54999.0,55043.0,55025.0,55056.0,55082.0,55111.0,55144.0,55172.0,55219.0,55257.0,55282.0,55283.0,55283.0,55308.0,55317.0,55319.0,55338.0,55360.0,55358.0,55368.0,55385.0,55367.0,55407.0,55415.0,55417.0,55442.0,55441.0,55452.0,55453.0,55463.0,55474.0,55521.0,55532.0,55553.0,55564.0,55578.0,55581.0,55596.0,55610.0,55605.0,55611.0,55633.0,55653.0,55660.0,55679.0,55686.0,55719.0,55732.0,55753.0,55777.0,55808.0,55820.0,55836.0,55810.0,55791.0,55812.0,55840.0,55865.0,55881.0,55900.0,55937
GFRu5ea_klk,,,,,,,,,,,,,,,,,,,,,,,,,,,,,,,,,,,,,,,,,,,,,,,,,,,,,,,10243.0,10288.0,10311.0,10335.0,10349.0,10373.0,10403.0,10420.0,10434.0,10452.0,10475.0,10486.0,10517.0,10532.0,10540.0,10552.0,10564.0,10568.0,10584.0,10598.0,10619.0,10631.0,10661.0,10677.0,10693.0,10708.0,10731.0,10744.0,10759.0,10777.0,10800.0,10816.0,10835.0,10852.0,10862.0,10875.0,10887.0,10903.0,10921.0,10932.0,10944.0,10958.0,10973.0,10992.0,11005.0,11017.0,11032.0,11040.0,11053.0,11052.0,11063.0,11074.0,11079.0,11088.0,11102.0,11111.0,11123.0,11137.0,11148.0,11156.0,11164.0,11173.0,11180.0,11191.0,11196.0,11206.0,11231.0,11223.0,11234.0,11247.0,11251.0,11266.0,11275.0,11288.0,11291.0,11306.0,11322.0,11336.0,11351.0,11356.0,11367.0,11376.0,11389.0,11396.0,11403.0,11416.0,11423.0,11430.0,11439.0,11447.0,11462.0,11471.0,11477.0,11483.0,11490.0,11494.0,11505.0,11516.0,11522.0,11531.0,11538.0,11544.0,11551.0,11554.0,11564.0,11574.0,11585.0,11600.0,11615.0,11620.0,11625.0,11633.0,11642.0,11643.0,11658.0,11666.0,11669.0,11677.0,11685.0,11697.0,11702.0,11709.0,11707.0,11715.0,11715.0,11719.0,11725.0,11726.0,11734.0,11742.0,11744.0,11751.0,11762.0,11767.0,11779.0,11781.0,11783.0,11784.0,11788.0,11793.0,11795.0,11804.0,11804.0,11814.0,11818.0,11824.0,11828.0,11835.0,11839.0,11840.0,11847.0,11851.0,11851.0,11861
kDvjltW21ag,,,,,,,,,,,,,,,,,,,,,,,,,,,,,,,,,,,,,,,,,,,,,,,,,,,,,,,1213.0,1213.0,1213.0,1215.0,1215.0,1215.0,1215.0,1215.0,1215.0,1215.0,1215.0,1215.0,1215.0,1215.0,1215.0,1215.0,1215.0,1215.0,1215.0,1215.0,1215.0,1215.0,1214.0,1214.0,1214.0,1214.0,1214.0,1214.0,1213.0,1213.0,1213.0,1211.0,1211.0,1211.0,1211.0,1211.0,1211.0,1211.0,1208.0,1208.0,1208.0,1208.0,1208.0,1208.0,1208.0,1208.0,1208.0,1208.0,1208.0,1208.0,1208.0,1208.0,1208.0,1208.0,1208.0,1207.0,1207.0,1207.0,1207.0,1207.0,1207.0,1207.0,1207.0,1207.0,1207.0,1207.0,1207.0,1207.0,1207.0,1207.0,1207.0,1207.0,1207.0,1207.0,1207.0,1207.0,1207.0,1207.0,1207.0,1207.0,1207.0,1207.0,1207.0,1207.0,1207.0,1207.0,1207.0,1207.0,1207.0,1207.0,1207.0,1207.0,1207.0,1207.0,1207.0,1207.0,1207.0,1207.0,1207.0,1207.0,1207.0,1207.0,1207.0,1207.0,1207.0,1207.0,1207.0,1207.0,1207.0,1207.0,1207.0,1207.0,1207.0,1207.0,1207.0,1207.0,1207.0,1207.0,1207.0,1207.0,1207.0,1207.0,1207.0,1207.0,1207.0,1207.0,1207.0,1207.0,1207.0,1207.0,1207.0,1208.0,1208.0,1208.0,1208.0,1208.0,1208.0,1208.0,1208.0,1208.0,1208.0,1208.0,1208.0,1208.0,1208.0,1208.0,1208.0,1208.0,1208.0,1208.0,1208.0,1208.0,1208.0,1208
LVw93DLIE78,,,,,,,,,,,,,,,,,,,,,,,,,,,,,,,,,,,,,,,,,,,,,,,,,,,,,,,3313.0,3323.0,3333.0,3340.0,3346.0,3348.0,3354.0,3360.0,3373.0,3379.0,3381.0,3385.0,3386.0,3388.0,3392.0,3393.0,3394.0,3394.0,3394.0,3396.0,3400.0,3400.0,3402.0,3403.0,3403.0,3403.0,3403.0,3402.0,3387.0,3395.0,3395.0,3396.0,3385.0,3386.0,3387.0,3388.0,3388.0,3388.0,3387.0,3388.0,3388.0,3388.0,3388.0,3388.0,3389.0,3390.0,3392.0,3393.0,3395.0,3395.0,3396.0,3396.0,3399.0,3402.0,3404.0,3405.0,3406.0,3407.0,3407.0,3407.0,3407.0,3408.0,3428.0,3444.0,3454.0,3466.0,3477.0,3478.0,3478.0,3478.0,3488.0,3498.0,3501.0,3501.0,3501.0,3501.0,3503.0,3504.0,3504.0,3504.0,3504.0,3505.0,3506.0,3506.0,3506.0,3506.0,3509.0,3509.0,3509.0,3511.0,3512.0,3513.0,3514.0,3514.0,3510.0,3511.0,3511.0,3512.0,3513.0,3513.0,3513.0,3514.0,3515.0,3515.0,3515.0,3515.0,3516.0,3516.0,3516.0,3517.0,3517.0,3517.0,3518.0,3519.0,3521.0,3521.0,3522.0,3522.0,3522.0,3523.0,3523.0,3523.0,3523.0,3523.0,3523.0,3524.0,3525.0,3525.0,3525.0,3525.0,3527.0,3528.0,3528.0,3528.0,3528.0,3528.0,3528.0,3528.0,3528.0,3528.0,3525.0,3527.0,3528.0,3530.0,3532.0,3532.0,3533.0,3533.0,3533.0,3533.0,3533.0,3533.0,3534.0,3536
yfKBI5l81-A,,,,,,,,,,,,,,,,,,,,,,,,,,,,,,,,,,,,,,,,,,,,,,,,,,,,,,,4523.0,4550.0,4589.0,4623.0,4664.0,4689.0,4710.0,4734.0,4755.0,4769.0,4779.0,4801.0,4821.0,4835.0,4843.0,4853.0,4859.0,4865.0,4875.0,4883.0,4884.0,4892.0,4899.0,4900.0,4916.0,4927.0,4929.0,4928.0,4931.0,4935.0,4937.0,4939.0,4941.0,4942.0,4943.0,4949.0,4952.0,4952.0,4955.0,4957.0,4960.0,4961.0,4963.0,4964.0,4969.0,4971.0,4972.0,4975.0,4977.0,4982.0,4992.0,4991.0,4995.0,4995.0,4998.0,5000.0,5003.0,5002.0,5005.0,5006.0,5008.0,5008.0,5010.0,5012.0,5012.0,5013.0,5014.0,5010.0,5009.0,5010.0,5013.0,5013.0,5012.0,5012.0,5010.0,5017.0,5019.0,5020.0,5022.0,5023.0,5023.0,5022.0,5022.0,5023.0,5026.0,5026.0,5027.0,5028.0,5030.0,5030.0,5030.0,5030.0,5030.0,5031.0,5033.0,5032.0,5033.0,5033.0,5033.0,5033.0,5033.0,5033.0,5034.0,5034.0,5034.0,5034.0,5033.0,5035.0,5035.0,5035.0,5034.0,5035.0,5035.0,5038.0,5038.0,5039.0,5039.0,5038.0,5040.0,5041.0,5041.0,5041.0,5042.0,5042.0,5043.0,5043.0,5044.0,5044.0,5044.0,5044.0,5044.0,5044.0,5043.0,5041.0,5041.0,5041.0,5042.0,5042.0,5042.0,5043.0,5043.0,5045.0,5045.0,5047.0,5036.0,5036.0,5049.0,5047.0,5048.0,5048.0,5047.0,5047.0,5047.0,5047
udOf9JGMA7U,,,,,,,,,,,,,,,,,,,,,,,,,,,,,,,,,,,,,,,,,,,,,,,,,,,,,,,600.0,601.0,602.0,603.0,604.0,607.0,607.0,608.0,608.0,611.0,611.0,611.0,612.0,612.0,612.0,616.0,616.0,616.0,616.0,617.0,617.0,618.0,618.0,618.0,618.0,619.0,620.0,620.0,620.0,620.0,619.0,619.0,619.0,620.0,620.0,622.0,623.0,624.0,626.0,626.0,626.0,626.0,627.0,628.0,628.0,628.0,628.0,628.0,628.0,628.0,628.0,628.0,628.0,630.0,630.0,630.0,630.0,630.0,630.0,630.0,631.0,631.0,631.0,632.0,633.0,633.0,633.0,630.0,633.0,633.0,633.0,633.0,633.0,633.0,634.0,634.0,634.0,634.0,634.0,634.0,634.0,634.0,634.0,634.0,634.0,634.0,636.0,636.0,636.0,636.0,636.0,636.0,638.0,638.0,638.0,638.0,638.0,638.0,631.0,631.0,633.0,631.0,631.0,631.0,631.0,631.0,631.0,631.0,631.0,631.0,631.0,631.0,631.0,631.0,631.0,631.0,632.0,632.0,632.0,632.0,632.0,632.0,632.0,632.0,632.0,633.0,633.0,633.0,633.0,632.0,632.0,632.0,632.0,632.0,632.0,632.0,631.0,631.0,631.0,631.0,630.0,630.0,630.0,630.0,631.0,636.0,634.0,635.0,636.0,636.0,636.0,636.0,636.0,636
F8YTLNrg8nE,,,,,,,,,,,,,,,,,,,,,,,,,,,,,,,,,,,,,,,,,,,,,,,,,,,,,,,45.0,45.0,45.0,45.0,45.0,45.0,45.0,45.0,45.0,45.0,45.0,45.0,45.0,45.0,45.0,45.0,45.0,45.0,45.0,45.0,45.0,45.0,45.0,45.0,45.0,45.0,45.0,45.0,45.0,45.0,45.0,45.0,45.0,45.0,45.0,45.0,45.0,45.0,45.0,45.0,45.0,45.0,45.0,45.0,45.0,45.0,45.0,45.0,45.0,45.0,45.0,45.0,45.0,45.0,45.0,45.0,45.0,45.0,45.0,45.0,45.0,45.0,45.0,45.0,45.0,45.0,45.0,43.0,43.0,43.0,43.0,43.0,43.0,43.0,43.0,43.0,44.0,44.0,44.0,44.0,44.0,45.0,45.0,45.0,45.0,45.0,44.0,44.0,44.0,44.0,44.0,44.0,44.0,44.0,44.0,44.0,44.0,44.0,44.0,44.0,44.0,44.0,44.0,44.0,44.0,45.0,45.0,47.0,47.0,47.0,47.0,47.0,47.0,47.0,47.0,47.0,47.0,47.0,47.0,47.0,47.0,48.0,48.0,48.0,49.0,50.0,50.0,50.0,50.0,50.0,50.0,50.0,50.0,50.0,50.0,51.0,52.0,53.0,53.0,55.0,55.0,55.0,55.0,55.0,55.0,55.0,55.0,55.0,56.0,56.0,56.0,56.0,56.0,56
rjQFemcplN8,,,,,,,,,,,,,,,,,,,,,,,,,,,,,,,,,,,,,,,,,,,,,,,,,,,,,,,3.0,3.0,3.0,3.0,3.0,3.0,3.0,3.0,3.0,3.0,3.0,3.0,3.0,3.0,3.0,3.0,3.0,3.0,3.0,3.0,3.0,3.0,3.0,3.0,3.0,3.0,3.0,3.0,3.0,3.0,3.0,3.0,3.0,3.0,3.0,3.0,3.0,3.0,3.0,3.0,3.0,3.0,3.0,3.0,3.0,3.0,3.0,3.0,3.0,3.0,3.0,3.0,3.0,3.0,3.0,3.0,3.0,3.0,3.0,3.0,3.0,3.0,3.0,3.0,3.0,3.0,3.0,3.0,3.0,3.0,3.0,3.0,3.0,3.0,3.0,3.0,3.0,3.0,3.0,3.0,3.0,3.0,3.0,3.0,3.0,3.0,3.0,3.0,3.0,3.0,3.0,3.0,3.0,3.0,3.0,3.0,3.0,3.0,3.0,3.0,3.0,3.0,3.0,3.0,3.0,3.0,3.0,3.0,3.0,3.0,3.0,3.0,3.0,3.0,3.0,3.0,3.0,3.0,3.0,3.0,3.0,3.0,3.0,3.0,3.0,3.0,3.0,3.0,3.0,3.0,3.0,3.0,3.0,3.0,3.0,3.0,3.0,3.0,3.0,3.0,3.0,3.0,3.0,3.0,3.0,3.0,3.0,3.0,3.0,3.0,3.0,3.0,3.0,3
z_ss4Yf-VZ4,,,,,,,,,,,,,,,,,,,,,,,,,,,,,,,,,,,,,,,,,,,,,,,,,,,,,,,259.0,259.0,259.0,259.0,259.0,259.0,260.0,260.0,261.0,261.0,261.0,261.0,262.0,262.0,262.0,262.0,262.0,262.0,262.0,262.0,262.0,262.0,262.0,262.0,262.0,263.0,263.0,263.0,263.0,263.0,263.0,263.0,263.0,263.0,263.0,263.0,263.0,263.0,263.0,263.0,264.0,265.0,265.0,266.0,266.0,267.0,267.0,267.0,267.0,267.0,267.0,267.0,267.0,267.0,267.0,267.0,267.0,267.0,267.0,267.0,267.0,267.0,267.0,267.0,267.0,267.0,267.0,267.0,267.0,267.0,267.0,267.0,267.0,267.0,267.0,267.0,265.0,265.0,265.0,265.0,266.0,266.0,266.0,266.0,266.0,267.0,267.0,267.0,268.0,269.0,269.0,269.0,269.0,269.0,269.0,269.0,269.0,269.0,269.0,269.0,269.0,270.0,270.0,270.0,270.0,270.0,270.0,270.0,270.0,270.0,270.0,270.0,271.0,271.0,271.0,271.0,271.0,271.0,271.0,271.0,271.0,271.0,271.0,271.0,271.0,271.0,271.0,272.0,273.0,273.0,273.0,273.0,273.0,273.0,273.0,273.0,273.0,273.0,273.0,273.0,272.0,272.0,273.0,274.0,274.0,274.0,274.0,274.0,274.0,274.0,274.0,274.0,274.0,274
fg-6jkI8B6M,,,,,,,,,,,,,,,,,,,,,,,,,,,,,,,,,,,,,,,,,,,,,,,,,,,,,,,9.0,9.0,9.0,9.0,9.0,9.0,9.0,9.0,9.0,9.0,9.0,9.0,9.0,9.0,9.0,9.0,9.0,9.0,9.0,9.0,10.0,10.0,10.0,10.0,10.0,10.0,10.0,10.0,10.0,10.0,10.0,10.0,10.0,10.0,10.0,10.0,10.0,10.0,10.0,10.0,11.0,11.0,11.0,11.0,11.0,11.0,11.0,11.0,11.0,11.0,11.0,11.0,11.0,11.0,11.0,11.0,11.0,11.0,11.0,11.0,11.0,11.0,11.0,11.0,11.0,11.0,11.0,11.0,11.0,11.0,11.0,11.0,11.0,11.0,11.0,11.0,11.0,11.0,11.0,11.0,11.0,11.0,11.0,11.0,11.0,11.0,11.0,11.0,11.0,11.0,11.0,11.0,11.0,11.0,11.0,11.0,11.0,11.0,11.0,11.0,11.0,11.0,11.0,11.0,11.0,11.0,11.0,11.0,12.0,12.0,12.0,12.0,12.0,12.0,12.0,12.0,12.0,12.0,12.0,12.0,12.0,12.0,12.0,12.0,12.0,12.0,12.0,12.0,12.0,12.0,12.0,12.0,12.0,12.0,12.0,12.0,12.0,12.0,12.0,12.0,12.0,12.0,12.0,12.0,12.0,12.0,12.0,12.0,12.0,12.0,12.0,12.0,12.0,12
CkBdKswwN0s,,,,,,,,,,,,,,,,,,,,,,,,,,,,,,,,,,,,,,,,,,,,,,,,,,,,,,,306.0,308.0,308.0,308.0,308.0,308.0,308.0,309.0,310.0,310.0,311.0,312.0,313.0,315.0,316.0,317.0,317.0,317.0,317.0,318.0,318.0,318.0,318.0,318.0,318.0,318.0,318.0,318.0,318.0,318.0,318.0,318.0,318.0,318.0,318.0,318.0,318.0,318.0,320.0,320.0,320.0,320.0,320.0,320.0,323.0,324.0,324.0,324.0,324.0,324.0,324.0,324.0,324.0,324.0,324.0,324.0,324.0,324.0,324.0,324.0,324.0,325.0,325.0,326.0,326.0,326.0,325.0,325.0,326.0,326.0,326.0,326.0,326.0,326.0,326.0,326.0,326.0,326.0,326.0,326.0,326.0,326.0,327.0,328.0,328.0,329.0,329.0,329.0,329.0,328.0,328.0,328.0,328.0,328.0,328.0,328.0,328.0,328.0,328.0,328.0,328.0,328.0,328.0,328.0,328.0,328.0,328.0,328.0,328.0,328.0,328.0,328.0,328.0,329.0,329.0,329.0,329.0,329.0,329.0,329.0,329.0,329.0,329.0,330.0,328.0,329.0,329.0,329.0,329.0,329.0,329.0,329.0,329.0,329.0,329.0,329.0,329.0,329.0,329.0,329.0,329.0,329.0,329.0,329.0,329.0,329.0,329.0,329.0,329.0,329.0,329.0,329.0,329.0,329
5dfsW2CBNPs,,,,,,,,,,,,,,,,,,,,,,,,,,,,,,,,,,,,,,,,,,,,,,,,,,,,,,,3309.0,3330.0,3338.0,3352.0,3363.0,3378.0,3399.0,3411.0,3431.0,3458.0,3483.0,3502.0,3520.0,3545.0,3562.0,3575.0,3588.0,3606.0,3620.0,3631.0,3649.0,3658.0,3666.0,3694.0,3715.0,3727.0,3733.0,3742.0,3761.0,3772.0,3778.0,3766.0,3771.0,3774.0,3785.0,3790.0,3798.0,3812.0,3826.0,3827.0,3841.0,3844.0,3854.0,3864.0,3869.0,3884.0,3885.0,3892.0,3901.0,3909.0,3911.0,3920.0,3925.0,3934.0,3937.0,3941.0,3943.0,3952.0,3953.0,3956.0,3953.0,3958.0,3968.0,3969.0,3975.0,3975.0,3975.0,3982.0,3981.0,3984.0,3986.0,3988.0,3988.0,3992.0,3994.0,3995.0,3995.0,4000.0,4000.0,3993.0,3997.0,4000.0,4001.0,4002.0,4003.0,4005.0,4009.0,4010.0,4012.0,4013.0,4013.0,4013.0,4014.0,4014.0,4014.0,4014.0,4014.0,4014.0,4014.0,4015.0,4016.0,4018.0,4019.0,4020.0,4021.0,4022.0,4022.0,4022.0,4022.0,4022.0,4022.0,4023.0,4025.0,4027.0,4029.0,4030.0,4031.0,4031.0,4032.0,4032.0,4033.0,4033.0,4033.0,4033.0,4033.0,4041.0,4041.0,4041.0,4041.0,4043.0,4044.0,4044.0,4044.0,4044.0,4044.0,4045.0,4046.0,4048.0,4051.0,4052.0,4052.0,4052.0,4052.0,4053.0,4053.0,4053.0,4053.0,4053.0,4054.0,4054.0,4054.0,4054.0,4055.0,4055
3SiRPF5OOzo,,,,,,,,,,,,,,,,,,,,,,,,,,,,,,,,,,,,,,,,,,,,,,,,,,,,,,,65.0,64.0,64.0,64.0,64.0,64.0,65.0,65.0,65.0,64.0,63.0,61.0,61.0,60.0,59.0,59.0,59.0,58.0,58.0,58.0,58.0,55.0,55.0,55.0,56.0,56.0,56.0,56.0,56.0,56.0,56.0,56.0,56.0,56.0,56.0,56.0,57.0,57.0,57.0,57.0,57.0,57.0,57.0,57.0,57.0,57.0,57.0,57.0,57.0,57.0,57.0,57.0,57.0,57.0,57.0,57.0,57.0,57.0,57.0,57.0,57.0,57.0,57.0,57.0,57.0,57.0,57.0,57.0,57.0,57.0,57.0,57.0,57.0,57.0,57.0,57.0,57.0,57.0,57.0,57.0,57.0,57.0,57.0,58.0,58.0,58.0,58.0,58.0,58.0,58.0,58.0,58.0,58.0,58.0,58.0,58.0,58.0,58.0,58.0,58.0,58.0,58.0,58.0,58.0,58.0,58.0,58.0,58.0,58.0,58.0,58.0,58.0,58.0,58.0,58.0,58.0,58.0,58.0,58.0,58.0,58.0,58.0,58.0,58.0,58.0,58.0,58.0,58.0,58.0,58.0,58.0,58.0,58.0,58.0,58.0,58.0,58.0,58.0,58.0,58.0,58.0,58.0,58.0,58.0,58.0,58.0,58.0,58.0,58.0,59.0,59.0,59.0,59.0,59
zhHB4dZTChw,,,,,,,,,,,,,,,,,,,,,,,,,,,,,,,,,,,,,,,,,,,,,,,,,,,,,,,11468.0,11605.0,11704.0,11796.0,11885.0,11961.0,12054.0,12112.0,12183.0,12221.0,12308.0,12350.0,12417.0,12462.0,12500.0,12539.0,12577.0,12617.0,12674.0,12738.0,12833.0,12888.0,12929.0,12963.0,13010.0,13061.0,13100.0,13181.0,13218.0,13261.0,13302.0,13332.0,13350.0,13375.0,13407.0,13433.0,13458.0,13487.0,13526.0,13564.0,13586.0,13603.0,13678.0,13700.0,13728.0,13752.0,13775.0,13805.0,13831.0,13847.0,13866.0,13884.0,13899.0,13914.0,13929.0,13939.0,13950.0,13967.0,13978.0,13993.0,14003.0,14019.0,14029.0,14033.0,14038.0,14050.0,14054.0,14045.0,14058.0,14068.0,14091.0,14094.0,14110.0,14126.0,14140.0,14146.0,14161.0,14169.0,14172.0,14186.0,14192.0,14194.0,14200.0,14206.0,14216.0,14225.0,14239.0,14236.0,14249.0,14253.0,14274.0,14301.0,14320.0,14320.0,14333.0,14339.0,14346.0,14361.0,14370.0,14378.0,14393.0,14395.0,14403.0,14408.0,14414.0,14418.0,14427.0,14428.0,14437.0,14445.0,14450.0,14457.0,14461.0,14461.0,14461.0,14461.0,14473.0,14475.0,14475.0,14494.0,14497.0,14496.0,14502.0,14498.0,14504.0,14512.0,14521.0,14524.0,14526.0,14532.0,14536.0,14545.0,14542.0,14549.0,14572.0,14586.0,14594.0,14610.0,14618.0,14625.0,14634.0,14637.0,14655.0,14663.0,14670.0,14692.0,14693.0,14688.0,14699.0,14707.0,14722.0,14731.0,14733.0,14736
Vxj8vwMYHP4,,,,,,,,,,,,,,,,,,,,,,,,,,,,,,,,,,,,,,,,,,,,,,,,,,,,,,,9358.0,9359.0,9358.0,9364.0,9364.0,9365.0,9365.0,9364.0,9364.0,9379.0,9386.0,9391.0,9393.0,9396.0,9397.0,9395.0,9397.0,9400.0,9400.0,9400.0,9400.0,9400.0,9400.0,9401.0,9401.0,9401.0,9402.0,9403.0,9403.0,9404.0,9404.0,9403.0,9401.0,9401.0,9401.0,9401.0,9402.0,9402.0,9402.0,9402.0,9403.0,9404.0,9405.0,9405.0,9405.0,9405.0,9405.0,9403.0,9404.0,9404.0,9405.0,9405.0,9405.0,9405.0,9408.0,9408.0,9408.0,9411.0,9411.0,9412.0,9412.0,9412.0,9412.0,9412.0,9412.0,9412.0,9413.0,9396.0,9400.0,9400.0,9399.0,9399.0,9399.0,9399.0,9399.0,9399.0,9400.0,9402.0,9402.0,9402.0,9403.0,9404.0,9404.0,9404.0,9404.0,9405.0,9405.0,9406.0,9406.0,9406.0,9406.0,9405.0,9403.0,9402.0,9402.0,9402.0,9402.0,9402.0,9402.0,9402.0,9402.0,9402.0,9402.0,9402.0,9402.0,9402.0,9402.0,9402.0,9402.0,9402.0,9402.0,9402.0,9402.0,9402.0,9409.0,9410.0,9410.0,9410.0,9410.0,9410.0,9409.0,9410.0,9410.0,9410.0,9410.0,9408.0,9409.0,9409.0,9409.0,9409.0,9409.0,9408.0,9408.0,9407.0,9406.0,9406.0,9406.0,9406.0,9407.0,9407.0,9407.0,9403.0,9402.0,9402.0,9402.0,9402.0,9402.0,9402.0,9402.0,9402.0,9402.0,9402.0,9401.0,9401
V6yhQw99NYY,,,,,,,,,,,,,,,,,,,,,,,,,,,,,,,,,,,,,,,,,,,,,,,,,,,,,,,146.0,146.0,146.0,146.0,146.0,146.0,146.0,146.0,146.0,146.0,146.0,146.0,146.0,146.0,146.0,146.0,146.0,146.0,146.0,146.0,146.0,146.0,146.0,146.0,146.0,146.0,146.0,142.0,142.0,142.0,142.0,142.0,142.0,142.0,142.0,142.0,142.0,143.0,143.0,143.0,143.0,143.0,143.0,143.0,143.0,143.0,144.0,144.0,144.0,144.0,144.0,144.0,144.0,145.0,145.0,145.0,145.0,145.0,145.0,145.0,145.0,145.0,145.0,145.0,145.0,145.0,145.0,145.0,146.0,146.0,146.0,146.0,146.0,146.0,146.0,146.0,146.0,147.0,147.0,147.0,147.0,147.0,147.0,147.0,147.0,147.0,147.0,148.0,148.0,148.0,148.0,148.0,148.0,148.0,148.0,148.0,148.0,148.0,148.0,148.0,148.0,148.0,148.0,148.0,148.0,148.0,148.0,128.0,128.0,128.0,128.0,128.0,128.0,128.0,128.0,128.0,128.0,128.0,128.0,128.0,129.0,129.0,129.0,129.0,130.0,130.0,130.0,130.0,130.0,130.0,132.0,132.0,132.0,133.0,133.0,133.0,133.0,133.0,133.0,133.0,133.0,133.0,134.0,134.0,134.0,134.0,134.0,134.0,135.0,136.0,136.0,136.0,136.0,136
_UQCWEp-8BQ,,,,,,,,,,,,,,,,,,,,,,,,,,,,,,,,,,,,,,,,,,,,,,,,,,,,,,,2518.0,2522.0,2523.0,2525.0,2533.0,2536.0,2541.0,2545.0,2549.0,2553.0,2555.0,2563.0,2566.0,2569.0,2573.0,2577.0,2579.0,2573.0,2579.0,2580.0,2580.0,2581.0,2590.0,2589.0,2593.0,2586.0,2587.0,2591.0,2594.0,2596.0,2597.0,2597.0,2596.0,2597.0,2599.0,2599.0,2599.0,2603.0,2607.0,2610.0,2610.0,2613.0,2620.0,2623.0,2622.0,2623.0,2624.0,2626.0,2630.0,2630.0,2630.0,2631.0,2632.0,2631.0,2632.0,2631.0,2631.0,2633.0,2634.0,2636.0,2635.0,2637.0,2640.0,2640.0,2641.0,2641.0,2642.0,2640.0,2639.0,2639.0,2640.0,2640.0,2640.0,2640.0,2640.0,2640.0,2640.0,2641.0,2641.0,2643.0,2643.0,2643.0,2644.0,2644.0,2644.0,2645.0,2646.0,2647.0,2650.0,2648.0,2650.0,2651.0,2651.0,2651.0,2653.0,2653.0,2654.0,2655.0,2654.0,2655.0,2658.0,2659.0,2659.0,2659.0,2659.0,2659.0,2662.0,2663.0,2665.0,2667.0,2667.0,2667.0,2668.0,2670.0,2665.0,2665.0,2665.0,2665.0,2665.0,2667.0,2668.0,2668.0,2669.0,2670.0,2670.0,2671.0,2674.0,2675.0,2675.0,2679.0,2679.0,2679.0,2679.0,2680.0,2684.0,2684.0,2684.0,2685.0,2685.0,2685.0,2685.0,2685.0,2685.0,2685.0,2683.0,2683.0,2683.0,2683.0,2684.0,2682.0,2682.0,2683.0,2683.0,2683
QohU4Ucme3c,,,,,,,,,,,,,,,,,,,,,,,,,,,,,,,,,,,,,,,,,,,,,,,,,,,,,,,12.0,12.0,12.0,12.0,12.0,12.0,12.0,12.0,12.0,12.0,12.0,12.0,12.0,12.0,12.0,12.0,13.0,13.0,13.0,13.0,13.0,13.0,13.0,13.0,13.0,13.0,14.0,14.0,14.0,14.0,14.0,14.0,14.0,14.0,14.0,14.0,14.0,14.0,14.0,14.0,15.0,14.0,14.0,14.0,14.0,14.0,14.0,14.0,14.0,14.0,14.0,14.0,14.0,15.0,15.0,15.0,15.0,15.0,15.0,15.0,15.0,15.0,15.0,15.0,15.0,15.0,15.0,15.0,15.0,15.0,15.0,15.0,15.0,15.0,15.0,15.0,15.0,15.0,15.0,15.0,15.0,15.0,15.0,15.0,15.0,15.0,15.0,15.0,15.0,15.0,15.0,15.0,15.0,15.0,15.0,15.0,15.0,15.0,15.0,15.0,15.0,15.0,15.0,15.0,15.0,15.0,15.0,15.0,15.0,15.0,15.0,15.0,15.0,15.0,15.0,15.0,15.0,15.0,15.0,15.0,15.0,15.0,15.0,15.0,15.0,15.0,15.0,15.0,15.0,15.0,15.0,15.0,15.0,15.0,15.0,15.0,15.0,15.0,15.0,15.0,15.0,15.0,15.0,15.0,15.0,15.0,15.0,15.0,15.0,15.0,15.0,15.0,15.0,15
0-xKvImq7Ek,,,,,,,,,,,,,,,,,,,,,,,,,,,,,,,,,,,,,,,,,,,,,,,,,,,,,,,1638.0,1643.0,1644.0,1645.0,1648.0,1650.0,1650.0,1654.0,1656.0,1657.0,1659.0,1660.0,1660.0,1661.0,1661.0,1661.0,1663.0,1663.0,1663.0,1667.0,1669.0,1668.0,1669.0,1671.0,1674.0,1678.0,1678.0,1673.0,1677.0,1681.0,1681.0,1680.0,1680.0,1681.0,1683.0,1688.0,1688.0,1690.0,1690.0,1690.0,1691.0,1694.0,1695.0,1695.0,1696.0,1697.0,1697.0,1700.0,1699.0,1699.0,1699.0,1699.0,1700.0,1700.0,1702.0,1702.0,1704.0,1704.0,1704.0,1705.0,1706.0,1706.0,1706.0,1706.0,1707.0,1707.0,1707.0,1708.0,1708.0,1710.0,1711.0,1711.0,1712.0,1712.0,1714.0,1716.0,1716.0,1718.0,1720.0,1721.0,1721.0,1722.0,1725.0,1725.0,1726.0,1729.0,1729.0,1729.0,1729.0,1729.0,1729.0,1729.0,1729.0,1703.0,1705.0,1705.0,1705.0,1705.0,1705.0,1706.0,1706.0,1706.0,1707.0,1707.0,1708.0,1708.0,1708.0,1708.0,1708.0,1709.0,1709.0,1709.0,1709.0,1709.0,1709.0,1709.0,1709.0,1709.0,1709.0,1709.0,1709.0,1709.0,1709.0,1709.0,1708.0,1708.0,1708.0,1708.0,1708.0,1708.0,1708.0,1708.0,1708.0,1708.0,1708.0,1708.0,1708.0,1708.0,1709.0,1709.0,1709.0,1709.0,1709.0,1709.0,1710.0,1710.0,1710.0,1710.0,1709.0,1709.0,1709.0,1709.0,1709.0,1709
3IjtP7PRcrE,,,,,,,,,,,,,,,,,,,,,,,,,,,,,,,,,,,,,,,,,,,,,,,,,,,,,,,161.0,161.0,161.0,161.0,158.0,158.0,158.0,158.0,158.0,158.0,158.0,158.0,158.0,158.0,158.0,159.0,159.0,159.0,159.0,159.0,160.0,160.0,160.0,160.0,160.0,160.0,160.0,158.0,158.0,159.0,159.0,159.0,159.0,159.0,159.0,159.0,159.0,159.0,159.0,159.0,159.0,159.0,159.0,159.0,159.0,161.0,161.0,161.0,161.0,161.0,161.0,161.0,161.0,161.0,161.0,161.0,161.0,161.0,161.0,161.0,161.0,161.0,161.0,161.0,161.0,161.0,161.0,161.0,161.0,161.0,161.0,161.0,161.0,161.0,161.0,161.0,161.0,161.0,161.0,161.0,161.0,161.0,161.0,161.0,161.0,161.0,163.0,163.0,163.0,163.0,163.0,163.0,163.0,163.0,163.0,164.0,164.0,165.0,165.0,165.0,165.0,161.0,161.0,161.0,161.0,161.0,161.0,161.0,161.0,161.0,161.0,161.0,161.0,161.0,161.0,161.0,161.0,161.0,161.0,161.0,161.0,161.0,161.0,161.0,161.0,161.0,161.0,161.0,161.0,161.0,161.0,161.0,161.0,162.0,162.0,162.0,162.0,162.0,162.0,162.0,162.0,162.0,162.0,162.0,162.0,162.0,162.0,162.0,162.0,162.0,163.0,163.0,163.0,163
CgCVZdcKcqY,,,,,,,,,,,,,,,,,,,,,,,,,,,,,,,,,,,,,,,,,,,,,,,,,,,,,,,467280.0,467466.0,467597.0,468594.0,469095.0,469369.0,469534.0,469634.0,469652.0,469769.0,468740.0,468748.0,468793.0,468870.0,468981.0,469059.0,469152.0,469304.0,469369.0,469458.0,469501.0,469505.0,469532.0,469737.0,470116.0,470309.0,470528.0,470799.0,470957.0,471105.0,471310.0,471554.0,471686.0,471722.0,471820.0,471946.0,472099.0,472145.0,472219.0,472347.0,472393.0,472478.0,472588.0,472668.0,472684.0,472696.0,472781.0,472823.0,472761.0,472854.0,472901.0,472665.0,472796.0,472867.0,472869.0,472890.0,472959.0,473000.0,472883.0,472928.0,472970.0,473152.0,473227.0,473267.0,473322.0,473332.0,473365.0,472146.0,472255.0,472342.0,472341.0,472498.0,472553.0,472655.0,472655.0,472759.0,472874.0,472903.0,472956.0,473043.0,473176.0,473290.0,473406.0,473379.0,473499.0,473576.0,473642.0,473719.0,473828.0,473922.0,474050.0,474201.0,474327.0,474489.0,474633.0,474717.0,474825.0,474967.0,475031.0,475108.0,475126.0,475263.0,475397.0,475616.0,475824.0,475980.0,476114.0,476228.0,476371.0,476492.0,476594.0,476709.0,476883.0,477042.0,477327.0,477706.0,478257.0,478436.0,478532.0,478625.0,478766.0,478799.0,478865.0,478939.0,479021.0,479075.0,479152.0,479207.0,479295.0,479332.0,479432.0,479552.0,479624.0,479662.0,479768.0,479899.0,480250.0,480428.0,480568.0,480637.0,480659.0,480711.0,480774.0,480846.0,480913.0,480964.0,481040.0,481046.0,481057.0,481126.0,481187.0,481218.0,481283.0,481300
5e_VnIBO32I,,,,,,,,,,,,,,,,,,,,,,,,,,,,,,,,,,,,,,,,,,,,,,,,,,,,,,,0.0,0.0,0.0,0.0,0.0,0.0,0.0,0.0,0.0,0.0,0.0,0.0,0.0,0.0,0.0,0.0,0.0,0.0,0.0,0.0,0.0,0.0,0.0,0.0,0.0,0.0,0.0,0.0,0.0,0.0,0.0,0.0,0.0,0.0,0.0,0.0,0.0,0.0,0.0,0.0,0.0,0.0,0.0,0.0,0.0,0.0,0.0,0.0,0.0,0.0,0.0,0.0,0.0,0.0,0.0,0.0,0.0,0.0,0.0,0.0,0.0,0.0,0.0,0.0,0.0,0.0,0.0,0.0,0.0,0.0,0.0,0.0,0.0,0.0,0.0,0.0,0.0,0.0,0.0,0.0,0.0,0.0,0.0,0.0,0.0,0.0,0.0,0.0,0.0,0.0,0.0,0.0,0.0,0.0,0.0,0.0,0.0,0.0,0.0,0.0,0.0,0.0,0.0,0.0,0.0,0.0,0.0,0.0,0.0,0.0,0.0,0.0,0.0,0.0,0.0,0.0,0.0,0.0,0.0,0.0,0.0,0.0,0.0,0.0,0.0,0.0,0.0,0.0,0.0,0.0,0.0,0.0,0.0,0.0,0.0,0.0,0.0,0.0,0.0,0.0,0.0,0.0,0.0,0.0,0.0,0.0,0.0,0.0,0.0,0.0,0.0,0.0,0.0,0
liIBNPLp6D8,,,,,,,,,,,,,,,,,,,,,,,,,,,,,,,,,,,,,,,,,,,,,,,,,,,,,,,133.0,135.0,135.0,135.0,135.0,135.0,135.0,135.0,135.0,135.0,135.0,136.0,136.0,138.0,138.0,139.0,139.0,139.0,139.0,138.0,138.0,138.0,138.0,138.0,138.0,138.0,138.0,138.0,138.0,138.0,139.0,139.0,139.0,138.0,138.0,138.0,138.0,138.0,139.0,140.0,140.0,140.0,140.0,141.0,141.0,141.0,141.0,141.0,142.0,142.0,142.0,142.0,142.0,142.0,142.0,142.0,142.0,142.0,142.0,142.0,142.0,143.0,143.0,143.0,143.0,143.0,143.0,142.0,142.0,142.0,143.0,143.0,143.0,143.0,143.0,143.0,143.0,144.0,143.0,143.0,143.0,143.0,144.0,144.0,144.0,144.0,144.0,144.0,144.0,144.0,144.0,144.0,144.0,144.0,144.0,144.0,144.0,145.0,145.0,145.0,145.0,146.0,146.0,146.0,146.0,146.0,146.0,146.0,146.0,146.0,146.0,146.0,146.0,146.0,146.0,146.0,146.0,146.0,146.0,146.0,146.0,146.0,146.0,146.0,146.0,146.0,146.0,146.0,146.0,146.0,146.0,146.0,146.0,146.0,146.0,146.0,146.0,146.0,146.0,146.0,146.0,146.0,146.0,146.0,146.0,146.0,146.0,146.0,146.0,146.0,145.0,145.0,145.0,145
PqWApYzlfrU,,,,,,,,,,,,,,,,,,,,,,,,,,,,,,,,,,,,,,,,,,,,,,,,,,,,,,,2896.0,2900.0,2904.0,2906.0,2908.0,2908.0,2913.0,2921.0,2922.0,2924.0,2925.0,2926.0,2928.0,2931.0,2934.0,2935.0,2939.0,2942.0,2942.0,2943.0,2949.0,2951.0,2951.0,2952.0,2953.0,2954.0,2955.0,2958.0,2959.0,2963.0,2964.0,2967.0,2967.0,2957.0,2957.0,2957.0,2960.0,2958.0,2965.0,2969.0,2969.0,2971.0,2971.0,2972.0,2970.0,2970.0,2970.0,2970.0,2970.0,2970.0,2970.0,2970.0,2975.0,2976.0,2981.0,3004.0,3011.0,3014.0,3017.0,3021.0,3022.0,3021.0,3025.0,3028.0,3029.0,3031.0,3029.0,3029.0,3033.0,3035.0,3035.0,3035.0,3035.0,3035.0,3035.0,3036.0,3038.0,3039.0,3038.0,3037.0,3040.0,3041.0,3041.0,3040.0,3040.0,3041.0,3039.0,3041.0,3042.0,3042.0,3044.0,3044.0,3044.0,3042.0,3042.0,3043.0,3043.0,3044.0,3043.0,3044.0,3045.0,3042.0,3042.0,3041.0,3041.0,3041.0,3047.0,3049.0,3046.0,3050.0,3048.0,3050.0,3051.0,3049.0,3049.0,3049.0,3050.0,3049.0,3049.0,3053.0,3059.0,3060.0,3078.0,3090.0,3099.0,3103.0,3121.0,3127.0,3136.0,3137.0,3149.0,3156.0,3161.0,3168.0,3180.0,3189.0,3196.0,3196.0,3198.0,3198.0,3200.0,3203.0,3205.0,3206.0,3206.0,3207.0,3208.0,3215.0,3222.0,3222.0,3223.0,3226.0,3227.0,3230
uRnl1Lj7GqM,,,,,,,,,,,,,,,,,,,,,,,,,,,,,,,,,,,,,,,,,,,,,,,,,,,,,,,1439.0,1442.0,1444.0,1445.0,1446.0,1449.0,1449.0,1451.0,1451.0,1453.0,1454.0,1454.0,1454.0,1454.0,1454.0,1454.0,1454.0,1455.0,1455.0,1455.0,1456.0,1455.0,1457.0,1457.0,1458.0,1458.0,1458.0,1461.0,1461.0,1463.0,1463.0,1464.0,1464.0,1464.0,1464.0,1464.0,1464.0,1464.0,1462.0,1462.0,1463.0,1462.0,1462.0,1462.0,1462.0,1462.0,1462.0,1462.0,1462.0,1463.0,1463.0,1463.0,1463.0,1464.0,1464.0,1464.0,1464.0,1464.0,1464.0,1464.0,1464.0,1464.0,1464.0,1464.0,1465.0,1466.0,1465.0,1465.0,1465.0,1465.0,1466.0,1466.0,1466.0,1466.0,1466.0,1466.0,1464.0,1464.0,1464.0,1464.0,1463.0,1463.0,1463.0,1463.0,1463.0,1463.0,1463.0,1463.0,1464.0,1464.0,1464.0,1464.0,1465.0,1464.0,1464.0,1464.0,1464.0,1465.0,1465.0,1465.0,1465.0,1465.0,1465.0,1465.0,1465.0,1465.0,1465.0,1465.0,1465.0,1465.0,1464.0,1464.0,1464.0,1464.0,1464.0,1464.0,1464.0,1464.0,1464.0,1465.0,1465.0,1465.0,1465.0,1465.0,1465.0,1465.0,1465.0,1465.0,1465.0,1466.0,1466.0,1466.0,1466.0,1466.0,1466.0,1466.0,1466.0,1466.0,1466.0,1466.0,1466.0,1470.0,1470.0,1470.0,1472.0,1472.0,1472.0,1472.0,1472.0,1472.0,1472.0,1472.0,1472.0,1473
4jyZpXEW88E,,,,,,,,,,,,,,,,,,,,,,,,,,,,,,,,,,,,,,,,,,,,,,,,,,,,,,,109.0,111.0,111.0,112.0,112.0,112.0,112.0,112.0,112.0,112.0,112.0,112.0,113.0,114.0,114.0,114.0,115.0,115.0,115.0,116.0,116.0,116.0,116.0,115.0,115.0,115.0,115.0,115.0,115.0,115.0,115.0,116.0,116.0,116.0,116.0,116.0,118.0,118.0,118.0,118.0,118.0,118.0,119.0,122.0,127.0,127.0,127.0,127.0,127.0,127.0,127.0,127.0,127.0,127.0,127.0,127.0,127.0,127.0,127.0,127.0,127.0,128.0,128.0,128.0,128.0,128.0,128.0,128.0,128.0,128.0,128.0,128.0,128.0,128.0,128.0,128.0,128.0,128.0,128.0,128.0,128.0,128.0,128.0,128.0,128.0,128.0,128.0,128.0,128.0,128.0,128.0,128.0,129.0,129.0,129.0,129.0,129.0,129.0,129.0,129.0,129.0,129.0,129.0,129.0,129.0,129.0,129.0,129.0,129.0,130.0,130.0,130.0,130.0,130.0,130.0,130.0,130.0,130.0,130.0,130.0,130.0,130.0,130.0,131.0,131.0,131.0,131.0,131.0,131.0,131.0,131.0,131.0,131.0,131.0,131.0,131.0,131.0,131.0,131.0,131.0,131.0,131.0,131.0,131.0,131.0,131.0,131.0,131.0,131.0,131.0,131.0,131.0,131.0,131
DYgE3SGPEqk,,,,,,,,,,,,,,,,,,,,,,,,,,,,,,,,,,,,,,,,,,,,,,,,,,,,,,,22188.0,22358.0,22440.0,22544.0,22607.0,22774.0,22891.0,22912.0,22986.0,23090.0,23343.0,23447.0,23502.0,23535.0,23579.0,23642.0,23721.0,23756.0,23828.0,23903.0,23996.0,24091.0,24117.0,24147.0,24237.0,24273.0,24290.0,24349.0,24373.0,24403.0,24428.0,24544.0,24587.0,24640.0,24663.0,24695.0,24717.0,24825.0,24852.0,24876.0,24901.0,24957.0,24995.0,25031.0,25048.0,25087.0,25106.0,25136.0,25157.0,25198.0,25226.0,25237.0,25242.0,25253.0,25273.0,25330.0,25382.0,25420.0,25448.0,25461.0,25519.0,25528.0,25537.0,25548.0,25565.0,25570.0,25627.0,25610.0,25632.0,25637.0,25642.0,25634.0,25640.0,25647.0,25656.0,25663.0,25722.0,25756.0,25763.0,25771.0,25793.0,25800.0,25818.0,25824.0,25833.0,25870.0,25875.0,25890.0,25892.0,25906.0,25923.0,25930.0,25959.0,25971.0,26002.0,26017.0,26045.0,26066.0,26075.0,26103.0,26073.0,26105.0,26125.0,26150.0,26189.0,26201.0,26228.0,26372.0,26396.0,26493.0,26533.0,26542.0,26555.0,26569.0,26575.0,26590.0,26594.0,26621.0,26621.0,26629.0,26636.0,26647.0,26661.0,26665.0,26682.0,26694.0,26703.0,26715.0,26732.0,26742.0,26752.0,26777.0,26802.0,26826.0,26832.0,26837.0,26849.0,26863.0,26873.0,26879.0,26884.0,26891.0,26894.0,26896.0,26900.0,26902.0,26909.0,26910.0,26920.0,26922.0,26923.0,26934.0,26930.0,26943
8b4Cf1tlDFk,,,,,,,,,,,,,,,,,,,,,,,,,,,,,,,,,,,,,,,,,,,,,,,,,,,,,,,488.0,488.0,489.0,491.0,491.0,491.0,492.0,493.0,493.0,493.0,493.0,494.0,494.0,495.0,495.0,495.0,495.0,495.0,495.0,495.0,495.0,496.0,496.0,498.0,498.0,500.0,505.0,508.0,509.0,511.0,511.0,512.0,512.0,512.0,512.0,512.0,512.0,512.0,513.0,519.0,520.0,520.0,520.0,521.0,522.0,522.0,523.0,523.0,523.0,524.0,524.0,524.0,523.0,523.0,524.0,525.0,526.0,526.0,526.0,526.0,526.0,528.0,528.0,529.0,529.0,529.0,530.0,530.0,531.0,531.0,531.0,531.0,535.0,535.0,536.0,537.0,537.0,538.0,538.0,538.0,539.0,539.0,539.0,540.0,540.0,540.0,541.0,541.0,541.0,541.0,543.0,543.0,543.0,543.0,543.0,543.0,543.0,543.0,541.0,541.0,543.0,544.0,544.0,544.0,544.0,544.0,544.0,544.0,544.0,544.0,545.0,545.0,545.0,545.0,545.0,543.0,543.0,543.0,544.0,544.0,544.0,544.0,544.0,544.0,544.0,545.0,545.0,546.0,546.0,546.0,546.0,546.0,546.0,547.0,547.0,548.0,548.0,548.0,548.0,548.0,548.0,548.0,548.0,548.0,548.0,548.0,548.0,548.0,548.0,548.0,548.0,547.0,547.0,545
sD44sjGm1GM,,,,,,,,,,,,,,,,,,,,,,,,,,,,,,,,,,,,,,,,,,,,,,,,,,,,,,,738.0,738.0,738.0,738.0,739.0,739.0,739.0,739.0,739.0,739.0,739.0,739.0,739.0,739.0,739.0,739.0,739.0,739.0,739.0,739.0,739.0,739.0,739.0,739.0,739.0,739.0,739.0,739.0,739.0,739.0,739.0,739.0,739.0,739.0,739.0,739.0,739.0,739.0,739.0,739.0,739.0,739.0,739.0,739.0,739.0,739.0,739.0,739.0,739.0,739.0,739.0,739.0,739.0,739.0,739.0,739.0,739.0,739.0,739.0,739.0,742.0,742.0,742.0,743.0,743.0,743.0,743.0,742.0,742.0,742.0,742.0,742.0,742.0,742.0,742.0,742.0,742.0,742.0,742.0,742.0,742.0,742.0,742.0,742.0,742.0,742.0,742.0,742.0,742.0,742.0,742.0,742.0,742.0,742.0,742.0,742.0,742.0,742.0,742.0,742.0,742.0,742.0,742.0,742.0,742.0,742.0,742.0,742.0,742.0,742.0,742.0,742.0,742.0,742.0,742.0,742.0,742.0,742.0,742.0,742.0,744.0,744.0,744.0,744.0,744.0,744.0,744.0,744.0,744.0,744.0,744.0,744.0,744.0,745.0,745.0,745.0,745.0,745.0,745.0,745.0,745.0,745.0,745.0,745.0,745.0,745.0,745.0,745.0,745.0,745.0,745.0,745.0,745.0,745
vlmXpQOE75c,,,,,,,,,,,,,,,,,,,,,,,,,,,,,,,,,,,,,,,,,,,,,,,,,,,,,,,3071.0,3076.0,3079.0,3086.0,3092.0,3107.0,3130.0,3141.0,3158.0,3191.0,3214.0,3232.0,3246.0,3247.0,3260.0,3287.0,3323.0,3336.0,3347.0,3374.0,3394.0,3412.0,3428.0,3454.0,3493.0,3495.0,3497.0,3497.0,3499.0,3505.0,3508.0,3509.0,3518.0,3519.0,3519.0,3533.0,3549.0,3560.0,3562.0,3564.0,3568.0,3580.0,3582.0,3594.0,3594.0,3661.0,3663.0,3675.0,3679.0,3680.0,3680.0,3680.0,3680.0,3679.0,3679.0,3678.0,3678.0,3678.0,3678.0,3678.0,3679.0,3679.0,3679.0,3679.0,3689.0,3689.0,3688.0,3685.0,3685.0,3686.0,3687.0,3688.0,3690.0,3688.0,3688.0,3688.0,3690.0,3691.0,3689.0,3689.0,3689.0,3689.0,3688.0,3689.0,3689.0,3689.0,3690.0,3690.0,3690.0,3691.0,3691.0,3691.0,3691.0,3688.0,3688.0,3688.0,3688.0,3688.0,3688.0,3688.0,3688.0,3688.0,3688.0,3688.0,3688.0,3686.0,3687.0,3687.0,3686.0,3686.0,3686.0,3686.0,3686.0,3686.0,3686.0,3686.0,3686.0,3687.0,3688.0,3688.0,3689.0,3689.0,3689.0,3687.0,3687.0,3687.0,3687.0,3685.0,3684.0,3684.0,3684.0,3685.0,3685.0,3685.0,3685.0,3685.0,3685.0,3685.0,3685.0,3685.0,3685.0,3685.0,3685.0,3686.0,3686.0,3686.0,3686.0,3683.0,3679.0,3679.0,3678.0,3679.0,3680.0,3680
9bZkp7q19f0,,,,,,,,,,,,,,,,,,,,,,,,,,,,,,,,,,,,,,,,,,,,,,,,,,,,,,,5452481.0,5452479.0,5452523.0,5452617.0,5452704.0,5452845.0,5452902.0,5452928.0,5452931.0,5452926.0,5452996.0,5452132.0,5452306.0,5452410.0,5452454.0,5452544.0,5452625.0,5452753.0,5452818.0,5453034.0,5453192.0,5453268.0,5453418.0,5453421.0,5453452.0,5453759.0,5453879.0,5453965.0,5454074.0,5454194.0,5454279.0,5454522.0,5454692.0,5454874.0,5454977.0,5454993.0,5455122.0,5455078.0,5455065.0,5455235.0,5455339.0,5455276.0,5455353.0,5455458.0,5455457.0,5455582.0,5455655.0,5455682.0,5455759.0,5454799.0,5454804.0,5454852.0,5454959.0,5455050.0,5455118.0,5455153.0,5455195.0,5455267.0,5455323.0,5455449.0,5455636.0,5455763.0,5455826.0,5455920.0,5456021.0,5456097.0,5456108.0,5455833.0,5455995.0,5456128.0,5456235.0,5456377.0,5456447.0,5456658.0,5456875.0,5457015.0,5457177.0,5457242.0,5457319.0,5457471.0,5457622.0,5457855.0,5457997.0,5458123.0,5458175.0,5458269.0,5458445.0,5458547.0,5458718.0,5458881.0,5459051.0,5459117.0,5459159.0,5459232.0,5459350.0,5459441.0,5459525.0,5458943.0,5459107.0,5459223.0,5459333.0,5459561.0,5459587.0,5459662.0,5459792.0,5459814.0,5459915.0,5460047.0,5460150.0,5460268.0,5460363.0,5460404.0,5460472.0,5460247.0,5460270.0,5460335.0,5460460.0,5460531.0,5460585.0,5460656.0,5460686.0,5460659.0,5460525.0,5460578.0,5460632.0,5460677.0,5460741.0,5460772.0,5460833.0,5460901.0,5461001.0,5461094.0,5460080.0,5460143.0,5460174.0,5460177.0,5460253.0,5460325.0,5460363.0,5460444.0,5460446.0,5460548.0,5460692.0,5460842.0,5460924.0,5461038.0,5461108.0,5461136.0,5461188.0,5461302.0,5461394.0,5461461.0,5461532.0,5461522
WxL5cNNelLk,,,,,,,,,,,,,,,,,,,,,,,,,,,,,,,,,,,,,,,,,,,,,,,,,,,,,,,9755.0,9759.0,9768.0,9776.0,9782.0,9789.0,9787.0,9792.0,9792.0,9813.0,9830.0,9833.0,9838.0,9843.0,9849.0,9853.0,9857.0,9862.0,9864.0,9865.0,9902.0,9966.0,9996.0,10016.0,10035.0,10052.0,10063.0,10055.0,10057.0,10059.0,10061.0,10081.0,10087.0,10095.0,10097.0,10097.0,10097.0,10099.0,10100.0,10099.0,10099.0,10099.0,10102.0,10103.0,10103.0,10104.0,10105.0,10107.0,10107.0,10109.0,10110.0,10112.0,10113.0,10114.0,10115.0,10114.0,10114.0,10114.0,10114.0,10112.0,10112.0,10113.0,10115.0,10116.0,10117.0,10117.0,10117.0,10118.0,10117.0,10118.0,10118.0,10119.0,10119.0,10120.0,10120.0,10122.0,10122.0,10124.0,10125.0,10125.0,10126.0,10126.0,10127.0,10128.0,10128.0,10128.0,10128.0,10128.0,10128.0,10129.0,10131.0,10134.0,10128.0,10128.0,10127.0,10128.0,10130.0,10130.0,10129.0,10129.0,10129.0,10127.0,10128.0,10128.0,10128.0,10127.0,10126.0,10126.0,10126.0,10126.0,10124.0,10127.0,10130.0,10130.0,10130.0,10130.0,10131.0,10134.0,10136.0,10138.0,10136.0,10136.0,10136.0,10136.0,10136.0,10130.0,10131.0,10131.0,10132.0,10132.0,10132.0,10132.0,10133.0,10133.0,10133.0,10133.0,10133.0,10137.0,10137.0,10138.0,10138.0,10138.0,10139.0,10139.0,10139.0,10140.0,10143.0,10144.0,10147.0,10149.0,10152.0,10154.0,10161.0,10161
Tckezs5z6u0,,,,,,,,,,,,,,,,,,,,,,,,,,,,,,,,,,,,,,,,,,,,,,,,,,,,,,,3404.0,3414.0,3418.0,3426.0,3438.0,3440.0,3448.0,3450.0,3452.0,3452.0,3454.0,3458.0,3462.0,3462.0,3461.0,3464.0,3466.0,3470.0,3481.0,3486.0,3494.0,3497.0,3499.0,3499.0,3500.0,3502.0,3503.0,3504.0,3504.0,3508.0,3508.0,3509.0,3512.0,3517.0,3518.0,3520.0,3520.0,3511.0,3512.0,3513.0,3515.0,3516.0,3516.0,3518.0,3517.0,3517.0,3518.0,3519.0,3523.0,3524.0,3533.0,3528.0,3528.0,3527.0,3529.0,3529.0,3531.0,3532.0,3533.0,3534.0,3535.0,3536.0,3539.0,3540.0,3540.0,3542.0,3543.0,3543.0,3543.0,3546.0,3546.0,3549.0,3549.0,3552.0,3553.0,3561.0,3562.0,3563.0,3564.0,3563.0,3564.0,3572.0,3573.0,3579.0,3579.0,3580.0,3580.0,3581.0,3580.0,3581.0,3584.0,3586.0,3587.0,3587.0,3593.0,3594.0,3595.0,3595.0,3595.0,3595.0,3596.0,3597.0,3597.0,3597.0,3597.0,3597.0,3599.0,3614.0,3615.0,3616.0,3617.0,3617.0,3619.0,3619.0,3620.0,3620.0,3620.0,3625.0,3625.0,3626.0,3625.0,3625.0,3625.0,3625.0,3625.0,3625.0,3625.0,3626.0,3627.0,3628.0,3628.0,3628.0,3628.0,3628.0,3630.0,3630.0,3630.0,3628.0,3628.0,3628.0,3628.0,3628.0,3629.0,3629.0,3629.0,3629.0,3632.0,3632.0,3633.0,3633.0,3633.0,3634.0,3634.0,3635
4arlM3zyWyA,,,,,,,,,,,,,,,,,,,,,,,,,,,,,,,,,,,,,,,,,,,,,,,,,,,,,,,457.0,464.0,466.0,468.0,471.0,473.0,474.0,476.0,478.0,480.0,484.0,486.0,490.0,495.0,498.0,505.0,513.0,514.0,517.0,520.0,528.0,530.0,531.0,536.0,538.0,541.0,547.0,548.0,549.0,552.0,553.0,555.0,559.0,561.0,562.0,563.0,564.0,566.0,571.0,575.0,576.0,579.0,581.0,582.0,583.0,584.0,586.0,587.0,589.0,590.0,591.0,592.0,594.0,597.0,601.0,602.0,604.0,608.0,610.0,613.0,616.0,618.0,620.0,621.0,624.0,626.0,627.0,630.0,632.0,634.0,636.0,638.0,640.0,642.0,645.0,647.0,649.0,651.0,653.0,655.0,658.0,661.0,663.0,665.0,668.0,671.0,674.0,676.0,680.0,684.0,689.0,692.0,695.0,698.0,698.0,703.0,705.0,708.0,712.0,714.0,716.0,719.0,722.0,722.0,727.0,727.0,730.0,730.0,734.0,737.0,740.0,741.0,742.0,744.0,748.0,750.0,753.0,756.0,756.0,760.0,762.0,763.0,766.0,770.0,774.0,775.0,777.0,777.0,779.0,779.0,779.0,779.0,785.0,785.0,785.0,785.0,785.0,785.0,787.0,791.0,791.0,793.0,795.0,796.0,798.0,798.0,801.0,801.0,803.0,804.0,806.0,806.0,808.0,808
6IKDkjlKHS4,,,,,,,,,,,,,,,,,,,,,,,,,,,,,,,,,,,,,,,,,,,,,,,,,,,,,,,94.0,94.0,94.0,94.0,94.0,94.0,94.0,94.0,94.0,94.0,94.0,94.0,95.0,95.0,95.0,95.0,95.0,95.0,96.0,96.0,96.0,96.0,97.0,97.0,97.0,97.0,97.0,97.0,97.0,97.0,97.0,97.0,97.0,97.0,97.0,97.0,97.0,97.0,97.0,97.0,97.0,97.0,97.0,97.0,97.0,97.0,97.0,97.0,97.0,97.0,97.0,97.0,97.0,97.0,97.0,97.0,97.0,97.0,97.0,97.0,98.0,98.0,98.0,98.0,98.0,98.0,98.0,98.0,98.0,98.0,98.0,98.0,98.0,98.0,98.0,98.0,98.0,98.0,98.0,98.0,98.0,97.0,97.0,97.0,97.0,97.0,97.0,97.0,97.0,97.0,97.0,98.0,98.0,98.0,98.0,98.0,98.0,98.0,98.0,98.0,98.0,98.0,98.0,98.0,98.0,98.0,98.0,98.0,98.0,98.0,98.0,98.0,98.0,98.0,98.0,98.0,98.0,98.0,98.0,98.0,98.0,98.0,98.0,98.0,98.0,98.0,98.0,98.0,98.0,98.0,98.0,98.0,98.0,98.0,98.0,98.0,98.0,98.0,98.0,98.0,98.0,98.0,98.0,98.0,98.0,98.0,98.0,97.0,97.0,97.0,97.0,97.0,97.0,97
q7bcUlP07i4,,,,,,,,,,,,,,,,,,,,,,,,,,,,,,,,,,,,,,,,,,,,,,,,,,,,,,,4.0,4.0,4.0,4.0,4.0,4.0,4.0,4.0,4.0,4.0,4.0,4.0,4.0,4.0,4.0,4.0,4.0,4.0,4.0,4.0,4.0,4.0,4.0,4.0,4.0,4.0,4.0,4.0,4.0,4.0,4.0,4.0,4.0,4.0,4.0,4.0,4.0,4.0,4.0,4.0,4.0,4.0,4.0,4.0,4.0,4.0,4.0,4.0,4.0,4.0,4.0,4.0,4.0,4.0,4.0,4.0,4.0,4.0,4.0,4.0,4.0,4.0,4.0,4.0,4.0,4.0,4.0,4.0,4.0,4.0,4.0,4.0,4.0,4.0,4.0,4.0,4.0,4.0,4.0,4.0,4.0,4.0,4.0,4.0,4.0,4.0,4.0,4.0,4.0,4.0,4.0,4.0,4.0,4.0,4.0,4.0,4.0,4.0,4.0,4.0,4.0,4.0,4.0,4.0,4.0,4.0,4.0,4.0,4.0,4.0,4.0,4.0,4.0,4.0,4.0,4.0,4.0,4.0,4.0,4.0,4.0,4.0,4.0,4.0,4.0,4.0,4.0,4.0,4.0,4.0,4.0,4.0,4.0,4.0,4.0,4.0,4.0,4.0,4.0,4.0,4.0,4.0,4.0,4.0,4.0,4.0,4.0,4.0,4.0,4.0,4.0,4.0,4.0,4
vShw8Av0dQY,,,,,,,,,,,,,,,,,,,,,,,,,,,,,,,,,,,,,,,,,,,,,,,,,,,,,,,460.0,460.0,460.0,462.0,462.0,463.0,464.0,464.0,463.0,464.0,465.0,465.0,466.0,467.0,467.0,467.0,467.0,466.0,466.0,467.0,468.0,468.0,469.0,470.0,471.0,471.0,471.0,472.0,472.0,472.0,473.0,473.0,473.0,473.0,473.0,474.0,474.0,474.0,473.0,473.0,473.0,474.0,475.0,475.0,476.0,476.0,477.0,477.0,476.0,476.0,476.0,476.0,476.0,476.0,476.0,476.0,476.0,476.0,476.0,476.0,477.0,477.0,477.0,477.0,476.0,476.0,476.0,476.0,476.0,476.0,476.0,476.0,477.0,477.0,478.0,479.0,480.0,480.0,480.0,479.0,479.0,479.0,479.0,479.0,479.0,479.0,477.0,477.0,478.0,477.0,477.0,477.0,476.0,477.0,477.0,477.0,478.0,478.0,479.0,479.0,479.0,479.0,479.0,479.0,479.0,479.0,479.0,479.0,479.0,479.0,480.0,480.0,480.0,480.0,480.0,480.0,479.0,479.0,479.0,480.0,480.0,480.0,480.0,480.0,480.0,480.0,480.0,480.0,481.0,481.0,481.0,481.0,481.0,480.0,480.0,480.0,480.0,478.0,478.0,478.0,478.0,478.0,478.0,478.0,479.0,479.0,479.0,479.0,479.0,479.0,480.0,480.0,480.0,480
N-zrw5qDkFQ,,,,,,,,,,,,,,,,,,,,,,,,,,,,,,,,,,,,,,,,,,,,,,,,,,,,,,,26.0,26.0,26.0,26.0,26.0,26.0,26.0,26.0,26.0,26.0,26.0,26.0,26.0,26.0,26.0,26.0,26.0,26.0,26.0,26.0,26.0,26.0,26.0,26.0,26.0,26.0,26.0,26.0,26.0,26.0,26.0,26.0,26.0,26.0,26.0,26.0,27.0,27.0,27.0,27.0,27.0,27.0,27.0,27.0,27.0,27.0,27.0,28.0,28.0,28.0,28.0,28.0,28.0,28.0,28.0,28.0,28.0,28.0,28.0,28.0,28.0,28.0,28.0,28.0,28.0,28.0,28.0,28.0,28.0,28.0,28.0,28.0,28.0,28.0,28.0,28.0,28.0,28.0,28.0,28.0,28.0,28.0,28.0,28.0,28.0,28.0,28.0,28.0,28.0,28.0,28.0,28.0,28.0,28.0,28.0,28.0,28.0,28.0,28.0,28.0,28.0,28.0,28.0,28.0,28.0,28.0,28.0,28.0,28.0,28.0,28.0,28.0,28.0,28.0,28.0,28.0,28.0,28.0,28.0,28.0,28.0,28.0,28.0,28.0,28.0,28.0,28.0,28.0,28.0,28.0,28.0,28.0,28.0,28.0,28.0,28.0,28.0,28.0,28.0,28.0,28.0,28.0,28.0,28.0,28.0,28.0,28.0,28.0,28.0,28.0,28.0,28.0,28.0,28
JTFuuQg5Mhs,,,,,,,,,,,,,,,,,,,,,,,,,,,,,,,,,,,,,,,,,,,,,,,,,,,,,,,868.0,870.0,876.0,875.0,876.0,876.0,881.0,883.0,883.0,884.0,884.0,891.0,896.0,897.0,897.0,900.0,906.0,907.0,911.0,913.0,916.0,916.0,916.0,918.0,919.0,919.0,922.0,922.0,922.0,923.0,932.0,934.0,931.0,931.0,933.0,935.0,936.0,936.0,936.0,936.0,936.0,937.0,939.0,939.0,940.0,941.0,948.0,950.0,950.0,950.0,950.0,950.0,951.0,951.0,951.0,951.0,951.0,952.0,952.0,953.0,954.0,954.0,955.0,954.0,954.0,955.0,955.0,956.0,956.0,957.0,957.0,957.0,959.0,959.0,959.0,959.0,960.0,960.0,960.0,960.0,960.0,960.0,960.0,960.0,961.0,962.0,962.0,963.0,964.0,963.0,964.0,964.0,964.0,965.0,965.0,965.0,965.0,965.0,965.0,966.0,967.0,969.0,975.0,975.0,975.0,975.0,975.0,975.0,975.0,975.0,975.0,975.0,976.0,976.0,976.0,976.0,976.0,977.0,977.0,977.0,978.0,978.0,978.0,979.0,979.0,979.0,980.0,980.0,980.0,981.0,982.0,983.0,983.0,983.0,984.0,985.0,982.0,982.0,982.0,983.0,983.0,983.0,983.0,984.0,984.0,984.0,984.0,985.0,985.0,985.0,986.0,984.0,984.0,985
9qkpcLK422o,,,,,,,,,,,,,,,,,,,,,,,,,,,,,,,,,,,,,,,,,,,,,,,,,,,,,,,26710.0,26889.0,27103.0,27260.0,27419.0,27711.0,27903.0,28013.0,28123.0,28219.0,28332.0,28460.0,28606.0,28703.0,28787.0,28882.0,28946.0,29041.0,29127.0,29194.0,29289.0,29351.0,29430.0,29472.0,29561.0,29608.0,29662.0,29741.0,29837.0,29918.0,29992.0,30056.0,30102.0,30158.0,30212.0,30263.0,30313.0,30374.0,30443.0,30495.0,30535.0,30584.0,30631.0,30677.0,30720.0,30761.0,30809.0,30830.0,30840.0,30885.0,30923.0,31004.0,31043.0,31070.0,31093.0,31112.0,31132.0,31171.0,31207.0,31234.0,31289.0,31306.0,31334.0,31339.0,31365.0,31388.0,31428.0,31466.0,31531.0,31568.0,31608.0,31658.0,31688.0,31726.0,31753.0,31840.0,31808.0,31837.0,31873.0,31913.0,31947.0,31981.0,31999.0,32061.0,32167.0,32194.0,32233.0,32256.0,32284.0,32300.0,32349.0,32387.0,32407.0,32413.0,32438.0,32479.0,32481.0,32493.0,32504.0,32517.0,32538.0,32559.0,32593.0,32625.0,32640.0,32659.0,32686.0,32707.0,32719.0,32733.0,32757.0,32782.0,32793.0,32801.0,32814.0,32824.0,32873.0,32871.0,32889.0,32898.0,32912.0,32930.0,32946.0,32965.0,32979.0,33009.0,33042.0,33061.0,33080.0,33096.0,33112.0,33126.0,33130.0,33137.0,33145.0,33162.0,33173.0,33172.0,33179.0,33193.0,33204.0,33218.0,33222.0,33226.0,33245.0,33253.0,33263.0,33278.0,33299.0,33333.0,33348.0,33354.0,33350.0,33356
9uDVag6HP8g,,,,,,,,,,,,,,,,,,,,,,,,,,,,,,,,,,,,,,,,,,,,,,,,,,,,,,,18958.0,19046.0,19147.0,19238.0,19351.0,19405.0,19453.0,19492.0,19549.0,19591.0,19641.0,19703.0,19856.0,19921.0,20064.0,20259.0,20334.0,20378.0,20419.0,20459.0,20514.0,20562.0,20576.0,20609.0,20633.0,20661.0,20690.0,20709.0,20719.0,20728.0,20732.0,20740.0,20762.0,20772.0,20786.0,20796.0,20810.0,20824.0,20834.0,20859.0,20882.0,20889.0,20898.0,20911.0,20923.0,20934.0,20946.0,20960.0,20974.0,20982.0,21001.0,21021.0,21034.0,21045.0,21049.0,21058.0,21067.0,21071.0,21084.0,21103.0,21121.0,21132.0,21142.0,21156.0,21159.0,21165.0,21166.0,21145.0,21152.0,21162.0,21169.0,21169.0,21178.0,21184.0,21185.0,21192.0,21196.0,21204.0,21214.0,21226.0,21235.0,21245.0,21247.0,21250.0,21253.0,21256.0,21258.0,21265.0,21267.0,21270.0,21272.0,21279.0,21285.0,21294.0,21305.0,21314.0,21318.0,21322.0,21328.0,21334.0,21337.0,21344.0,21348.0,21351.0,21355.0,21361.0,21370.0,21375.0,21378.0,21384.0,21383.0,21387.0,21385.0,21388.0,21389.0,21395.0,21397.0,21404.0,21414.0,21420.0,21428.0,21416.0,21426.0,21431.0,21436.0,21445.0,21452.0,21458.0,21468.0,21473.0,21475.0,21482.0,21480.0,21489.0,21494.0,21511.0,21521.0,21524.0,21534.0,21541.0,21545.0,21556.0,21564.0,21567.0,21573.0,21575.0,21577.0,21578.0,21581.0,21586.0,21591.0,21595.0,21602.0,21608
f3OypB-9BQI,,,,,,,,,,,,,,,,,,,,,,,,,,,,,,,,,,,,,,,,,,,,,,,,,,,,,,,1352.0,1354.0,1353.0,1353.0,1353.0,1353.0,1351.0,1354.0,1354.0,1354.0,1354.0,1355.0,1356.0,1356.0,1358.0,1358.0,1358.0,1358.0,1362.0,1362.0,1362.0,1362.0,1362.0,1362.0,1362.0,1362.0,1365.0,1364.0,1364.0,1364.0,1364.0,1364.0,1364.0,1364.0,1363.0,1363.0,1364.0,1364.0,1364.0,1364.0,1364.0,1364.0,1364.0,1365.0,1365.0,1365.0,1365.0,1365.0,1365.0,1365.0,1365.0,1365.0,1365.0,1365.0,1365.0,1365.0,1365.0,1365.0,1365.0,1365.0,1365.0,1365.0,1366.0,1366.0,1366.0,1366.0,1365.0,1365.0,1365.0,1365.0,1365.0,1365.0,1365.0,1365.0,1365.0,1362.0,1361.0,1361.0,1361.0,1360.0,1360.0,1360.0,1360.0,1360.0,1360.0,1360.0,1360.0,1360.0,1362.0,1362.0,1362.0,1362.0,1362.0,1362.0,1362.0,1362.0,1363.0,1363.0,1363.0,1363.0,1364.0,1364.0,1364.0,1364.0,1364.0,1366.0,1366.0,1366.0,1366.0,1366.0,1366.0,1366.0,1366.0,1366.0,1366.0,1367.0,1367.0,1366.0,1366.0,1366.0,1366.0,1366.0,1366.0,1367.0,1367.0,1361.0,1361.0,1361.0,1361.0,1361.0,1361.0,1361.0,1361.0,1361.0,1361.0,1361.0,1361.0,1361.0,1361.0,1361.0,1360.0,1360.0,1360.0,1360.0,1360.0,1360.0,1360.0,1361.0,1361.0,1361.0,1361.0,1362.0,1362.0,1362
pys0iujXJjQ,,,,,,,,,,,,,,,,,,,,,,,,,,,,,,,,,,,,,,,,,,,,,,,,,,,,,,,1067.0,1067.0,1066.0,1066.0,1069.0,1070.0,1071.0,1071.0,1071.0,1071.0,1073.0,1073.0,1073.0,1074.0,1075.0,1075.0,1075.0,1075.0,1076.0,1076.0,1076.0,1076.0,1074.0,1075.0,1075.0,1075.0,1075.0,1076.0,1077.0,1077.0,1077.0,1077.0,1077.0,1077.0,1078.0,1079.0,1079.0,1079.0,1079.0,1079.0,1079.0,1079.0,1079.0,1080.0,1081.0,1081.0,1081.0,1082.0,1082.0,1082.0,1079.0,1079.0,1079.0,1078.0,1078.0,1078.0,1078.0,1078.0,1078.0,1078.0,1078.0,1079.0,1079.0,1079.0,1080.0,1080.0,1080.0,1080.0,1080.0,1080.0,1080.0,1080.0,1082.0,1082.0,1082.0,1082.0,1082.0,1083.0,1083.0,1083.0,1083.0,1083.0,1084.0,1084.0,1084.0,1084.0,1084.0,1084.0,1085.0,1085.0,1084.0,1084.0,1084.0,1084.0,1084.0,1084.0,1084.0,1084.0,1084.0,1084.0,1085.0,1085.0,1085.0,1085.0,1085.0,1085.0,1085.0,1085.0,1085.0,1085.0,1085.0,1085.0,1085.0,1086.0,1084.0,1084.0,1084.0,1084.0,1084.0,1085.0,1085.0,1085.0,1085.0,1084.0,1084.0,1084.0,1084.0,1083.0,1084.0,1084.0,1084.0,1084.0,1084.0,1084.0,1084.0,1085.0,1085.0,1085.0,1085.0,1084.0,1084.0,1084.0,1084.0,1086.0,1086.0,1086.0,1086.0,1086.0,1086.0,1087.0,1087.0,1087.0,1088.0,1088
OTMan1GcBwk,,,,,,,,,,,,,,,,,,,,,,,,,,,,,,,,,,,,,,,,,,,,,,,,,,,,,,,164.0,164.0,164.0,164.0,164.0,164.0,164.0,164.0,164.0,164.0,165.0,165.0,165.0,165.0,166.0,167.0,167.0,167.0,167.0,167.0,168.0,168.0,168.0,168.0,168.0,168.0,168.0,168.0,168.0,168.0,168.0,168.0,168.0,168.0,168.0,169.0,169.0,169.0,170.0,169.0,169.0,169.0,169.0,169.0,169.0,169.0,169.0,169.0,169.0,169.0,169.0,169.0,169.0,170.0,170.0,170.0,170.0,170.0,171.0,171.0,171.0,172.0,172.0,172.0,172.0,172.0,172.0,172.0,172.0,172.0,173.0,173.0,173.0,173.0,172.0,172.0,172.0,172.0,172.0,172.0,172.0,170.0,170.0,171.0,171.0,171.0,171.0,171.0,171.0,171.0,171.0,171.0,171.0,171.0,171.0,171.0,171.0,171.0,171.0,171.0,171.0,171.0,171.0,171.0,171.0,171.0,159.0,159.0,159.0,159.0,159.0,159.0,159.0,159.0,159.0,159.0,159.0,159.0,159.0,158.0,158.0,158.0,158.0,158.0,158.0,158.0,158.0,158.0,158.0,158.0,158.0,158.0,158.0,158.0,158.0,158.0,158.0,158.0,158.0,158.0,158.0,158.0,158.0,158.0,158.0,158.0,158.0,158.0,158.0,158.0,158.0,158.0,158.0,158
lBk-A6P6CQA,,,,,,,,,,,,,,,,,,,,,,,,,,,,,,,,,,,,,,,,,,,,,,,,,,,,,,,181.0,181.0,,,,,,,,,,,,,,,,,,,,,,,,,,,,,,,,,,,,,,,,,,,,,,,,,,,,,,,,,,,,,,,,,,,,,,,,,,,,,,,,,,,,,,,,,,,,,,,,,,,,,,,,,,,,,,,,,,,,,,,,,,,,,,,,,,,,,,,,,,,,,,,,,,,,,,,,
dgRaQ8mZjow,,,,,,,,,,,,,,,,,,,,,,,,,,,,,,,,,,,,,,,,,,,,,,,,,,,,,,,43.0,43.0,43.0,45.0,45.0,45.0,45.0,45.0,45.0,45.0,45.0,45.0,46.0,46.0,46.0,46.0,46.0,46.0,46.0,46.0,46.0,46.0,46.0,46.0,46.0,46.0,46.0,46.0,46.0,46.0,47.0,47.0,47.0,47.0,47.0,47.0,47.0,47.0,47.0,47.0,47.0,47.0,47.0,47.0,47.0,47.0,47.0,47.0,47.0,47.0,47.0,47.0,47.0,47.0,47.0,47.0,47.0,47.0,47.0,47.0,47.0,47.0,47.0,47.0,47.0,47.0,47.0,47.0,47.0,47.0,47.0,47.0,47.0,47.0,47.0,47.0,47.0,47.0,47.0,47.0,47.0,47.0,47.0,47.0,47.0,47.0,47.0,47.0,47.0,47.0,47.0,47.0,47.0,47.0,47.0,47.0,47.0,47.0,47.0,47.0,47.0,47.0,47.0,47.0,47.0,47.0,47.0,47.0,47.0,47.0,47.0,47.0,46.0,46.0,46.0,46.0,46.0,46.0,46.0,46.0,46.0,46.0,46.0,46.0,46.0,46.0,46.0,46.0,46.0,46.0,46.0,47.0,47.0,47.0,47.0,47.0,47.0,47.0,47.0,47.0,47.0,47.0,47.0,47.0,47.0,47.0,47.0,47.0,47.0,47.0,47.0,47.0,47.0,47
1Pmoxr18YA8,,,,,,,,,,,,,,,,,,,,,,,,,,,,,,,,,,,,,,,,,,,,,,,,,,,,,,,98.0,99.0,100.0,100.0,100.0,100.0,100.0,101.0,101.0,101.0,101.0,101.0,102.0,102.0,102.0,103.0,103.0,103.0,103.0,103.0,103.0,103.0,103.0,103.0,103.0,103.0,103.0,103.0,103.0,104.0,104.0,104.0,104.0,104.0,104.0,104.0,104.0,104.0,104.0,104.0,104.0,104.0,104.0,104.0,104.0,104.0,104.0,104.0,104.0,104.0,104.0,104.0,104.0,104.0,104.0,104.0,104.0,103.0,103.0,103.0,103.0,103.0,103.0,103.0,103.0,103.0,103.0,103.0,103.0,103.0,103.0,103.0,104.0,104.0,104.0,104.0,104.0,104.0,104.0,104.0,104.0,104.0,104.0,104.0,104.0,104.0,104.0,104.0,104.0,104.0,104.0,104.0,104.0,104.0,104.0,104.0,104.0,106.0,106.0,106.0,106.0,106.0,106.0,106.0,106.0,106.0,106.0,106.0,106.0,106.0,106.0,106.0,106.0,106.0,106.0,106.0,106.0,106.0,106.0,106.0,106.0,106.0,106.0,106.0,106.0,106.0,106.0,106.0,106.0,106.0,106.0,106.0,106.0,106.0,106.0,106.0,106.0,106.0,106.0,106.0,106.0,106.0,106.0,106.0,106.0,106.0,106.0,106.0,106.0,106.0,106.0,106.0,106.0,106
OexKn5lnqfI,,,,,,,,,,,,,,,,,,,,,,,,,,,,,,,,,,,,,,,,,,,,,,,,,,,,,,,1435.0,1441.0,1445.0,1447.0,1449.0,1451.0,1453.0,1456.0,1459.0,1461.0,1465.0,1465.0,1468.0,1468.0,1468.0,1472.0,1473.0,1473.0,1475.0,1475.0,1476.0,1476.0,1477.0,1478.0,1479.0,1479.0,1480.0,1483.0,1483.0,1484.0,1484.0,1484.0,1484.0,1486.0,1487.0,1487.0,1488.0,1490.0,1491.0,1497.0,1498.0,1498.0,1499.0,1499.0,1499.0,1501.0,1501.0,1501.0,1503.0,1503.0,1503.0,1503.0,1503.0,1503.0,1503.0,1503.0,1504.0,1505.0,1505.0,1505.0,1505.0,1507.0,1507.0,1507.0,1507.0,1507.0,1507.0,1507.0,1507.0,1508.0,1508.0,1508.0,1509.0,1510.0,1510.0,1513.0,1514.0,1515.0,1515.0,1515.0,1515.0,1515.0,1515.0,1515.0,1515.0,1516.0,1516.0,1517.0,1517.0,1517.0,1517.0,1520.0,1521.0,1520.0,1521.0,1522.0,1522.0,1522.0,1522.0,1522.0,1521.0,1521.0,1522.0,1522.0,1522.0,1522.0,1523.0,1523.0,1523.0,1523.0,1523.0,1523.0,1523.0,1524.0,1524.0,1525.0,1526.0,1526.0,1527.0,1527.0,1527.0,1527.0,1527.0,1527.0,1527.0,1527.0,1528.0,1529.0,1529.0,1529.0,1530.0,1530.0,1529.0,1528.0,1528.0,1528.0,1528.0,1528.0,1528.0,1529.0,1529.0,1530.0,1531.0,1531.0,1531.0,1532.0,1533.0,1534.0,1534.0,1534.0,1533.0,1534.0,1534.0,1534
imvkO-lXwTA,,,,,,,,,,,,,,,,,,,,,,,,,,,,,,,,,,,,,,,,,,,,,,,,,,,,,,,0.0,0.0,0.0,0.0,0.0,0.0,0.0,0.0,0.0,0.0,0.0,0.0,0.0,0.0,0.0,0.0,0.0,0.0,0.0,0.0,0.0,0.0,0.0,0.0,0.0,0.0,0.0,0.0,0.0,0.0,0.0,0.0,0.0,0.0,0.0,0.0,0.0,0.0,0.0,0.0,0.0,0.0,0.0,0.0,0.0,0.0,0.0,0.0,0.0,0.0,0.0,0.0,0.0,0.0,0.0,0.0,0.0,0.0,0.0,0.0,0.0,0.0,0.0,0.0,0.0,0.0,0.0,0.0,0.0,0.0,0.0,0.0,0.0,0.0,0.0,0.0,0.0,0.0,0.0,0.0,0.0,0.0,0.0,0.0,0.0,0.0,0.0,0.0,0.0,0.0,0.0,0.0,0.0,0.0,0.0,0.0,0.0,0.0,0.0,0.0,0.0,0.0,0.0,0.0,0.0,0.0,0.0,0.0,0.0,0.0,0.0,0.0,0.0,0.0,0.0,0.0,0.0,0.0,0.0,0.0,0.0,0.0,0.0,0.0,0.0,0.0,0.0,0.0,0.0,0.0,0.0,0.0,0.0,0.0,0.0,0.0,0.0,0.0,0.0,0.0,0.0,0.0,0.0,0.0,0.0,0.0,0.0,0.0,0.0,0.0,0.0,0.0,0.0,0
LPL1fozVrIw,,,,,,,,,,,,,,,,,,,,,,,,,,,,,,,,,,,,,,,,,,,,,,,,,,,,,,,1322.0,1334.0,1339.0,1351.0,1357.0,1364.0,1367.0,1371.0,1375.0,1381.0,1387.0,1394.0,1396.0,1400.0,1404.0,1408.0,1411.0,1415.0,1417.0,1420.0,1423.0,1423.0,1426.0,1432.0,1435.0,1438.0,1443.0,1445.0,1448.0,1449.0,1451.0,1453.0,1454.0,1458.0,1460.0,1463.0,1468.0,1479.0,1493.0,1498.0,1503.0,1507.0,1515.0,1521.0,1524.0,1532.0,1532.0,1533.0,1534.0,1535.0,1536.0,1536.0,1534.0,1535.0,1535.0,1536.0,1537.0,1537.0,1538.0,1540.0,1540.0,1540.0,1541.0,1542.0,1542.0,1542.0,1542.0,1542.0,1544.0,1544.0,1545.0,1545.0,1545.0,1545.0,1547.0,1547.0,1547.0,1547.0,1549.0,1550.0,1551.0,1551.0,1551.0,1551.0,1551.0,1551.0,1551.0,1551.0,1552.0,1552.0,1552.0,1554.0,1552.0,1554.0,1554.0,1554.0,1554.0,1557.0,1555.0,1554.0,1555.0,1556.0,1556.0,1556.0,1556.0,1556.0,1557.0,1558.0,1559.0,1559.0,1560.0,1560.0,1560.0,1560.0,1560.0,1561.0,1563.0,1563.0,1563.0,1563.0,1563.0,1563.0,1564.0,1565.0,1565.0,1565.0,1565.0,1565.0,1566.0,1567.0,1567.0,1568.0,1570.0,1570.0,1569.0,1571.0,1573.0,1575.0,1576.0,1576.0,1577.0,1579.0,1579.0,1580.0,1580.0,1580.0,1580.0,1579.0,1579.0,1579.0,1578.0,1578.0,1578.0,1584
b60RXXBik1w,,,,,,,,,,,,,,,,,,,,,,,,,,,,,,,,,,,,,,,,,,,,,,,,,,,,,,,1536.0,1546.0,1553.0,1567.0,1570.0,1576.0,1581.0,1590.0,1604.0,1621.0,1629.0,1642.0,1646.0,1650.0,1661.0,1671.0,1674.0,1679.0,1686.0,1689.0,1700.0,1703.0,1711.0,1715.0,1718.0,1724.0,1732.0,1733.0,1736.0,1740.0,1742.0,1746.0,1747.0,1752.0,1753.0,1753.0,1756.0,1757.0,1757.0,1764.0,1764.0,1764.0,1764.0,1764.0,1766.0,1768.0,1769.0,1774.0,1776.0,1777.0,1781.0,1781.0,1781.0,1782.0,1782.0,1783.0,1784.0,1787.0,1789.0,1790.0,1790.0,1789.0,1791.0,1793.0,1795.0,1795.0,1797.0,1797.0,1799.0,1803.0,1803.0,1805.0,1806.0,1806.0,1807.0,1808.0,1808.0,1809.0,1811.0,1812.0,1812.0,1812.0,1812.0,1814.0,1814.0,1814.0,1816.0,1817.0,1817.0,1817.0,1819.0,1821.0,1822.0,1823.0,1823.0,1824.0,1826.0,1829.0,1829.0,1829.0,1829.0,1827.0,1827.0,1828.0,1829.0,1830.0,1829.0,1829.0,1829.0,1830.0,1833.0,1833.0,1833.0,1833.0,1834.0,1833.0,1833.0,1834.0,1834.0,1836.0,1836.0,1836.0,1836.0,1836.0,1836.0,1837.0,1838.0,1838.0,1838.0,1839.0,1839.0,1840.0,1842.0,1843.0,1843.0,1843.0,1840.0,1840.0,1840.0,1840.0,1840.0,1841.0,1841.0,1841.0,1841.0,1840.0,1839.0,1839.0,1840.0,1841.0,1841.0,1841.0,1841.0,1841
IxoCRq-v81I,,,,,,,,,,,,,,,,,,,,,,,,,,,,,,,,,,,,,,,,,,,,,,,,,,,,,,,1038.0,1043.0,1051.0,1059.0,1066.0,1071.0,1073.0,1077.0,1080.0,1083.0,1084.0,1077.0,1078.0,1080.0,1081.0,1082.0,1084.0,1088.0,1092.0,1094.0,1103.0,1106.0,1113.0,1117.0,1125.0,1127.0,1130.0,1135.0,1135.0,1136.0,1141.0,1144.0,1145.0,1146.0,1147.0,1149.0,1150.0,1153.0,1153.0,1156.0,1158.0,1161.0,1164.0,1166.0,1169.0,1172.0,1174.0,1177.0,1178.0,1184.0,1187.0,1190.0,1192.0,1194.0,1196.0,1200.0,1202.0,1204.0,1206.0,1207.0,1211.0,1212.0,1216.0,1216.0,1222.0,1224.0,1224.0,1225.0,1225.0,1227.0,1229.0,1230.0,1232.0,1234.0,1234.0,1236.0,1236.0,1237.0,1236.0,1236.0,1236.0,1239.0,1239.0,1241.0,1241.0,1241.0,1241.0,1242.0,1242.0,1245.0,1245.0,1246.0,1247.0,1249.0,1250.0,1250.0,1251.0,1251.0,1253.0,1254.0,1255.0,1256.0,1258.0,1259.0,1261.0,1261.0,1261.0,1261.0,1261.0,1261.0,1261.0,1262.0,1262.0,1263.0,1264.0,1265.0,1265.0,1265.0,1265.0,1265.0,1265.0,1265.0,1266.0,1268.0,1269.0,1269.0,1269.0,1269.0,1269.0,1269.0,1269.0,1270.0,1272.0,1272.0,1273.0,1274.0,1274.0,1274.0,1274.0,1274.0,1274.0,1274.0,1274.0,1274.0,1274.0,1274.0,1274.0,1274.0,1274.0,1274.0,1274.0,1274.0,1274.0,1274
ql6cF9gKdjA,,,,,,,,,,,,,,,,,,,,,,,,,,,,,,,,,,,,,,,,,,,,,,,,,,,,,,,862.0,886.0,898.0,908.0,918.0,926.0,933.0,936.0,943.0,952.0,961.0,965.0,968.0,970.0,973.0,978.0,981.0,982.0,986.0,986.0,992.0,993.0,997.0,999.0,1003.0,1002.0,1005.0,1007.0,1009.0,1013.0,1015.0,1013.0,1016.0,1019.0,1022.0,1025.0,1037.0,1155.0,1206.0,1298.0,1395.0,1475.0,1533.0,1587.0,1642.0,1694.0,1732.0,1763.0,1792.0,1812.0,1831.0,1844.0,1863.0,1875.0,1884.0,1889.0,1897.0,1900.0,1906.0,1912.0,1919.0,1920.0,1926.0,1927.0,1936.0,1938.0,1943.0,1945.0,1949.0,1954.0,1957.0,1957.0,1957.0,1955.0,1956.0,1957.0,1958.0,1957.0,1960.0,1962.0,1961.0,1962.0,1963.0,1962.0,1964.0,1965.0,1966.0,1969.0,1970.0,1972.0,1973.0,1974.0,1974.0,1974.0,1977.0,1978.0,1978.0,1980.0,1980.0,1980.0,1982.0,1984.0,1985.0,1985.0,1985.0,1986.0,1985.0,1984.0,1984.0,1985.0,1985.0,1985.0,1985.0,1986.0,1958.0,1958.0,1959.0,1959.0,1959.0,1957.0,1955.0,1958.0,1959.0,1960.0,1961.0,1956.0,1957.0,1958.0,1958.0,1957.0,1957.0,1953.0,1952.0,1950.0,1949.0,1949.0,1948.0,1948.0,1947.0,1948.0,1948.0,1950.0,1950.0,1951.0,1951.0,1952.0,1953.0,1953.0,1953.0,1953.0,1953.0,1954.0,1954.0,1954
BXyBr6fIuw4,,,,,,,,,,,,,,,,,,,,,,,,,,,,,,,,,,,,,,,,,,,,,,,,,,,,,,,5.0,5.0,5.0,5.0,5.0,5.0,5.0,5.0,5.0,5.0,5.0,5.0,5.0,5.0,5.0,5.0,5.0,5.0,5.0,5.0,5.0,5.0,5.0,5.0,5.0,5.0,5.0,5.0,5.0,5.0,5.0,5.0,5.0,5.0,5.0,5.0,5.0,5.0,5.0,5.0,5.0,5.0,5.0,5.0,5.0,5.0,5.0,5.0,5.0,5.0,5.0,5.0,5.0,5.0,5.0,5.0,5.0,5.0,5.0,5.0,5.0,5.0,5.0,5.0,5.0,5.0,5.0,5.0,5.0,5.0,5.0,5.0,5.0,5.0,5.0,5.0,5.0,5.0,5.0,5.0,5.0,5.0,5.0,5.0,5.0,5.0,5.0,5.0,5.0,5.0,5.0,5.0,5.0,5.0,5.0,5.0,5.0,5.0,5.0,5.0,5.0,5.0,5.0,5.0,5.0,5.0,5.0,5.0,5.0,5.0,5.0,5.0,5.0,5.0,5.0,5.0,5.0,5.0,5.0,5.0,5.0,5.0,5.0,5.0,5.0,5.0,5.0,5.0,5.0,5.0,5.0,5.0,5.0,5.0,5.0,5.0,5.0,5.0,5.0,5.0,5.0,5.0,5.0,5.0,5.0,5.0,5.0,5.0,5.0,5.0,5.0,5.0,5.0,5
tHvEKVW0GP8,,,,,,,,,,,,,,,,,,,,,,,,,,,,,,,,,,,,,,,,,,,,,,,,,,,,,,,200.0,202.0,202.0,202.0,203.0,203.0,203.0,203.0,203.0,204.0,204.0,204.0,204.0,204.0,204.0,205.0,205.0,205.0,205.0,206.0,206.0,206.0,206.0,205.0,204.0,204.0,204.0,204.0,204.0,204.0,204.0,204.0,204.0,204.0,204.0,204.0,204.0,204.0,204.0,204.0,205.0,205.0,205.0,205.0,204.0,204.0,204.0,206.0,206.0,206.0,206.0,207.0,207.0,207.0,207.0,207.0,207.0,207.0,207.0,207.0,207.0,207.0,207.0,207.0,207.0,207.0,206.0,206.0,206.0,206.0,206.0,206.0,206.0,206.0,206.0,206.0,206.0,206.0,206.0,206.0,206.0,206.0,206.0,205.0,205.0,205.0,204.0,204.0,204.0,204.0,204.0,204.0,204.0,204.0,204.0,204.0,204.0,204.0,204.0,204.0,204.0,204.0,204.0,204.0,204.0,204.0,204.0,204.0,204.0,204.0,204.0,204.0,204.0,204.0,204.0,204.0,204.0,202.0,202.0,202.0,202.0,202.0,202.0,202.0,201.0,201.0,201.0,201.0,201.0,200.0,200.0,199.0,199.0,199.0,199.0,199.0,199.0,199.0,199.0,199.0,199.0,199.0,199.0,199.0,199.0,199.0,199.0,199.0,199.0,199.0,199.0,199.0,199.0,199
NW6olUR350I,,,,,,,,,,,,,,,,,,,,,,,,,,,,,,,,,,,,,,,,,,,,,,,,,,,,,,,32.0,32.0,33.0,34.0,34.0,34.0,34.0,34.0,34.0,34.0,34.0,34.0,34.0,34.0,35.0,35.0,35.0,35.0,35.0,35.0,35.0,35.0,36.0,36.0,36.0,36.0,36.0,36.0,36.0,36.0,36.0,36.0,36.0,36.0,36.0,36.0,36.0,36.0,36.0,36.0,36.0,36.0,36.0,36.0,36.0,36.0,36.0,36.0,36.0,36.0,36.0,36.0,36.0,36.0,36.0,36.0,36.0,36.0,36.0,36.0,36.0,36.0,36.0,36.0,36.0,36.0,36.0,36.0,36.0,36.0,36.0,36.0,36.0,36.0,36.0,36.0,36.0,36.0,37.0,37.0,37.0,37.0,37.0,37.0,37.0,37.0,37.0,37.0,37.0,37.0,37.0,37.0,37.0,38.0,38.0,38.0,38.0,38.0,38.0,38.0,38.0,38.0,38.0,38.0,38.0,38.0,38.0,38.0,38.0,38.0,39.0,39.0,39.0,39.0,39.0,39.0,39.0,39.0,39.0,39.0,39.0,40.0,40.0,40.0,40.0,40.0,40.0,40.0,40.0,40.0,40.0,40.0,40.0,40.0,40.0,40.0,40.0,40.0,40.0,40.0,40.0,40.0,40.0,40.0,40.0,40.0,40.0,40.0,40.0,40.0,40.0,40.0,40.0,40
iGGxMGeJzmw,,,,,,,,,,,,,,,,,,,,,,,,,,,,,,,,,,,,,,,,,,,,,,,,,,,,,,,3352.0,3367.0,3399.0,3417.0,3438.0,3453.0,3466.0,3475.0,3491.0,3501.0,3510.0,3515.0,3527.0,3515.0,3522.0,3525.0,3539.0,3547.0,3554.0,3564.0,3572.0,3577.0,3585.0,3591.0,3595.0,3601.0,3602.0,3604.0,3614.0,3623.0,3627.0,3634.0,3641.0,3644.0,3651.0,3656.0,3659.0,3660.0,3661.0,3665.0,3672.0,3675.0,3676.0,3679.0,3684.0,3686.0,3686.0,3685.0,3692.0,3693.0,3696.0,3698.0,3702.0,3707.0,3716.0,3719.0,3726.0,3728.0,3732.0,3734.0,3741.0,3748.0,3753.0,3758.0,3761.0,3765.0,3769.0,3767.0,3777.0,3779.0,3783.0,3787.0,3787.0,3788.0,3792.0,3795.0,3799.0,3798.0,3799.0,3804.0,3811.0,3813.0,3814.0,3814.0,3817.0,3823.0,3826.0,3829.0,3835.0,3843.0,3844.0,3845.0,3846.0,3848.0,3851.0,3855.0,3859.0,3859.0,3861.0,3864.0,3863.0,3868.0,3867.0,3870.0,3873.0,3877.0,3888.0,3890.0,3891.0,3894.0,3893.0,3895.0,3897.0,3900.0,3900.0,3901.0,3903.0,3904.0,3900.0,3901.0,3900.0,3901.0,3903.0,3903.0,3902.0,3903.0,3904.0,3907.0,3910.0,3910.0,3913.0,3916.0,3917.0,3921.0,3923.0,3926.0,3930.0,3932.0,3932.0,3933.0,3936.0,3937.0,3940.0,3942.0,3945.0,3945.0,3945.0,3947.0,3948.0,3951.0,3951.0,3954.0,3954.0,3953
OeI0fQVSQLQ,,,,,,,,,,,,,,,,,,,,,,,,,,,,,,,,,,,,,,,,,,,,,,,,,,,,,,,0.0,0.0,0.0,0.0,0.0,0.0,0.0,0.0,0.0,0.0,0.0,0.0,0.0,0.0,0.0,0.0,0.0,0.0,0.0,0.0,0.0,0.0,0.0,0.0,0.0,0.0,0.0,0.0,0.0,0.0,0.0,0.0,0.0,0.0,0.0,0.0,0.0,0.0,0.0,0.0,0.0,0.0,0.0,0.0,0.0,0.0,0.0,0.0,0.0,0.0,0.0,0.0,0.0,0.0,0.0,0.0,0.0,0.0,0.0,0.0,0.0,0.0,0.0,0.0,0.0,0.0,0.0,0.0,0.0,0.0,0.0,0.0,0.0,0.0,0.0,0.0,0.0,0.0,0.0,0.0,0.0,0.0,0.0,0.0,0.0,0.0,0.0,0.0,0.0,0.0,0.0,0.0,0.0,0.0,0.0,0.0,0.0,0.0,0.0,0.0,0.0,0.0,0.0,0.0,0.0,0.0,0.0,0.0,0.0,0.0,0.0,0.0,0.0,0.0,0.0,0.0,0.0,0.0,0.0,0.0,0.0,0.0,0.0,0.0,0.0,0.0,0.0,0.0,0.0,0.0,0.0,0.0,0.0,0.0,0.0,0.0,0.0,0.0,0.0,0.0,0.0,0.0,0.0,0.0,0.0,0.0,0.0,0.0,0.0,0.0,0.0,0.0,0.0,0
7mRAVdvlBKI,,,,,,,,,,,,,,,,,,,,,,,,,,,,,,,,,,,,,,,,,,,,,,,,,,,,,,,67.0,67.0,66.0,66.0,66.0,66.0,67.0,67.0,67.0,67.0,67.0,67.0,67.0,68.0,68.0,68.0,68.0,69.0,69.0,69.0,69.0,69.0,69.0,69.0,69.0,69.0,69.0,69.0,69.0,69.0,69.0,69.0,69.0,69.0,69.0,69.0,69.0,69.0,70.0,70.0,70.0,70.0,70.0,70.0,70.0,70.0,70.0,70.0,70.0,70.0,70.0,70.0,70.0,71.0,71.0,71.0,71.0,71.0,71.0,71.0,71.0,71.0,71.0,71.0,71.0,71.0,71.0,71.0,71.0,71.0,71.0,71.0,71.0,71.0,72.0,72.0,72.0,72.0,72.0,72.0,72.0,72.0,72.0,72.0,72.0,72.0,72.0,72.0,72.0,72.0,72.0,72.0,72.0,72.0,72.0,72.0,72.0,72.0,72.0,72.0,72.0,72.0,72.0,72.0,72.0,72.0,72.0,72.0,72.0,72.0,73.0,73.0,73.0,73.0,73.0,73.0,73.0,73.0,73.0,73.0,73.0,73.0,73.0,73.0,73.0,73.0,73.0,73.0,73.0,73.0,73.0,73.0,73.0,73.0,73.0,73.0,73.0,73.0,73.0,73.0,73.0,73.0,73.0,73.0,73.0,73.0,73.0,73.0,71.0,71.0,71.0,71.0,71.0,71
C_aVIcSuWeM,,,,,,,,,,,,,,,,,,,,,,,,,,,,,,,,,,,,,,,,,,,,,,,,,,,,,,,55.0,55.0,55.0,55.0,55.0,55.0,59.0,59.0,59.0,59.0,59.0,59.0,59.0,59.0,59.0,59.0,59.0,59.0,59.0,59.0,59.0,59.0,59.0,59.0,59.0,59.0,59.0,60.0,61.0,61.0,61.0,62.0,62.0,62.0,62.0,62.0,62.0,62.0,62.0,62.0,62.0,62.0,62.0,62.0,62.0,62.0,62.0,62.0,62.0,62.0,62.0,62.0,62.0,62.0,62.0,62.0,62.0,62.0,62.0,62.0,62.0,62.0,62.0,62.0,62.0,62.0,62.0,62.0,62.0,62.0,62.0,62.0,62.0,62.0,62.0,62.0,62.0,62.0,62.0,62.0,62.0,62.0,62.0,62.0,62.0,62.0,62.0,62.0,62.0,62.0,62.0,62.0,62.0,62.0,62.0,62.0,62.0,62.0,62.0,62.0,62.0,62.0,62.0,62.0,62.0,62.0,62.0,62.0,62.0,62.0,62.0,62.0,62.0,62.0,62.0,62.0,62.0,62.0,62.0,62.0,62.0,62.0,62.0,62.0,62.0,62.0,62.0,62.0,62.0,62.0,62.0,62.0,62.0,62.0,62.0,62.0,62.0,62.0,62.0,62.0,62.0,62.0,62.0,62.0,62.0,62.0,62.0,63.0,63.0,63.0,63.0,63.0,63.0,63
j5M8mX7qnLU,,,,,,,,,,,,,,,,,,,,,,,,,,,,,,,,,,,,,,,,,,,,,,,,,,,,,,,177.0,182.0,185.0,189.0,194.0,197.0,203.0,211.0,215.0,220.0,226.0,228.0,229.0,232.0,233.0,234.0,234.0,235.0,236.0,236.0,239.0,,,,,,,,,,,,,,,,,,,,,,,,,,,,,,,,,,,,,,,,,,,,,,,,,,,,,,,,,,,,,,,,,,,,,,,,,,,,,,,,,,,,,,,,,,,,,,,,,,,,,,,,,,,,,,,,,,,,,,,,,,,,,,,,,,,,,
juXsUPN55GY,,,,,,,,,,,,,,,,,,,,,,,,,,,,,,,,,,,,,,,,,,,,,,,,,,,,,,,51.0,53.0,54.0,55.0,57.0,57.0,58.0,59.0,59.0,59.0,59.0,59.0,59.0,59.0,59.0,60.0,62.0,62.0,62.0,62.0,62.0,,,,,,,,,,,,,,,,,,,,,,,,,,,,,,,,,,,,,,,,,,,,,,,,,,,,,,,,,,,,,,,,,,,,,,,,,,,,,,,,,,,,,,,,,,,,,,,,,,,,,,,,,,,,,,,,,,,,,,,,,,,,,,,,,,,,,
kDFYu3Kg_Xs,,,,,,,,,,,,,,,,,,,,,,,,,,,,,,,,,,,,,,,,,,,,,,,,,,,,,,,16.0,16.0,16.0,16.0,16.0,17.0,17.0,17.0,17.0,17.0,17.0,17.0,17.0,17.0,17.0,17.0,17.0,17.0,17.0,17.0,17.0,17.0,17.0,17.0,17.0,17.0,17.0,17.0,17.0,17.0,17.0,17.0,17.0,17.0,17.0,17.0,17.0,17.0,17.0,17.0,17.0,17.0,17.0,17.0,17.0,17.0,17.0,17.0,17.0,17.0,17.0,17.0,17.0,17.0,17.0,17.0,17.0,17.0,17.0,17.0,17.0,17.0,17.0,17.0,17.0,17.0,17.0,17.0,17.0,17.0,17.0,17.0,17.0,17.0,17.0,17.0,17.0,17.0,17.0,17.0,17.0,17.0,17.0,17.0,17.0,17.0,17.0,17.0,17.0,17.0,17.0,17.0,17.0,17.0,17.0,17.0,17.0,17.0,17.0,17.0,17.0,17.0,17.0,17.0,17.0,17.0,17.0,17.0,17.0,17.0,17.0,17.0,17.0,17.0,17.0,17.0,17.0,17.0,17.0,17.0,17.0,17.0,17.0,17.0,17.0,17.0,17.0,17.0,17.0,17.0,17.0,17.0,17.0,17.0,17.0,17.0,17.0,17.0,17.0,17.0,17.0,17.0,17.0,17.0,17.0,17.0,17.0,17.0,17.0,17.0,17.0,17.0,17.0,17
zR-t4yv1hOE,,,,,,,,,,,,,,,,,,,,,,,,,,,,,,,,,,,,,,,,,,,,,,,,,,,,,,,15.0,15.0,15.0,15.0,15.0,15.0,15.0,15.0,15.0,15.0,16.0,16.0,16.0,16.0,16.0,16.0,16.0,16.0,16.0,16.0,16.0,16.0,16.0,16.0,16.0,18.0,18.0,18.0,19.0,19.0,20.0,20.0,20.0,20.0,20.0,20.0,20.0,20.0,20.0,20.0,20.0,20.0,20.0,20.0,20.0,20.0,20.0,20.0,20.0,20.0,20.0,20.0,20.0,20.0,20.0,20.0,20.0,20.0,20.0,20.0,20.0,20.0,20.0,20.0,20.0,20.0,20.0,20.0,20.0,20.0,20.0,20.0,20.0,20.0,20.0,20.0,20.0,20.0,20.0,20.0,20.0,20.0,20.0,20.0,20.0,20.0,20.0,20.0,20.0,20.0,20.0,20.0,20.0,20.0,20.0,20.0,20.0,20.0,20.0,20.0,20.0,20.0,20.0,20.0,20.0,20.0,20.0,20.0,20.0,20.0,20.0,20.0,20.0,20.0,20.0,20.0,20.0,20.0,20.0,20.0,20.0,20.0,20.0,20.0,20.0,20.0,20.0,20.0,20.0,20.0,20.0,20.0,20.0,20.0,20.0,20.0,20.0,20.0,20.0,20.0,20.0,20.0,20.0,20.0,20.0,20.0,20.0,20.0,20.0,20.0,20.0,20.0,20.0,20
zHQTySJrNWw,,,,,,,,,,,,,,,,,,,,,,,,,,,,,,,,,,,,,,,,,,,,,,,,,,,,,,,156.0,157.0,158.0,158.0,158.0,158.0,159.0,159.0,160.0,160.0,160.0,160.0,160.0,160.0,160.0,160.0,160.0,160.0,160.0,160.0,160.0,162.0,162.0,162.0,162.0,162.0,162.0,162.0,162.0,162.0,162.0,162.0,162.0,162.0,162.0,162.0,163.0,163.0,163.0,163.0,163.0,163.0,163.0,163.0,163.0,163.0,163.0,163.0,164.0,164.0,164.0,164.0,164.0,164.0,164.0,164.0,164.0,164.0,164.0,164.0,165.0,165.0,165.0,165.0,165.0,165.0,165.0,165.0,165.0,165.0,165.0,165.0,165.0,165.0,165.0,165.0,165.0,165.0,165.0,165.0,165.0,165.0,165.0,165.0,165.0,165.0,165.0,165.0,165.0,165.0,165.0,165.0,165.0,165.0,165.0,165.0,165.0,165.0,165.0,165.0,165.0,165.0,165.0,165.0,165.0,165.0,165.0,165.0,165.0,165.0,165.0,165.0,165.0,165.0,165.0,165.0,165.0,165.0,165.0,165.0,165.0,165.0,165.0,165.0,165.0,166.0,166.0,166.0,166.0,166.0,166.0,166.0,166.0,166.0,166.0,166.0,166.0,166.0,166.0,166.0,166.0,166.0,166.0,166.0,166.0,166.0,166.0,166.0,166.0,166.0,167.0,167.0,168.0,168
PoD9YBZR0O4,,,,,,,,,,,,,,,,,,,,,,,,,,,,,,,,,,,,,,,,,,,,,,,,,,,,,,,8951.0,9397.0,9843.0,10268.0,10791.0,11398.0,12296.0,13283.0,13972.0,14654.0,15264.0,15865.0,16305.0,16634.0,16784.0,16935.0,17067.0,17166.0,17277.0,17335.0,17492.0,17536.0,17568.0,17632.0,17697.0,17750.0,17806.0,17865.0,17914.0,17951.0,17813.0,17850.0,17925.0,17979.0,18010.0,18040.0,17972.0,17997.0,18060.0,18083.0,18109.0,18133.0,18154.0,18173.0,18188.0,18215.0,18229.0,18244.0,18261.0,18272.0,18297.0,18322.0,18331.0,18361.0,18387.0,18404.0,18410.0,18426.0,18422.0,18431.0,18462.0,18454.0,18469.0,18484.0,18495.0,18514.0,18526.0,18538.0,18540.0,18557.0,18561.0,18572.0,18596.0,18625.0,18637.0,18653.0,18668.0,18673.0,18681.0,18692.0,18695.0,18715.0,18751.0,18783.0,18829.0,18875.0,18899.0,18912.0,18923.0,18944.0,18989.0,19026.0,19029.0,19009.0,19062.0,19109.0,19121.0,19149.0,19115.0,19127.0,19130.0,19142.0,19159.0,19170.0,19179.0,19186.0,19201.0,19212.0,19228.0,19241.0,19253.0,19275.0,19290.0,19302.0,19325.0,19333.0,19349.0,19360.0,19373.0,19384.0,19391.0,19396.0,19403.0,19435.0,19463.0,19491.0,19498.0,19514.0,19534.0,19574.0,19581.0,19597.0,19612.0,19619.0,19626.0,19665.0,19685.0,19696.0,19703.0,19713.0,19716.0,19728.0,19745.0,19756.0,19764.0,19767.0,19784.0,19799.0,19804.0,19818.0,19838.0,19850.0,19853.0,19855
F7sGJVUrkjQ,,,,,,,,,,,,,,,,,,,,,,,,,,,,,,,,,,,,,,,,,,,,,,,,,,,,,,,43750.0,46745.0,49392.0,50925.0,52270.0,53743.0,55532.0,56222.0,57072.0,57804.0,58504.0,59641.0,60180.0,60937.0,61385.0,62132.0,62573.0,63111.0,63929.0,64420.0,65194.0,65616.0,66037.0,66470.0,66835.0,67227.0,67629.0,68056.0,68419.0,68785.0,69382.0,69916.0,70371.0,70915.0,71324.0,71690.0,72098.0,72530.0,73108.0,73588.0,73994.0,74366.0,74747.0,75115.0,75530.0,76122.0,76584.0,77223.0,77671.0,78105.0,78505.0,79086.0,79480.0,79792.0,80111.0,80456.0,80880.0,81333.0,81708.0,82077.0,82373.0,82613.0,82844.0,83198.0,83576.0,83980.0,84498.0,84817.0,85328.0,85855.0,86206.0,86639.0,87043.0,87416.0,87779.0,88142.0,88497.0,88875.0,89371.0,89836.0,90407.0,91058.0,91918.0,92426.0,93400.0,94668.0,96595.0,96982.0,97323.0,97468.0,97651.0,97848.0,98030.0,98258.0,98573.0,98820.0,99159.0,99448.0,99657.0,99900.0,100137.0,100332.0,100484.0,100625.0,100775.0,100847.0,100989.0,101159.0,101298.0,101447.0,101575.0,101702.0,101817.0,101938.0,102074.0,102185.0,102361.0,102734.0,103022.0,103128.0,103226.0,103327.0,103372.0,103473.0,103576.0,103687.0,103766.0,103863.0,103976.0,104046.0,104123.0,104209.0,104259.0,104324.0,104356.0,104434.0,104546.0,104643.0,104677.0,104793.0,104854.0,104116.0,104167.0,104214.0,104236.0,104293.0,104264.0,104251.0,104295.0,104373.0,104455.0,104537.0,104586.0,104651
AdOaQpwYx0c,,,,,,,,,,,,,,,,,,,,,,,,,,,,,,,,,,,,,,,,,,,,,,,,,,,,,,,813.0,829.0,835.0,857.0,864.0,869.0,881.0,892.0,898.0,904.0,908.0,912.0,914.0,917.0,921.0,924.0,926.0,928.0,930.0,932.0,936.0,937.0,938.0,938.0,939.0,941.0,941.0,941.0,942.0,942.0,942.0,943.0,945.0,945.0,946.0,948.0,948.0,949.0,949.0,949.0,949.0,950.0,950.0,950.0,950.0,950.0,950.0,950.0,950.0,950.0,950.0,950.0,950.0,950.0,950.0,950.0,950.0,950.0,951.0,951.0,951.0,951.0,951.0,952.0,952.0,952.0,952.0,952.0,952.0,952.0,952.0,952.0,952.0,952.0,952.0,952.0,952.0,952.0,952.0,952.0,952.0,952.0,952.0,952.0,952.0,953.0,954.0,954.0,954.0,954.0,954.0,954.0,954.0,954.0,954.0,954.0,954.0,954.0,954.0,954.0,954.0,954.0,955.0,955.0,955.0,955.0,956.0,956.0,956.0,956.0,956.0,956.0,956.0,956.0,955.0,955.0,955.0,956.0,956.0,956.0,956.0,957.0,957.0,957.0,957.0,958.0,958.0,958.0,958.0,958.0,958.0,958.0,958.0,958.0,958.0,957.0,957.0,958.0,958.0,959.0,959.0,959.0,959.0,960.0,962.0,962.0,962.0,962.0,963.0,964.0,964.0,965.0,965.0,965
Eyv7VNmNXNI,,,,,,,,,,,,,,,,,,,,,,,,,,,,,,,,,,,,,,,,,,,,,,,,,,,,,,,1063.0,1101.0,1118.0,1130.0,1134.0,1143.0,1151.0,1156.0,1158.0,1159.0,1160.0,1161.0,1160.0,1161.0,1161.0,1161.0,1165.0,1166.0,1169.0,1167.0,1168.0,1168.0,1168.0,1168.0,1168.0,1169.0,1169.0,1171.0,1171.0,1171.0,1171.0,1172.0,1173.0,1173.0,1173.0,1174.0,1174.0,1174.0,1174.0,1174.0,1174.0,1175.0,1175.0,1175.0,1175.0,1176.0,1177.0,1177.0,1177.0,1177.0,1177.0,1177.0,1177.0,1177.0,1178.0,1179.0,1179.0,1180.0,1180.0,1180.0,1180.0,1180.0,1180.0,1180.0,1180.0,1180.0,1180.0,1180.0,1180.0,1180.0,1180.0,1181.0,1181.0,1181.0,1181.0,1181.0,1181.0,1181.0,1181.0,1182.0,1182.0,1183.0,1184.0,1184.0,1184.0,1184.0,1184.0,1185.0,1185.0,1184.0,1184.0,1184.0,1184.0,1184.0,1184.0,1184.0,1184.0,1184.0,1184.0,1184.0,1184.0,1184.0,1185.0,1185.0,1186.0,1186.0,1186.0,1186.0,1186.0,1186.0,1185.0,1185.0,1185.0,1186.0,1186.0,1187.0,1189.0,1189.0,1189.0,1190.0,1191.0,1191.0,1191.0,1192.0,1193.0,1194.0,1194.0,1194.0,1196.0,1196.0,1196.0,1196.0,1197.0,1198.0,1198.0,1200.0,1202.0,1203.0,1203.0,1203.0,1203.0,1205.0,1205.0,1205.0,1205.0,1205.0,1206.0,1207.0,1207.0,1207.0,1207.0,1207.0,1211.0,1211
9qkpcLK422o,,,,,,,,,,,,,,,,,,,,,,,,,,,,,,,,,,,,,,,,,,,,,,,,,,,,,,,26710.0,26889.0,27103.0,27260.0,27419.0,27711.0,27903.0,28013.0,28123.0,28219.0,28332.0,28460.0,28606.0,28703.0,28787.0,28882.0,28946.0,29041.0,29127.0,29194.0,29289.0,29351.0,29430.0,29472.0,29561.0,29608.0,29662.0,29741.0,29837.0,29918.0,29992.0,30056.0,30102.0,30158.0,30212.0,30263.0,30313.0,30374.0,30443.0,30495.0,30535.0,30584.0,30631.0,30677.0,30720.0,30761.0,30809.0,30830.0,30840.0,30885.0,30923.0,31004.0,31043.0,31070.0,31093.0,31112.0,31132.0,31171.0,31207.0,31234.0,31289.0,31306.0,31334.0,31339.0,31365.0,31388.0,31428.0,31466.0,31531.0,31568.0,31608.0,31658.0,31688.0,31726.0,31753.0,31840.0,31808.0,31837.0,31873.0,31913.0,31947.0,31981.0,31999.0,32061.0,32167.0,32194.0,32233.0,32256.0,32284.0,32300.0,32349.0,32387.0,32407.0,32413.0,32438.0,32479.0,32481.0,32493.0,32504.0,32517.0,32538.0,32559.0,32593.0,32625.0,32640.0,32659.0,32686.0,32707.0,32719.0,32733.0,32757.0,32782.0,32793.0,32801.0,32814.0,32824.0,32873.0,32871.0,32889.0,32898.0,32912.0,32930.0,32946.0,32965.0,32979.0,33009.0,33042.0,33061.0,33080.0,33096.0,33112.0,33126.0,33130.0,33137.0,33145.0,33162.0,33173.0,33172.0,33179.0,33193.0,33204.0,33218.0,33222.0,33226.0,33245.0,33253.0,33263.0,33278.0,33299.0,33333.0,33348.0,33354.0,33350.0,33356
8iWkRdIsT3U,,,,,,,,,,,,,,,,,,,,,,,,,,,,,,,,,,,,,,,,,,,,,,,,,,,,,,,1651.0,1780.0,1839.0,1885.0,1932.0,1960.0,1983.0,1997.0,2014.0,2021.0,2030.0,2035.0,2038.0,2045.0,2049.0,2052.0,2059.0,2063.0,2065.0,2065.0,2069.0,2073.0,2075.0,2078.0,2078.0,2084.0,2088.0,2089.0,2093.0,2100.0,2100.0,2100.0,2102.0,2101.0,2102.0,2102.0,2104.0,2103.0,2105.0,2106.0,2106.0,2105.0,2107.0,2107.0,2108.0,2109.0,2108.0,2110.0,2114.0,2116.0,2118.0,2119.0,2120.0,2120.0,2120.0,2121.0,2122.0,2122.0,2123.0,2121.0,2122.0,2123.0,2124.0,2126.0,2126.0,2126.0,2126.0,2108.0,2106.0,2109.0,2107.0,2107.0,2107.0,2109.0,2110.0,2112.0,2114.0,2114.0,2116.0,2116.0,2116.0,2116.0,2116.0,2116.0,2116.0,2116.0,2116.0,2117.0,2115.0,2116.0,2116.0,2116.0,2116.0,2115.0,2116.0,2116.0,2116.0,2116.0,2116.0,2117.0,2117.0,2120.0,2120.0,2123.0,2123.0,2123.0,2122.0,2123.0,2124.0,2125.0,2125.0,2128.0,2128.0,2129.0,2124.0,2124.0,2126.0,2126.0,2126.0,2128.0,2128.0,2127.0,2126.0,2127.0,2128.0,2128.0,2128.0,2128.0,2128.0,2128.0,2129.0,2129.0,2129.0,2130.0,2135.0,2135.0,2136.0,2134.0,2134.0,2135.0,2135.0,2135.0,2135.0,2136.0,2137.0,2136.0,2136.0,2137.0,2139.0,2139.0,2139.0,2139.0,2139.0,2140
g0_qeo00XWs,,,,,,,,,,,,,,,,,,,,,,,,,,,,,,,,,,,,,,,,,,,,,,,,,,,,,,,29.0,37.0,39.0,40.0,41.0,44.0,44.0,44.0,44.0,44.0,45.0,45.0,45.0,45.0,45.0,45.0,45.0,44.0,44.0,44.0,44.0,44.0,44.0,44.0,44.0,44.0,45.0,45.0,45.0,45.0,45.0,45.0,45.0,45.0,45.0,45.0,45.0,45.0,45.0,45.0,45.0,45.0,45.0,45.0,45.0,45.0,45.0,45.0,45.0,45.0,45.0,45.0,45.0,45.0,45.0,45.0,46.0,46.0,46.0,46.0,46.0,46.0,46.0,46.0,46.0,46.0,46.0,46.0,46.0,46.0,46.0,46.0,46.0,46.0,46.0,46.0,46.0,46.0,46.0,46.0,46.0,46.0,46.0,46.0,46.0,46.0,46.0,46.0,46.0,46.0,46.0,46.0,46.0,46.0,46.0,46.0,46.0,46.0,46.0,46.0,46.0,46.0,46.0,46.0,46.0,46.0,46.0,46.0,46.0,46.0,46.0,46.0,46.0,46.0,46.0,46.0,46.0,46.0,46.0,46.0,46.0,46.0,46.0,46.0,46.0,46.0,46.0,46.0,46.0,46.0,46.0,46.0,46.0,46.0,46.0,46.0,46.0,46.0,46.0,46.0,46.0,46.0,46.0,46.0,46.0,46.0,46.0,46.0,46.0,46.0,46.0,46.0,46.0,46
AdOaQpwYx0c,,,,,,,,,,,,,,,,,,,,,,,,,,,,,,,,,,,,,,,,,,,,,,,,,,,,,,,813.0,829.0,835.0,857.0,864.0,869.0,881.0,892.0,898.0,904.0,908.0,912.0,914.0,917.0,921.0,924.0,926.0,928.0,930.0,932.0,936.0,937.0,938.0,938.0,939.0,941.0,941.0,941.0,942.0,942.0,942.0,943.0,945.0,945.0,946.0,948.0,948.0,949.0,949.0,949.0,949.0,950.0,950.0,950.0,950.0,950.0,950.0,950.0,950.0,950.0,950.0,950.0,950.0,950.0,950.0,950.0,950.0,950.0,951.0,951.0,951.0,951.0,951.0,952.0,952.0,952.0,952.0,952.0,952.0,952.0,952.0,952.0,952.0,952.0,952.0,952.0,952.0,952.0,952.0,952.0,952.0,952.0,952.0,952.0,952.0,953.0,954.0,954.0,954.0,954.0,954.0,954.0,954.0,954.0,954.0,954.0,954.0,954.0,954.0,954.0,954.0,954.0,955.0,955.0,955.0,955.0,956.0,956.0,956.0,956.0,956.0,956.0,956.0,956.0,955.0,955.0,955.0,956.0,956.0,956.0,956.0,957.0,957.0,957.0,957.0,958.0,958.0,958.0,958.0,958.0,958.0,958.0,958.0,958.0,958.0,957.0,957.0,958.0,958.0,959.0,959.0,959.0,959.0,960.0,962.0,962.0,962.0,962.0,963.0,964.0,964.0,965.0,965.0,965
qFVQukLBlj0,,,,,,,,,,,,,,,,,,,,,,,,,,,,,,,,,,,,,,,,,,,,,,,,,,,,,,,344.0,345.0,347.0,349.0,354.0,354.0,358.0,357.0,359.0,360.0,360.0,360.0,360.0,361.0,359.0,359.0,361.0,363.0,363.0,365.0,366.0,366.0,366.0,366.0,367.0,368.0,368.0,368.0,368.0,368.0,367.0,368.0,368.0,369.0,369.0,369.0,370.0,372.0,372.0,373.0,374.0,374.0,374.0,374.0,375.0,375.0,375.0,375.0,375.0,375.0,375.0,375.0,375.0,375.0,375.0,375.0,375.0,375.0,374.0,374.0,376.0,376.0,376.0,377.0,378.0,378.0,379.0,379.0,379.0,379.0,379.0,379.0,379.0,379.0,379.0,379.0,379.0,379.0,379.0,379.0,379.0,379.0,379.0,379.0,379.0,379.0,379.0,379.0,379.0,379.0,379.0,379.0,379.0,379.0,379.0,380.0,380.0,380.0,380.0,380.0,380.0,380.0,380.0,380.0,380.0,380.0,380.0,380.0,380.0,380.0,380.0,381.0,381.0,381.0,381.0,381.0,381.0,382.0,382.0,382.0,382.0,382.0,382.0,382.0,384.0,384.0,384.0,384.0,384.0,384.0,385.0,385.0,385.0,385.0,385.0,385.0,384.0,384.0,384.0,384.0,384.0,384.0,384.0,384.0,384.0,385.0,385.0,385.0,385.0,385.0,385.0,386.0,386.0,386
izGJjwhCEaI,,,,,,,,,,,,,,,,,,,,,,,,,,,,,,,,,,,,,,,,,,,,,,,,,,,,,,,1076.0,1077.0,1079.0,1080.0,1080.0,1082.0,1082.0,1084.0,1085.0,1085.0,1088.0,1089.0,1091.0,1091.0,1091.0,1092.0,1094.0,1094.0,1096.0,1098.0,1099.0,1101.0,1103.0,1105.0,1105.0,1107.0,1107.0,1105.0,1105.0,1107.0,1107.0,1107.0,1106.0,1106.0,1108.0,1110.0,1109.0,1109.0,1109.0,1110.0,1111.0,1112.0,1112.0,1112.0,1112.0,1112.0,1113.0,1112.0,1112.0,1115.0,1115.0,1116.0,1116.0,1116.0,1116.0,1116.0,1116.0,1117.0,1117.0,1118.0,1118.0,1119.0,1120.0,1121.0,1122.0,1122.0,1122.0,1123.0,1126.0,1127.0,1129.0,1131.0,1131.0,1132.0,1133.0,1133.0,1134.0,1134.0,1135.0,1136.0,1137.0,1138.0,1139.0,1139.0,1139.0,1139.0,1140.0,1141.0,1141.0,1141.0,1141.0,1141.0,1141.0,1141.0,1141.0,1138.0,1138.0,1140.0,1142.0,1144.0,1144.0,1145.0,1145.0,1145.0,1145.0,1145.0,1145.0,1145.0,1146.0,1147.0,1147.0,1147.0,1147.0,1147.0,1147.0,1146.0,1146.0,1147.0,1147.0,1147.0,1147.0,1147.0,1147.0,1147.0,1147.0,1147.0,1147.0,1148.0,1148.0,1148.0,1148.0,1148.0,1148.0,1148.0,1148.0,1148.0,1148.0,1148.0,1148.0,1150.0,1148.0,1148.0,1147.0,1147.0,1148.0,1148.0,1148.0,1148.0,1148.0,1148.0,1148.0,1148.0,1148.0,1148
yfnE6vi6jAk,,,,,,,,,,,,,,,,,,,,,,,,,,,,,,,,,,,,,,,,,,,,,,,,,,,,,,,679.0,679.0,679.0,682.0,682.0,685.0,686.0,686.0,686.0,687.0,688.0,689.0,692.0,694.0,695.0,692.0,692.0,696.0,696.0,696.0,696.0,697.0,699.0,699.0,701.0,702.0,702.0,702.0,702.0,702.0,704.0,707.0,709.0,710.0,711.0,715.0,717.0,720.0,723.0,723.0,723.0,724.0,723.0,725.0,726.0,727.0,727.0,728.0,728.0,729.0,729.0,730.0,730.0,730.0,731.0,731.0,730.0,731.0,731.0,731.0,733.0,733.0,734.0,734.0,735.0,735.0,735.0,735.0,736.0,737.0,737.0,737.0,737.0,737.0,737.0,737.0,738.0,739.0,739.0,739.0,739.0,739.0,739.0,739.0,739.0,739.0,739.0,739.0,738.0,738.0,738.0,738.0,738.0,738.0,738.0,739.0,739.0,740.0,740.0,740.0,740.0,740.0,742.0,742.0,742.0,742.0,742.0,742.0,743.0,744.0,745.0,745.0,745.0,747.0,747.0,747.0,748.0,748.0,748.0,747.0,747.0,748.0,748.0,748.0,748.0,748.0,748.0,748.0,748.0,748.0,748.0,748.0,748.0,748.0,748.0,748.0,748.0,748.0,748.0,749.0,749.0,750.0,750.0,750.0,750.0,750.0,750.0,750.0,752.0,753.0,753.0,753.0,754.0,755
hE4bqarpTx4,,,,,,,,,,,,,,,,,,,,,,,,,,,,,,,,,,,,,,,,,,,,,,,,,,,,,,,0.0,0.0,0.0,0.0,0.0,0.0,0.0,0.0,0.0,0.0,0.0,0.0,0.0,0.0,0.0,0.0,0.0,0.0,0.0,0.0,0.0,0.0,0.0,0.0,0.0,0.0,0.0,0.0,0.0,0.0,0.0,0.0,0.0,0.0,0.0,0.0,0.0,0.0,0.0,0.0,0.0,0.0,0.0,0.0,0.0,0.0,0.0,0.0,0.0,0.0,0.0,0.0,0.0,0.0,0.0,0.0,0.0,0.0,0.0,0.0,0.0,0.0,0.0,0.0,0.0,0.0,0.0,0.0,0.0,0.0,0.0,0.0,0.0,0.0,0.0,0.0,0.0,0.0,0.0,0.0,0.0,0.0,0.0,0.0,0.0,0.0,0.0,0.0,0.0,0.0,0.0,0.0,0.0,0.0,0.0,0.0,0.0,0.0,0.0,0.0,0.0,0.0,0.0,0.0,0.0,0.0,0.0,0.0,0.0,0.0,0.0,0.0,0.0,0.0,0.0,0.0,0.0,0.0,0.0,0.0,0.0,0.0,0.0,0.0,0.0,0.0,0.0,0.0,0.0,0.0,0.0,0.0,0.0,0.0,0.0,0.0,0.0,0.0,0.0,0.0,0.0,0.0,0.0,0.0,0.0,0.0,0.0,0.0,0.0,0.0,0.0,0.0,0.0,0
hzNZlhOOh3s,,,,,,,,,,,,,,,,,,,,,,,,,,,,,,,,,,,,,,,,,,,,,,,,,,,,,,,216.0,217.0,217.0,218.0,218.0,219.0,219.0,219.0,218.0,218.0,218.0,218.0,218.0,218.0,218.0,219.0,218.0,218.0,219.0,219.0,220.0,220.0,220.0,220.0,221.0,221.0,221.0,221.0,221.0,221.0,221.0,221.0,221.0,222.0,222.0,222.0,222.0,222.0,222.0,222.0,222.0,222.0,222.0,222.0,222.0,222.0,223.0,223.0,223.0,223.0,223.0,223.0,223.0,223.0,223.0,223.0,223.0,223.0,223.0,223.0,223.0,223.0,222.0,222.0,222.0,222.0,222.0,222.0,222.0,222.0,222.0,222.0,222.0,222.0,222.0,222.0,222.0,222.0,222.0,222.0,222.0,222.0,222.0,222.0,222.0,222.0,222.0,223.0,223.0,223.0,223.0,223.0,223.0,223.0,223.0,223.0,223.0,223.0,224.0,224.0,224.0,224.0,224.0,224.0,224.0,224.0,224.0,225.0,225.0,225.0,225.0,225.0,226.0,226.0,226.0,226.0,226.0,226.0,226.0,226.0,226.0,226.0,226.0,226.0,226.0,226.0,226.0,226.0,226.0,227.0,227.0,227.0,227.0,227.0,227.0,230.0,230.0,230.0,230.0,230.0,230.0,230.0,230.0,230.0,230.0,230.0,230.0,230.0,230.0,230.0,230.0,230.0,230.0,230
yE6yETkVI3Q,,,,,,,,,,,,,,,,,,,,,,,,,,,,,,,,,,,,,,,,,,,,,,,,,,,,,,,1257.0,1267.0,1274.0,1282.0,1291.0,1302.0,1308.0,1314.0,1320.0,1327.0,1331.0,1332.0,1339.0,1341.0,1343.0,1347.0,1352.0,1354.0,1356.0,1359.0,1365.0,1367.0,1369.0,1370.0,1372.0,1372.0,1373.0,1375.0,1376.0,1379.0,1378.0,1378.0,1378.0,1380.0,1380.0,1379.0,1379.0,1379.0,1378.0,1378.0,1378.0,1379.0,1379.0,1379.0,1379.0,1382.0,1383.0,1384.0,1385.0,1385.0,1385.0,1387.0,1388.0,1388.0,1389.0,1389.0,1384.0,1384.0,1385.0,1386.0,1386.0,1386.0,1386.0,1386.0,1386.0,1386.0,1388.0,1388.0,1388.0,1388.0,1388.0,1388.0,1388.0,1389.0,1389.0,1389.0,1389.0,1389.0,1390.0,1390.0,1391.0,1391.0,1392.0,1392.0,1392.0,1393.0,1393.0,1396.0,1396.0,1396.0,1394.0,1395.0,1395.0,1396.0,1397.0,1398.0,1398.0,1398.0,1398.0,1398.0,1398.0,1398.0,1398.0,1398.0,1398.0,1397.0,1397.0,1397.0,1397.0,1396.0,1396.0,1397.0,1398.0,1398.0,1398.0,1399.0,1400.0,1400.0,1401.0,1400.0,1400.0,1400.0,1400.0,1400.0,1401.0,1401.0,1401.0,1401.0,1401.0,1402.0,1402.0,1403.0,1404.0,1405.0,1406.0,1406.0,1405.0,1405.0,1405.0,1405.0,1405.0,1405.0,1404.0,1405.0,1405.0,1405.0,1405.0,1405.0,1405.0,1405.0,1406.0,1407.0,1407.0,1406
ha7i16DoKQY,,,,,,,,,,,,,,,,,,,,,,,,,,,,,,,,,,,,,,,,,,,,,,,,,,,,,,,604.0,702.0,789.0,808.0,826.0,839.0,852.0,852.0,860.0,918.0,992.0,1093.0,1101.0,1140.0,1200.0,1220.0,1154.0,1213.0,1212.0,1233.0,1237.0,1237.0,1239.0,1238.0,1238.0,1242.0,1246.0,1235.0,1242.0,1245.0,1248.0,1250.0,1261.0,1267.0,1273.0,1273.0,1273.0,1273.0,1272.0,1272.0,1273.0,1273.0,1272.0,1272.0,1272.0,1272.0,1273.0,1274.0,1274.0,1273.0,1273.0,1273.0,1273.0,1273.0,1273.0,1272.0,1276.0,1277.0,1277.0,1277.0,1277.0,1278.0,1278.0,1278.0,1278.0,1286.0,1297.0,1318.0,1328.0,1338.0,1349.0,1359.0,1370.0,1376.0,1385.0,1419.0,1437.0,1449.0,1462.0,1470.0,1480.0,1490.0,1505.0,1522.0,1531.0,1531.0,1531.0,1531.0,1531.0,1531.0,1531.0,1440.0,1469.0,1478.0,1477.0,1478.0,1478.0,1479.0,1479.0,1479.0,1479.0,1479.0,1479.0,1479.0,1481.0,1480.0,1480.0,1480.0,1480.0,1480.0,1480.0,1480.0,1480.0,1481.0,1481.0,1481.0,1481.0,1481.0,1481.0,1481.0,1481.0,1482.0,1481.0,1481.0,1481.0,1481.0,1481.0,1481.0,1481.0,1481.0,1481.0,1481.0,1481.0,1482.0,1483.0,1482.0,1482.0,1482.0,1482.0,1480.0,1480.0,1480.0,1480.0,1479.0,1479.0,1479.0,1479.0,1479.0,1480.0,1480.0,1479.0,1479.0,1479.0,1479
D9y3xAgp6Qo,,,,,,,,,,,,,,,,,,,,,,,,,,,,,,,,,,,,,,,,,,,,,,,,,,,,,,,0.0,0.0,0.0,0.0,0.0,0.0,0.0,0.0,0.0,0.0,0.0,0.0,0.0,0.0,0.0,0.0,0.0,0.0,0.0,0.0,0.0,0.0,0.0,0.0,0.0,0.0,0.0,0.0,0.0,0.0,0.0,0.0,0.0,0.0,0.0,0.0,0.0,0.0,0.0,0.0,0.0,0.0,0.0,0.0,0.0,0.0,0.0,0.0,0.0,0.0,0.0,1.0,1.0,2.0,2.0,2.0,2.0,2.0,2.0,2.0,2.0,2.0,2.0,2.0,2.0,2.0,2.0,2.0,2.0,2.0,2.0,2.0,2.0,3.0,3.0,3.0,3.0,3.0,3.0,3.0,3.0,3.0,3.0,3.0,3.0,3.0,3.0,3.0,3.0,3.0,3.0,3.0,3.0,3.0,3.0,3.0,3.0,3.0,3.0,3.0,3.0,3.0,3.0,3.0,3.0,3.0,3.0,3.0,3.0,3.0,3.0,3.0,3.0,3.0,3.0,3.0,3.0,3.0,3.0,3.0,3.0,3.0,3.0,3.0,3.0,3.0,3.0,3.0,3.0,3.0,3.0,3.0,3.0,3.0,3.0,3.0,3.0,3.0,3.0,3.0,3.0,3.0,3.0,3.0,3.0,3.0,3.0,3.0,3.0,3.0,3.0,3.0,3.0,3
XQYO8vicu5I,,,,,,,,,,,,,,,,,,,,,,,,,,,,,,,,,,,,,,,,,,,,,,,,,,,,,,,0.0,0.0,0.0,0.0,0.0,0.0,0.0,0.0,0.0,0.0,0.0,0.0,0.0,0.0,0.0,0.0,0.0,0.0,0.0,0.0,0.0,0.0,0.0,0.0,0.0,0.0,0.0,0.0,0.0,0.0,0.0,0.0,0.0,0.0,0.0,0.0,0.0,0.0,0.0,0.0,0.0,0.0,0.0,0.0,0.0,0.0,0.0,0.0,0.0,0.0,0.0,0.0,0.0,0.0,0.0,0.0,0.0,0.0,0.0,0.0,0.0,0.0,0.0,0.0,0.0,0.0,0.0,0.0,0.0,0.0,0.0,0.0,0.0,0.0,0.0,0.0,0.0,0.0,0.0,0.0,0.0,0.0,0.0,0.0,0.0,0.0,0.0,0.0,0.0,0.0,0.0,0.0,0.0,0.0,0.0,0.0,0.0,0.0,0.0,0.0,0.0,0.0,0.0,0.0,0.0,0.0,0.0,0.0,0.0,0.0,0.0,0.0,0.0,0.0,0.0,0.0,0.0,0.0,0.0,0.0,0.0,0.0,0.0,0.0,0.0,0.0,0.0,0.0,0.0,0.0,0.0,0.0,0.0,0.0,0.0,0.0,0.0,0.0,0.0,0.0,0.0,0.0,0.0,0.0,0.0,0.0,0.0,0.0,0.0,0.0,0.0,0.0,0.0,0
YsfsxpJaYSw,,,,,,,,,,,,,,,,,,,,,,,,,,,,,,,,,,,,,,,,,,,,,,,,,,,,,,,,21.0,31.0,33.0,34.0,37.0,40.0,40.0,41.0,41.0,41.0,42.0,44.0,44.0,44.0,45.0,47.0,47.0,50.0,51.0,52.0,53.0,53.0,53.0,53.0,53.0,53.0,53.0,53.0,53.0,53.0,53.0,53.0,53.0,53.0,53.0,53.0,53.0,53.0,54.0,54.0,54.0,55.0,55.0,55.0,56.0,56.0,57.0,55.0,55.0,55.0,55.0,55.0,57.0,57.0,57.0,57.0,58.0,58.0,58.0,58.0,58.0,58.0,58.0,58.0,58.0,58.0,57.0,58.0,58.0,58.0,58.0,59.0,59.0,59.0,59.0,59.0,59.0,59.0,59.0,59.0,59.0,57.0,57.0,57.0,57.0,58.0,58.0,58.0,58.0,58.0,58.0,58.0,58.0,59.0,59.0,59.0,59.0,59.0,59.0,59.0,59.0,59.0,59.0,59.0,59.0,59.0,59.0,59.0,59.0,59.0,59.0,59.0,60.0,60.0,60.0,60.0,60.0,60.0,60.0,60.0,60.0,60.0,60.0,60.0,60.0,61.0,61.0,61.0,61.0,61.0,61.0,61.0,61.0,62.0,62.0,62.0,62.0,63.0,63.0,63.0,63.0,63.0,63.0,63.0,63.0,63.0,63.0,63.0,63.0,63.0,64.0,64.0,64
ItvDjeiqdlE,,,,,,,,,,,,,,,,,,,,,,,,,,,,,,,,,,,,,,,,,,,,,,,,,,,,,,,,2907.0,3955.0,4269.0,4504.0,4567.0,4625.0,4692.0,4736.0,4765.0,4788.0,4800.0,4813.0,4836.0,4846.0,4858.0,4869.0,4879.0,4888.0,4896.0,4918.0,4924.0,4931.0,4944.0,4955.0,4958.0,4966.0,4978.0,4980.0,4976.0,4979.0,4982.0,4987.0,4992.0,4993.0,4995.0,5001.0,5004.0,5006.0,5006.0,5006.0,5008.0,5011.0,5014.0,5019.0,5024.0,5028.0,5029.0,5028.0,5031.0,5032.0,5034.0,5036.0,5036.0,5038.0,5040.0,5040.0,5038.0,5041.0,5043.0,5048.0,5046.0,5050.0,5055.0,5055.0,5054.0,5054.0,5056.0,5056.0,5055.0,5053.0,5053.0,5055.0,5055.0,5054.0,5054.0,5056.0,5057.0,5060.0,5057.0,5059.0,5059.0,5060.0,5062.0,5064.0,5065.0,5069.0,5069.0,5070.0,5071.0,5072.0,5072.0,5076.0,5084.0,5085.0,5085.0,5085.0,5086.0,5086.0,5088.0,5090.0,5093.0,5095.0,5096.0,5096.0,5097.0,5098.0,5099.0,5101.0,5100.0,5102.0,5106.0,5106.0,5108.0,5107.0,5108.0,5108.0,5107.0,5107.0,5110.0,5112.0,5111.0,5114.0,5114.0,5113.0,5113.0,5114.0,5113.0,5112.0,5112.0,5114.0,5114.0,5117.0,5118.0,5117.0,5116.0,5116.0,5117.0,5117.0,5118.0,5118.0,5118.0,5118.0,5118.0,5119.0,5119.0,5122.0,5122.0,5120.0,5123.0,5123.0,5124.0,5124.0,5125
x6peEfIQVGE,,,,,,,,,,,,,,,,,,,,,,,,,,,,,,,,,,,,,,,,,,,,,,,,,,,,,,,,706.0,763.0,779.0,785.0,795.0,798.0,802.0,808.0,809.0,814.0,822.0,825.0,825.0,827.0,827.0,829.0,830.0,830.0,832.0,834.0,833.0,833.0,834.0,834.0,826.0,826.0,829.0,830.0,830.0,830.0,830.0,830.0,831.0,831.0,831.0,831.0,831.0,831.0,831.0,831.0,831.0,831.0,831.0,831.0,831.0,831.0,831.0,831.0,831.0,832.0,832.0,832.0,832.0,832.0,832.0,832.0,832.0,832.0,832.0,832.0,832.0,831.0,831.0,831.0,833.0,833.0,833.0,833.0,833.0,833.0,834.0,833.0,833.0,834.0,834.0,834.0,834.0,834.0,834.0,834.0,834.0,835.0,835.0,835.0,835.0,835.0,835.0,834.0,834.0,834.0,835.0,835.0,835.0,834.0,834.0,835.0,836.0,836.0,836.0,838.0,839.0,839.0,839.0,839.0,840.0,840.0,840.0,838.0,838.0,838.0,838.0,838.0,838.0,838.0,838.0,838.0,838.0,838.0,838.0,838.0,838.0,840.0,840.0,840.0,840.0,840.0,840.0,840.0,840.0,840.0,840.0,840.0,840.0,840.0,840.0,840.0,840.0,840.0,839.0,839.0,839.0,839.0,839.0,837.0,837.0,839.0,839.0,839.0,839.0,839.0,839.0,837.0,837
sj0eG4iaJFw,,,,,,,,,,,,,,,,,,,,,,,,,,,,,,,,,,,,,,,,,,,,,,,,,,,,,,,,85.0,116.0,125.0,138.0,150.0,154.0,157.0,158.0,158.0,160.0,162.0,162.0,162.0,163.0,164.0,164.0,164.0,164.0,164.0,167.0,168.0,168.0,168.0,168.0,168.0,168.0,168.0,168.0,168.0,168.0,170.0,170.0,170.0,170.0,170.0,170.0,171.0,171.0,171.0,171.0,172.0,172.0,172.0,172.0,173.0,173.0,173.0,173.0,173.0,173.0,173.0,173.0,173.0,173.0,173.0,173.0,173.0,173.0,173.0,173.0,173.0,173.0,173.0,173.0,173.0,173.0,173.0,173.0,174.0,174.0,174.0,174.0,174.0,174.0,174.0,174.0,174.0,174.0,174.0,174.0,174.0,174.0,174.0,174.0,174.0,174.0,174.0,174.0,174.0,174.0,174.0,174.0,174.0,174.0,174.0,174.0,174.0,174.0,174.0,174.0,174.0,174.0,173.0,173.0,173.0,173.0,173.0,173.0,173.0,173.0,173.0,173.0,173.0,173.0,173.0,173.0,173.0,173.0,173.0,173.0,173.0,173.0,173.0,173.0,173.0,173.0,173.0,173.0,173.0,173.0,173.0,173.0,173.0,173.0,173.0,173.0,173.0,173.0,173.0,173.0,173.0,173.0,173.0,173.0,173.0,173.0,173.0,173.0,173.0,173.0,173.0,173.0,173
aCX2F0R5q9w,,,,,,,,,,,,,,,,,,,,,,,,,,,,,,,,,,,,,,,,,,,,,,,,,,,,,,,,0.0,0.0,0.0,0.0,0.0,0.0,8.0,11.0,12.0,15.0,17.0,17.0,18.0,18.0,19.0,19.0,19.0,19.0,20.0,23.0,23.0,23.0,25.0,25.0,27.0,27.0,27.0,27.0,27.0,27.0,27.0,27.0,28.0,28.0,29.0,29.0,29.0,30.0,30.0,30.0,30.0,30.0,30.0,31.0,31.0,31.0,31.0,31.0,32.0,32.0,34.0,34.0,34.0,33.0,34.0,34.0,34.0,35.0,37.0,37.0,37.0,37.0,37.0,37.0,37.0,37.0,37.0,37.0,37.0,37.0,37.0,38.0,38.0,38.0,38.0,38.0,38.0,38.0,38.0,38.0,38.0,38.0,39.0,39.0,39.0,39.0,39.0,39.0,40.0,40.0,40.0,40.0,40.0,41.0,41.0,41.0,41.0,41.0,41.0,41.0,41.0,42.0,42.0,42.0,42.0,42.0,42.0,42.0,42.0,42.0,42.0,42.0,42.0,42.0,42.0,43.0,43.0,43.0,43.0,43.0,43.0,43.0,43.0,43.0,43.0,43.0,43.0,43.0,43.0,43.0,43.0,43.0,43.0,43.0,43.0,43.0,43.0,43.0,43.0,43.0,43.0,43.0,43.0,43.0,43.0,43.0,43.0,43.0,43.0,43.0,43.0,43.0,43
C6--84TzxZc,,,,,,,,,,,,,,,,,,,,,,,,,,,,,,,,,,,,,,,,,,,,,,,,,,,,,,,,,808.0,1077.0,1186.0,1304.0,1369.0,1398.0,1439.0,1473.0,1491.0,1506.0,1547.0,1573.0,1586.0,1591.0,1597.0,1597.0,1600.0,1600.0,1606.0,1611.0,1614.0,1618.0,1621.0,1621.0,1625.0,1624.0,1625.0,1629.0,1631.0,1631.0,1633.0,1634.0,1635.0,1637.0,1637.0,1637.0,1636.0,1639.0,1640.0,1642.0,1642.0,1643.0,1644.0,1644.0,1647.0,1646.0,1646.0,1646.0,1646.0,1646.0,1645.0,1645.0,1645.0,1645.0,1645.0,1645.0,1646.0,1646.0,1646.0,1648.0,1650.0,1650.0,1651.0,1652.0,1653.0,1644.0,1646.0,1646.0,1646.0,1647.0,1647.0,1647.0,1648.0,1647.0,1647.0,1647.0,1648.0,1648.0,1648.0,1648.0,1648.0,1648.0,1648.0,1648.0,1649.0,1650.0,1650.0,1653.0,1654.0,1657.0,1658.0,1658.0,1658.0,1658.0,1658.0,1659.0,1660.0,1661.0,1662.0,1662.0,1663.0,1663.0,1663.0,1662.0,1662.0,1664.0,1664.0,1664.0,1664.0,1666.0,1667.0,1667.0,1667.0,1667.0,1667.0,1667.0,1667.0,1667.0,1667.0,1667.0,1668.0,1668.0,1670.0,1670.0,1670.0,1669.0,1669.0,1668.0,1668.0,1668.0,1668.0,1668.0,1668.0,1668.0,1670.0,1671.0,1672.0,1674.0,1674.0,1675.0,1676.0,1676.0,1676.0,1677.0,1678.0,1678.0,1678.0,1678.0,1669.0,1670.0,1671.0,1672
n7AChRJK7tc,,,,,,,,,,,,,,,,,,,,,,,,,,,,,,,,,,,,,,,,,,,,,,,,,,,,,,,,,122.0,193.0,237.0,314.0,377.0,412.0,445.0,464.0,495.0,517.0,543.0,557.0,578.0,588.0,605.0,608.0,620.0,621.0,629.0,629.0,634.0,639.0,642.0,644.0,646.0,646.0,648.0,652.0,652.0,658.0,661.0,664.0,664.0,664.0,665.0,670.0,671.0,674.0,674.0,674.0,674.0,676.0,676.0,676.0,676.0,676.0,676.0,677.0,679.0,679.0,682.0,683.0,685.0,686.0,687.0,687.0,690.0,693.0,694.0,695.0,696.0,696.0,696.0,696.0,697.0,698.0,698.0,698.0,698.0,699.0,700.0,700.0,700.0,700.0,702.0,702.0,705.0,708.0,709.0,709.0,710.0,711.0,713.0,715.0,716.0,717.0,717.0,717.0,718.0,718.0,718.0,718.0,718.0,718.0,718.0,719.0,719.0,719.0,719.0,719.0,719.0,721.0,723.0,723.0,723.0,723.0,726.0,726.0,726.0,726.0,726.0,727.0,725.0,725.0,725.0,725.0,725.0,725.0,725.0,725.0,724.0,724.0,724.0,725.0,725.0,725.0,725.0,725.0,725.0,725.0,725.0,727.0,727.0,728.0,728.0,730.0,732.0,732.0,732.0,732.0,733.0,734.0,734.0,735.0,735.0,735.0,732.0,733.0,733.0,733.0,733.0,734
VF5KiYpH-Pg,,,,,,,,,,,,,,,,,,,,,,,,,,,,,,,,,,,,,,,,,,,,,,,,,,,,,,,,,475.0,617.0,700.0,758.0,828.0,861.0,901.0,940.0,978.0,1021.0,1086.0,1123.0,1169.0,1209.0,1216.0,1226.0,1232.0,1246.0,1263.0,1269.0,1272.0,1278.0,1288.0,1300.0,1311.0,1324.0,1330.0,1333.0,1336.0,1349.0,1357.0,1364.0,1368.0,1375.0,1387.0,1396.0,1399.0,1401.0,1403.0,1406.0,1410.0,1413.0,1421.0,1424.0,1426.0,1428.0,1432.0,1438.0,1438.0,1443.0,1446.0,1447.0,1448.0,1449.0,1451.0,1451.0,1452.0,1452.0,1452.0,1451.0,1457.0,1457.0,1460.0,1458.0,1459.0,1455.0,1459.0,1463.0,1464.0,1467.0,1469.0,1470.0,1471.0,1473.0,1474.0,1473.0,1473.0,1474.0,1479.0,1479.0,1477.0,1477.0,1477.0,1478.0,1478.0,1479.0,1478.0,1478.0,1479.0,1479.0,1480.0,1481.0,1482.0,1488.0,1489.0,1490.0,1492.0,1493.0,1493.0,1496.0,1498.0,1498.0,1498.0,1498.0,1499.0,1500.0,1503.0,1503.0,1504.0,1507.0,1512.0,1512.0,1515.0,1518.0,1526.0,1526.0,1527.0,1527.0,1527.0,1527.0,1530.0,1530.0,1530.0,1531.0,1532.0,1532.0,1532.0,1532.0,1532.0,1531.0,1531.0,1533.0,1533.0,1532.0,1532.0,1532.0,1532.0,1532.0,1533.0,1533.0,1532.0,1531.0,1531.0,1531.0,1528.0,1532.0,1533.0,1536.0,1535.0,1536.0,1537.0,1537
NBJWOnYONx0,,,,,,,,,,,,,,,,,,,,,,,,,,,,,,,,,,,,,,,,,,,,,,,,,,,,,,,,,76.0,94.0,105.0,108.0,110.0,115.0,117.0,119.0,123.0,125.0,127.0,127.0,127.0,127.0,127.0,127.0,128.0,130.0,130.0,131.0,132.0,134.0,134.0,134.0,137.0,137.0,137.0,137.0,137.0,137.0,137.0,137.0,139.0,139.0,139.0,141.0,141.0,141.0,141.0,142.0,144.0,145.0,145.0,146.0,147.0,147.0,148.0,148.0,149.0,149.0,150.0,150.0,150.0,151.0,151.0,151.0,151.0,151.0,151.0,151.0,151.0,151.0,151.0,151.0,151.0,152.0,152.0,152.0,152.0,152.0,152.0,152.0,152.0,152.0,152.0,152.0,152.0,152.0,152.0,152.0,152.0,153.0,153.0,153.0,154.0,154.0,155.0,155.0,155.0,155.0,155.0,155.0,155.0,155.0,155.0,155.0,156.0,156.0,156.0,156.0,156.0,156.0,156.0,156.0,156.0,156.0,156.0,156.0,157.0,157.0,157.0,157.0,157.0,157.0,157.0,157.0,156.0,156.0,156.0,156.0,157.0,157.0,157.0,157.0,158.0,158.0,158.0,158.0,158.0,158.0,158.0,158.0,158.0,158.0,158.0,158.0,158.0,158.0,158.0,159.0,159.0,159.0,159.0,159.0,159.0,161.0,161.0,161.0,161.0,162.0,162.0,162
ten6JjjGcH4,,,,,,,,,,,,,,,,,,,,,,,,,,,,,,,,,,,,,,,,,,,,,,,,,,,,,,,,,0.0,0.0,0.0,0.0,0.0,0.0,0.0,0.0,0.0,0.0,0.0,0.0,0.0,0.0,0.0,0.0,0.0,0.0,0.0,0.0,0.0,0.0,0.0,0.0,0.0,0.0,0.0,0.0,0.0,0.0,0.0,0.0,0.0,0.0,0.0,0.0,0.0,0.0,0.0,0.0,0.0,0.0,0.0,0.0,0.0,0.0,0.0,0.0,0.0,0.0,0.0,0.0,0.0,0.0,0.0,0.0,0.0,0.0,0.0,0.0,0.0,0.0,0.0,0.0,0.0,0.0,0.0,0.0,0.0,0.0,0.0,0.0,0.0,0.0,0.0,0.0,0.0,0.0,0.0,0.0,0.0,0.0,0.0,0.0,0.0,0.0,0.0,0.0,0.0,0.0,0.0,0.0,0.0,0.0,0.0,0.0,0.0,0.0,0.0,0.0,0.0,0.0,0.0,0.0,0.0,0.0,0.0,0.0,0.0,0.0,0.0,0.0,0.0,0.0,0.0,0.0,0.0,0.0,0.0,0.0,0.0,0.0,0.0,0.0,0.0,0.0,0.0,0.0,0.0,0.0,0.0,0.0,0.0,0.0,0.0,0.0,0.0,0.0,0.0,0.0,0.0,0.0,0.0,0.0,0.0,0.0,0.0,0.0,0.0,0.0,0.0,0
kaJjuLHg0JU,,,,,,,,,,,,,,,,,,,,,,,,,,,,,,,,,,,,,,,,,,,,,,,,,,,,,,,,,98.0,98.0,98.0,98.0,99.0,99.0,99.0,100.0,100.0,100.0,100.0,100.0,101.0,101.0,101.0,101.0,101.0,101.0,101.0,101.0,101.0,102.0,102.0,103.0,103.0,103.0,104.0,104.0,105.0,105.0,105.0,105.0,104.0,104.0,104.0,98.0,98.0,98.0,98.0,100.0,100.0,100.0,100.0,100.0,100.0,100.0,100.0,100.0,99.0,99.0,99.0,99.0,99.0,99.0,99.0,100.0,100.0,100.0,100.0,100.0,100.0,100.0,100.0,100.0,100.0,100.0,101.0,101.0,101.0,101.0,101.0,101.0,101.0,101.0,101.0,101.0,101.0,101.0,101.0,101.0,101.0,101.0,101.0,101.0,101.0,101.0,101.0,100.0,100.0,100.0,100.0,100.0,100.0,100.0,100.0,100.0,100.0,100.0,100.0,100.0,100.0,100.0,100.0,100.0,100.0,100.0,100.0,100.0,100.0,100.0,100.0,100.0,100.0,100.0,100.0,100.0,100.0,100.0,100.0,100.0,100.0,100.0,100.0,100.0,100.0,100.0,100.0,100.0,101.0,101.0,101.0,100.0,100.0,100.0,100.0,100.0,100.0,100.0,100.0,100.0,100.0,100.0,100.0,100.0,100.0,100.0,100.0,100.0,100.0,100.0,100.0,100
XQMg8-Ku3JI,,,,,,,,,,,,,,,,,,,,,,,,,,,,,,,,,,,,,,,,,,,,,,,,,,,,,,,,,10489.0,10489.0,10489.0,10489.0,10488.0,10488.0,10488.0,10488.0,10485.0,10483.0,10485.0,10485.0,10485.0,10485.0,10485.0,10485.0,10485.0,10485.0,10485.0,10484.0,10484.0,10484.0,10484.0,10484.0,10482.0,10482.0,10483.0,10483.0,10483.0,10482.0,10482.0,10482.0,10482.0,10482.0,10482.0,10483.0,10483.0,10483.0,10483.0,10483.0,10483.0,10483.0,10483.0,10483.0,10480.0,10480.0,10480.0,10480.0,10483.0,10483.0,10483.0,10484.0,10484.0,10484.0,10484.0,10484.0,10484.0,10484.0,10482.0,10482.0,10482.0,10482.0,10482.0,10482.0,10470.0,10467.0,10467.0,10467.0,10467.0,10467.0,10467.0,10468.0,10468.0,10468.0,10468.0,10468.0,10468.0,10468.0,10468.0,10466.0,10466.0,10466.0,10466.0,10466.0,10466.0,10466.0,10465.0,10465.0,10465.0,10465.0,10464.0,10464.0,10464.0,10464.0,10464.0,10463.0,10463.0,10459.0,10459.0,10458.0,10458.0,10458.0,10458.0,10458.0,10458.0,10455.0,10455.0,10453.0,10453.0,10453.0,10453.0,10453.0,10455.0,10456.0,10454.0,10454.0,10453.0,10453.0,10453.0,10453.0,10453.0,10453.0,10453.0,10452.0,10451.0,10451.0,10451.0,10451.0,10451.0,10452.0,10452.0,10452.0,10452.0,10450.0,10450.0,10450.0,10450.0,10450.0,10450.0,10450.0,10453.0,10453.0,10453.0,10451.0,10451.0,10451.0,10451.0,10451.0,10451.0,10451.0,10451.0,10451
pIfScZGDNsc,,,,,,,,,,,,,,,,,,,,,,,,,,,,,,,,,,,,,,,,,,,,,,,,,,,,,,,,,,1129.0,1181.0,1263.0,1331.0,1357.0,1388.0,1402.0,1406.0,1426.0,1438.0,1451.0,1460.0,1465.0,1469.0,1477.0,1481.0,1486.0,1496.0,1499.0,1502.0,1506.0,1508.0,1528.0,1528.0,1530.0,1530.0,1530.0,1535.0,1536.0,1540.0,1540.0,1536.0,1539.0,1540.0,1540.0,1541.0,1541.0,1541.0,1541.0,1545.0,1544.0,1543.0,1545.0,1546.0,1547.0,1551.0,1551.0,1551.0,1551.0,1554.0,1559.0,1560.0,1560.0,1561.0,1563.0,1562.0,1563.0,1568.0,1568.0,1568.0,1568.0,1566.0,1567.0,1566.0,1568.0,1568.0,1568.0,1570.0,1568.0,1568.0,1568.0,1570.0,1570.0,1572.0,1574.0,1574.0,1573.0,1573.0,1573.0,1577.0,1577.0,1577.0,1577.0,1577.0,1577.0,1577.0,1578.0,1579.0,1580.0,1580.0,1580.0,1583.0,1582.0,1582.0,1582.0,1582.0,1582.0,1583.0,1584.0,1584.0,1584.0,1587.0,1586.0,1586.0,1586.0,1586.0,1586.0,1586.0,1587.0,1587.0,1587.0,1587.0,1588.0,1589.0,1590.0,1588.0,1588.0,1592.0,1588.0,1588.0,1588.0,1588.0,1588.0,1588.0,1588.0,1588.0,1589.0,1589.0,1589.0,1590.0,1591.0,1592.0,1593.0,1594.0,1594.0,1594.0,1594.0,1594.0,1595.0,1595.0,1596.0,1597.0,1597.0,1597.0,1597.0,1597.0,1598.0,1598.0,1594.0,1596.0,1596
tWQei-65AGM,,,,,,,,,,,,,,,,,,,,,,,,,,,,,,,,,,,,,,,,,,,,,,,,,,,,,,,,,,109.0,194.0,260.0,273.0,277.0,282.0,283.0,289.0,292.0,295.0,299.0,304.0,306.0,308.0,310.0,316.0,319.0,320.0,320.0,321.0,322.0,323.0,324.0,324.0,327.0,328.0,328.0,328.0,328.0,328.0,328.0,328.0,328.0,328.0,327.0,327.0,327.0,327.0,328.0,328.0,328.0,323.0,323.0,323.0,323.0,324.0,324.0,324.0,324.0,324.0,323.0,323.0,323.0,323.0,323.0,325.0,325.0,325.0,328.0,328.0,328.0,328.0,328.0,329.0,330.0,330.0,330.0,330.0,330.0,330.0,332.0,332.0,332.0,332.0,332.0,332.0,333.0,333.0,333.0,333.0,334.0,334.0,334.0,334.0,334.0,334.0,335.0,335.0,335.0,335.0,334.0,334.0,334.0,334.0,336.0,336.0,336.0,336.0,336.0,336.0,336.0,336.0,336.0,337.0,338.0,338.0,338.0,338.0,338.0,339.0,339.0,339.0,339.0,339.0,340.0,341.0,341.0,341.0,341.0,341.0,341.0,343.0,343.0,343.0,343.0,343.0,342.0,342.0,342.0,342.0,342.0,343.0,343.0,342.0,342.0,342.0,342.0,342.0,342.0,343.0,343.0,343.0,343.0,343.0,343.0,343.0,343.0,343.0,343.0,343.0,343
U-G3tZXWgiY,,,,,,,,,,,,,,,,,,,,,,,,,,,,,,,,,,,,,,,,,,,,,,,,,,,,,,,,,,14.0,14.0,14.0,14.0,14.0,14.0,14.0,14.0,14.0,14.0,14.0,14.0,14.0,14.0,14.0,14.0,14.0,14.0,14.0,14.0,14.0,14.0,14.0,14.0,14.0,14.0,14.0,14.0,14.0,14.0,14.0,14.0,14.0,14.0,14.0,14.0,14.0,14.0,14.0,14.0,14.0,14.0,14.0,14.0,14.0,14.0,14.0,14.0,14.0,14.0,14.0,14.0,14.0,14.0,14.0,14.0,14.0,14.0,14.0,14.0,14.0,14.0,14.0,14.0,14.0,14.0,14.0,14.0,14.0,14.0,14.0,14.0,14.0,14.0,14.0,14.0,14.0,14.0,14.0,14.0,14.0,14.0,14.0,14.0,14.0,14.0,14.0,14.0,14.0,14.0,14.0,14.0,14.0,14.0,14.0,14.0,14.0,14.0,14.0,14.0,14.0,14.0,14.0,14.0,14.0,14.0,14.0,14.0,14.0,14.0,14.0,14.0,14.0,14.0,14.0,14.0,14.0,14.0,15.0,15.0,15.0,15.0,15.0,15.0,15.0,15.0,15.0,15.0,15.0,15.0,15.0,15.0,15.0,15.0,15.0,15.0,15.0,15.0,15.0,15.0,15.0,15.0,15.0,15.0,15.0,15.0,15.0,15.0,15.0,15.0,15
4xH9MLD7bn0,,,,,,,,,,,,,,,,,,,,,,,,,,,,,,,,,,,,,,,,,,,,,,,,,,,,,,,,,,1.0,3.0,3.0,5.0,5.0,5.0,5.0,5.0,5.0,5.0,5.0,5.0,6.0,6.0,6.0,6.0,6.0,6.0,6.0,6.0,6.0,6.0,6.0,7.0,7.0,7.0,7.0,7.0,7.0,7.0,7.0,7.0,7.0,7.0,7.0,7.0,7.0,7.0,7.0,7.0,7.0,8.0,8.0,8.0,8.0,8.0,8.0,8.0,8.0,8.0,8.0,8.0,8.0,8.0,8.0,8.0,8.0,8.0,8.0,8.0,8.0,8.0,8.0,8.0,8.0,8.0,8.0,8.0,8.0,8.0,8.0,8.0,8.0,8.0,8.0,8.0,8.0,8.0,8.0,8.0,8.0,8.0,8.0,8.0,8.0,8.0,8.0,8.0,8.0,8.0,8.0,8.0,8.0,8.0,8.0,8.0,8.0,8.0,8.0,8.0,8.0,8.0,8.0,8.0,8.0,8.0,8.0,8.0,8.0,8.0,8.0,8.0,8.0,8.0,8.0,8.0,8.0,8.0,8.0,8.0,8.0,8.0,8.0,8.0,8.0,8.0,8.0,8.0,8.0,8.0,8.0,8.0,8.0,8.0,8.0,8.0,8.0,8.0,8.0,8.0,8.0,8.0,8.0,8.0,8.0,8.0,8.0,8.0,8.0,8.0,8
ZEbmZ18UHbo,,,,,,,,,,,,,,,,,,,,,,,,,,,,,,,,,,,,,,,,,,,,,,,,,,,,,,,,,,547.0,701.0,742.0,772.0,790.0,805.0,816.0,834.0,848.0,850.0,856.0,859.0,866.0,869.0,872.0,873.0,878.0,884.0,889.0,890.0,891.0,895.0,896.0,901.0,905.0,905.0,905.0,909.0,914.0,918.0,918.0,918.0,918.0,918.0,918.0,920.0,920.0,920.0,925.0,925.0,924.0,924.0,929.0,929.0,929.0,929.0,929.0,932.0,932.0,931.0,932.0,932.0,932.0,933.0,932.0,937.0,937.0,936.0,936.0,936.0,936.0,936.0,936.0,928.0,928.0,928.0,929.0,929.0,928.0,927.0,927.0,927.0,928.0,928.0,928.0,927.0,927.0,927.0,927.0,927.0,927.0,927.0,927.0,927.0,927.0,927.0,927.0,927.0,928.0,928.0,930.0,930.0,930.0,930.0,930.0,930.0,930.0,931.0,931.0,931.0,930.0,930.0,930.0,930.0,930.0,930.0,929.0,929.0,929.0,929.0,929.0,929.0,929.0,929.0,929.0,929.0,929.0,929.0,929.0,929.0,929.0,929.0,929.0,929.0,929.0,929.0,929.0,929.0,929.0,929.0,929.0,929.0,929.0,929.0,929.0,929.0,929.0,929.0,929.0,928.0,928.0,928.0,928.0,928.0,927.0,927.0,926.0,926.0,926.0,926.0,925
ewubELWBMaE,,,,,,,,,,,,,,,,,,,,,,,,,,,,,,,,,,,,,,,,,,,,,,,,,,,,,,,,,,277.0,634.0,938.0,1218.0,1388.0,1588.0,1772.0,1965.0,2136.0,2299.0,2491.0,2668.0,2877.0,3064.0,3270.0,3279.0,3289.0,3307.0,3316.0,3328.0,3344.0,3362.0,3374.0,3389.0,3391.0,3401.0,3408.0,3417.0,3426.0,3430.0,3432.0,3423.0,3427.0,3432.0,3436.0,3439.0,3444.0,3452.0,3457.0,3460.0,3465.0,3467.0,3470.0,3471.0,3472.0,3472.0,3475.0,3476.0,3479.0,3480.0,3480.0,3482.0,3485.0,3490.0,3489.0,3489.0,3491.0,3495.0,3497.0,3501.0,3503.0,3506.0,3508.0,3507.0,3512.0,3515.0,3517.0,3519.0,3522.0,3528.0,3530.0,3530.0,3532.0,3533.0,3538.0,3545.0,3546.0,3554.0,3555.0,3561.0,3563.0,3566.0,3569.0,3557.0,3557.0,3564.0,3564.0,3564.0,3570.0,3572.0,3578.0,3582.0,3596.0,3600.0,3600.0,3604.0,3611.0,3617.0,3624.0,3631.0,3636.0,3639.0,3644.0,3654.0,3661.0,3665.0,3668.0,3677.0,3682.0,3690.0,3698.0,3704.0,3709.0,3712.0,3684.0,3686.0,3687.0,3695.0,3703.0,3712.0,3713.0,3716.0,3717.0,3720.0,3725.0,3728.0,3736.0,3743.0,3744.0,3749.0,3752.0,3760.0,3764.0,3769.0,3773.0,3775.0,3782.0,3782.0,3786.0,3794.0,3795.0,3799.0,3797.0,3802.0,3805.0,3811.0,3816.0,3819.0,3822.0,3827.0,3830
mRjqyekF46Y,,,,,,,,,,,,,,,,,,,,,,,,,,,,,,,,,,,,,,,,,,,,,,,,,,,,,,,,,,19.0,20.0,20.0,20.0,20.0,21.0,21.0,21.0,21.0,21.0,21.0,21.0,21.0,21.0,21.0,21.0,21.0,21.0,21.0,21.0,21.0,21.0,21.0,21.0,21.0,21.0,21.0,21.0,21.0,21.0,21.0,21.0,21.0,21.0,21.0,21.0,21.0,21.0,21.0,21.0,21.0,21.0,21.0,21.0,21.0,21.0,21.0,21.0,21.0,21.0,21.0,21.0,21.0,21.0,21.0,21.0,21.0,21.0,21.0,21.0,21.0,21.0,21.0,21.0,21.0,21.0,21.0,21.0,21.0,21.0,21.0,21.0,21.0,21.0,21.0,21.0,21.0,21.0,21.0,21.0,21.0,21.0,21.0,21.0,21.0,21.0,21.0,21.0,21.0,21.0,21.0,21.0,21.0,21.0,21.0,21.0,21.0,21.0,21.0,21.0,21.0,21.0,21.0,21.0,21.0,21.0,21.0,21.0,21.0,21.0,21.0,21.0,21.0,21.0,21.0,21.0,21.0,21.0,21.0,21.0,21.0,21.0,21.0,21.0,21.0,21.0,21.0,21.0,21.0,21.0,21.0,21.0,21.0,21.0,21.0,21.0,21.0,21.0,21.0,21.0,21.0,21.0,21.0,21.0,21.0,21.0,21.0,21.0,21.0,21.0,21
xSM4nToXTj4,,,,,,,,,,,,,,,,,,,,,,,,,,,,,,,,,,,,,,,,,,,,,,,,,,,,,,,,,,530.0,603.0,634.0,666.0,690.0,709.0,721.0,727.0,733.0,737.0,746.0,748.0,754.0,756.0,763.0,764.0,765.0,768.0,768.0,771.0,775.0,777.0,778.0,779.0,782.0,787.0,788.0,789.0,791.0,792.0,792.0,793.0,794.0,795.0,794.0,799.0,799.0,798.0,799.0,800.0,799.0,800.0,800.0,800.0,800.0,802.0,803.0,804.0,805.0,805.0,807.0,809.0,812.0,815.0,815.0,815.0,815.0,815.0,821.0,821.0,821.0,824.0,824.0,824.0,825.0,824.0,825.0,825.0,825.0,827.0,827.0,827.0,829.0,829.0,830.0,832.0,832.0,832.0,833.0,833.0,835.0,835.0,835.0,835.0,835.0,835.0,835.0,835.0,836.0,836.0,837.0,838.0,838.0,838.0,838.0,838.0,838.0,838.0,838.0,838.0,838.0,838.0,838.0,839.0,840.0,840.0,841.0,841.0,842.0,842.0,842.0,842.0,842.0,842.0,843.0,844.0,844.0,844.0,844.0,844.0,844.0,844.0,844.0,844.0,844.0,844.0,845.0,845.0,845.0,846.0,846.0,846.0,846.0,846.0,846.0,846.0,846.0,846.0,847.0,847.0,847.0,847.0,847.0,847.0,847.0,847.0,847.0,847.0,847.0,847.0,848
jBSuAbstfEA,,,,,,,,,,,,,,,,,,,,,,,,,,,,,,,,,,,,,,,,,,,,,,,,,,,,,,,,,,123.0,132.0,145.0,154.0,166.0,170.0,178.0,184.0,190.0,192.0,198.0,199.0,204.0,206.0,208.0,208.0,209.0,210.0,211.0,212.0,215.0,215.0,215.0,218.0,218.0,219.0,220.0,224.0,224.0,225.0,225.0,226.0,226.0,226.0,226.0,226.0,226.0,226.0,226.0,226.0,226.0,226.0,226.0,226.0,226.0,226.0,226.0,226.0,226.0,226.0,221.0,221.0,223.0,223.0,223.0,223.0,223.0,223.0,223.0,223.0,223.0,223.0,223.0,224.0,224.0,224.0,224.0,224.0,224.0,224.0,224.0,224.0,224.0,224.0,224.0,225.0,225.0,225.0,226.0,226.0,226.0,226.0,226.0,226.0,226.0,226.0,226.0,226.0,227.0,227.0,227.0,227.0,227.0,228.0,228.0,227.0,227.0,228.0,229.0,229.0,229.0,229.0,229.0,229.0,229.0,229.0,229.0,229.0,229.0,229.0,229.0,229.0,229.0,229.0,229.0,229.0,229.0,229.0,229.0,229.0,229.0,229.0,229.0,229.0,229.0,229.0,229.0,229.0,229.0,229.0,229.0,229.0,230.0,232.0,232.0,232.0,232.0,232.0,232.0,232.0,232.0,232.0,232.0,232.0,232.0,232.0,232.0,232.0,232.0,232.0,232
dpwoihsh5o0,,,,,,,,,,,,,,,,,,,,,,,,,,,,,,,,,,,,,,,,,,,,,,,,,,,,,,,,,,70.0,164.0,164.0,180.0,253.0,258.0,255.0,252.0,255.0,253.0,251.0,256.0,255.0,258.0,255.0,276.0,281.0,277.0,263.0,265.0,266.0,268.0,269.0,270.0,270.0,270.0,274.0,274.0,278.0,278.0,280.0,280.0,280.0,280.0,280.0,280.0,280.0,280.0,280.0,280.0,280.0,280.0,280.0,281.0,281.0,281.0,281.0,281.0,281.0,282.0,282.0,282.0,282.0,282.0,282.0,282.0,283.0,283.0,283.0,283.0,283.0,283.0,283.0,283.0,283.0,283.0,283.0,283.0,283.0,283.0,283.0,283.0,283.0,283.0,283.0,283.0,283.0,283.0,283.0,283.0,285.0,285.0,285.0,285.0,285.0,285.0,285.0,285.0,285.0,285.0,286.0,286.0,286.0,287.0,287.0,288.0,288.0,288.0,288.0,288.0,288.0,288.0,288.0,288.0,288.0,288.0,288.0,288.0,288.0,288.0,288.0,288.0,288.0,288.0,288.0,288.0,288.0,288.0,288.0,288.0,288.0,288.0,288.0,288.0,288.0,289.0,289.0,289.0,289.0,289.0,289.0,289.0,289.0,289.0,289.0,289.0,289.0,289.0,289.0,289.0,289.0,291.0,291.0,291.0,291.0,291.0,291.0,291.0,291.0,291.0,291
v2QsMYk0E-g,,,,,,,,,,,,,,,,,,,,,,,,,,,,,,,,,,,,,,,,,,,,,,,,,,,,,,,,,,17.0,19.0,20.0,21.0,21.0,21.0,21.0,21.0,21.0,21.0,21.0,21.0,21.0,21.0,21.0,21.0,21.0,21.0,21.0,21.0,21.0,21.0,21.0,21.0,21.0,21.0,21.0,21.0,21.0,21.0,21.0,21.0,21.0,21.0,21.0,21.0,21.0,21.0,21.0,21.0,21.0,21.0,21.0,21.0,21.0,21.0,21.0,21.0,21.0,21.0,21.0,21.0,21.0,21.0,21.0,21.0,21.0,21.0,21.0,21.0,21.0,21.0,21.0,21.0,21.0,21.0,21.0,21.0,21.0,21.0,21.0,21.0,21.0,21.0,21.0,21.0,21.0,21.0,21.0,21.0,21.0,21.0,21.0,21.0,21.0,21.0,21.0,21.0,21.0,21.0,21.0,21.0,21.0,21.0,21.0,21.0,21.0,21.0,21.0,21.0,21.0,21.0,21.0,21.0,21.0,21.0,21.0,21.0,21.0,21.0,21.0,21.0,21.0,21.0,21.0,21.0,21.0,21.0,21.0,21.0,21.0,21.0,21.0,21.0,21.0,21.0,21.0,21.0,21.0,21.0,21.0,21.0,21.0,21.0,21.0,21.0,21.0,21.0,21.0,21.0,21.0,21.0,21.0,21.0,21.0,21.0,21.0,21.0,21.0,21.0,21
yg-L2yCo9-I,,,,,,,,,,,,,,,,,,,,,,,,,,,,,,,,,,,,,,,,,,,,,,,,,,,,,,,,,,,43.0,64.0,81.0,89.0,95.0,101.0,104.0,104.0,107.0,109.0,113.0,115.0,116.0,117.0,121.0,124.0,125.0,124.0,125.0,125.0,126.0,128.0,130.0,130.0,130.0,130.0,130.0,130.0,130.0,130.0,132.0,132.0,132.0,132.0,132.0,132.0,133.0,133.0,134.0,134.0,135.0,136.0,137.0,137.0,137.0,137.0,137.0,137.0,137.0,137.0,138.0,138.0,138.0,139.0,139.0,139.0,139.0,140.0,140.0,140.0,140.0,140.0,140.0,141.0,141.0,141.0,141.0,141.0,141.0,141.0,141.0,141.0,141.0,141.0,141.0,141.0,141.0,141.0,143.0,143.0,143.0,144.0,144.0,144.0,145.0,145.0,145.0,145.0,145.0,145.0,145.0,145.0,145.0,145.0,146.0,146.0,148.0,148.0,149.0,149.0,149.0,149.0,149.0,149.0,150.0,150.0,150.0,150.0,151.0,151.0,152.0,152.0,152.0,152.0,152.0,152.0,152.0,152.0,152.0,152.0,154.0,154.0,154.0,155.0,155.0,155.0,155.0,155.0,155.0,155.0,156.0,156.0,156.0,156.0,157.0,157.0,156.0,156.0,157.0,157.0,158.0,158.0,158.0,158.0,158.0,159.0,159.0,159.0,159.0,159
v2bg-clO174,,,,,,,,,,,,,,,,,,,,,,,,,,,,,,,,,,,,,,,,,,,,,,,,,,,,,,,,,,,0.0,1.0,1.0,3.0,4.0,4.0,5.0,6.0,6.0,6.0,6.0,51.0,111.0,160.0,206.0,244.0,269.0,278.0,283.0,284.0,289.0,291.0,291.0,291.0,291.0,291.0,291.0,294.0,297.0,297.0,297.0,300.0,301.0,302.0,303.0,305.0,306.0,306.0,307.0,307.0,307.0,307.0,307.0,307.0,307.0,307.0,308.0,308.0,308.0,308.0,308.0,308.0,308.0,308.0,308.0,308.0,308.0,308.0,308.0,308.0,308.0,308.0,308.0,308.0,308.0,308.0,308.0,308.0,308.0,308.0,308.0,308.0,309.0,309.0,309.0,309.0,309.0,309.0,309.0,309.0,309.0,309.0,309.0,309.0,309.0,309.0,309.0,309.0,308.0,309.0,309.0,309.0,309.0,309.0,309.0,309.0,309.0,309.0,309.0,309.0,309.0,309.0,309.0,309.0,309.0,309.0,309.0,309.0,309.0,309.0,309.0,309.0,309.0,309.0,309.0,309.0,309.0,309.0,309.0,309.0,309.0,309.0,309.0,309.0,309.0,309.0,309.0,309.0,309.0,309.0,309.0,309.0,309.0,309.0,309.0,309.0,309.0,309.0,309.0,309.0,309.0,309.0,309.0,309.0,309.0,309.0,309.0,309.0,309.0,309
HkzNJOpraaY,,,,,,,,,,,,,,,,,,,,,,,,,,,,,,,,,,,,,,,,,,,,,,,,,,,,,,,,,,,2.0,2.0,2.0,3.0,3.0,3.0,3.0,3.0,3.0,4.0,4.0,4.0,4.0,4.0,4.0,4.0,4.0,4.0,4.0,4.0,4.0,4.0,4.0,4.0,4.0,4.0,3.0,3.0,3.0,3.0,3.0,3.0,3.0,3.0,3.0,3.0,3.0,3.0,3.0,3.0,3.0,3.0,3.0,3.0,3.0,3.0,3.0,3.0,3.0,3.0,3.0,3.0,3.0,3.0,3.0,4.0,4.0,4.0,4.0,4.0,4.0,4.0,4.0,4.0,4.0,4.0,4.0,4.0,4.0,4.0,4.0,4.0,4.0,4.0,4.0,4.0,4.0,4.0,4.0,4.0,4.0,4.0,4.0,4.0,4.0,4.0,4.0,4.0,4.0,4.0,4.0,4.0,4.0,4.0,4.0,4.0,4.0,4.0,4.0,4.0,4.0,4.0,4.0,4.0,4.0,4.0,4.0,4.0,4.0,4.0,4.0,4.0,4.0,4.0,4.0,4.0,4.0,4.0,4.0,4.0,4.0,4.0,4.0,4.0,4.0,4.0,4.0,4.0,4.0,4.0,4.0,4.0,4.0,4.0,4.0,5.0,5.0,5.0,5.0,5.0,5.0,5.0,5.0,5.0,5.0,5.0,5.0,5.0,5.0,5
YawOgI0Ha-c,,,,,,,,,,,,,,,,,,,,,,,,,,,,,,,,,,,,,,,,,,,,,,,,,,,,,,,,,,,0.0,0.0,0.0,0.0,0.0,0.0,0.0,0.0,0.0,0.0,0.0,0.0,0.0,0.0,0.0,0.0,0.0,0.0,0.0,0.0,0.0,0.0,0.0,0.0,0.0,0.0,0.0,0.0,0.0,0.0,0.0,0.0,0.0,0.0,0.0,0.0,0.0,0.0,0.0,0.0,0.0,0.0,0.0,0.0,0.0,0.0,0.0,0.0,0.0,0.0,0.0,0.0,0.0,0.0,0.0,0.0,0.0,0.0,0.0,0.0,0.0,0.0,0.0,0.0,0.0,0.0,0.0,0.0,0.0,0.0,0.0,0.0,0.0,0.0,0.0,0.0,0.0,0.0,0.0,0.0,0.0,0.0,0.0,0.0,0.0,0.0,0.0,0.0,0.0,0.0,0.0,0.0,0.0,0.0,0.0,0.0,0.0,0.0,0.0,0.0,0.0,0.0,0.0,0.0,0.0,0.0,0.0,0.0,0.0,0.0,0.0,0.0,0.0,0.0,0.0,0.0,0.0,0.0,0.0,0.0,0.0,0.0,0.0,0.0,0.0,0.0,0.0,0.0,0.0,0.0,0.0,0.0,0.0,0.0,0.0,0.0,0.0,0.0,0.0,0.0,0.0,0.0,0.0,0.0,0.0,0.0,0.0,0.0,0.0,0
AEpCP4mHIVM,,,,,,,,,,,,,,,,,,,,,,,,,,,,,,,,,,,,,,,,,,,,,,,,,,,,,,,,,,,0.0,0.0,0.0,0.0,0.0,0.0,0.0,0.0,0.0,0.0,0.0,0.0,0.0,0.0,0.0,0.0,0.0,0.0,0.0,0.0,0.0,0.0,0.0,0.0,0.0,0.0,0.0,0.0,0.0,0.0,0.0,0.0,0.0,0.0,0.0,0.0,0.0,0.0,0.0,0.0,0.0,0.0,0.0,0.0,0.0,0.0,0.0,0.0,0.0,0.0,0.0,0.0,0.0,0.0,0.0,0.0,0.0,0.0,0.0,0.0,0.0,0.0,0.0,0.0,0.0,0.0,0.0,0.0,0.0,0.0,0.0,0.0,0.0,0.0,0.0,0.0,0.0,0.0,0.0,0.0,0.0,0.0,0.0,0.0,0.0,0.0,0.0,0.0,0.0,0.0,0.0,0.0,0.0,0.0,0.0,0.0,0.0,0.0,0.0,0.0,0.0,0.0,0.0,0.0,0.0,0.0,0.0,0.0,0.0,0.0,0.0,0.0,0.0,0.0,0.0,0.0,0.0,0.0,0.0,0.0,0.0,0.0,0.0,0.0,0.0,0.0,0.0,0.0,0.0,0.0,0.0,0.0,0.0,0.0,0.0,0.0,0.0,0.0,0.0,0.0,0.0,0.0,0.0,0.0,0.0,0.0,0.0,0.0,0.0,0
VtudVe3Evlg,,,,,,,,,,,,,,,,,,,,,,,,,,,,,,,,,,,,,,,,,,,,,,,,,,,,,,,,,,,0.0,0.0,0.0,0.0,0.0,0.0,0.0,3.0,4.0,4.0,4.0,4.0,4.0,4.0,4.0,4.0,4.0,4.0,4.0,4.0,4.0,4.0,5.0,5.0,6.0,6.0,6.0,6.0,6.0,6.0,6.0,6.0,6.0,6.0,6.0,6.0,6.0,6.0,6.0,6.0,6.0,6.0,6.0,6.0,6.0,6.0,6.0,6.0,6.0,6.0,6.0,6.0,6.0,6.0,6.0,6.0,6.0,6.0,6.0,6.0,6.0,6.0,6.0,6.0,6.0,6.0,6.0,6.0,6.0,6.0,6.0,6.0,6.0,6.0,6.0,6.0,6.0,6.0,6.0,6.0,6.0,6.0,6.0,6.0,6.0,6.0,6.0,6.0,6.0,6.0,6.0,6.0,6.0,6.0,6.0,6.0,6.0,6.0,6.0,7.0,7.0,7.0,7.0,7.0,7.0,7.0,7.0,7.0,7.0,7.0,7.0,7.0,7.0,7.0,7.0,7.0,7.0,7.0,7.0,7.0,7.0,7.0,8.0,8.0,8.0,8.0,8.0,8.0,8.0,8.0,8.0,8.0,8.0,8.0,8.0,8.0,8.0,8.0,8.0,8.0,8.0,8.0,8.0,8.0,8.0,8.0,8.0,8.0,8.0,8
dnL8tAmkZaU,,,,,,,,,,,,,,,,,,,,,,,,,,,,,,,,,,,,,,,,,,,,,,,,,,,,,,,,,,,,2354.0,2680.0,2816.0,2886.0,2945.0,2976.0,3004.0,3021.0,3028.0,3033.0,3049.0,3065.0,3072.0,3077.0,3079.0,3085.0,3087.0,3088.0,3094.0,3098.0,3101.0,3104.0,3111.0,3117.0,3118.0,3120.0,3120.0,3122.0,3123.0,3123.0,3129.0,3132.0,3135.0,3136.0,3138.0,3139.0,3139.0,3142.0,3143.0,3145.0,3145.0,3145.0,3146.0,3154.0,3155.0,3155.0,3155.0,3156.0,3157.0,3160.0,3160.0,3164.0,3162.0,3163.0,3164.0,3165.0,3164.0,3164.0,3165.0,3165.0,3166.0,3168.0,3169.0,3172.0,3174.0,3176.0,3178.0,3172.0,3174.0,3175.0,3176.0,3175.0,3175.0,3181.0,3180.0,3180.0,3182.0,3182.0,3185.0,3186.0,3187.0,3189.0,3194.0,3194.0,3195.0,3195.0,3196.0,3197.0,3197.0,3198.0,3200.0,3202.0,3203.0,3203.0,3205.0,3206.0,3208.0,3208.0,3207.0,3207.0,3207.0,3209.0,3210.0,3210.0,3212.0,3216.0,3219.0,3219.0,3218.0,3218.0,3219.0,3220.0,3221.0,3224.0,3224.0,3223.0,3224.0,3222.0,3222.0,3223.0,3224.0,3224.0,3225.0,3225.0,3227.0,3228.0,3228.0,3227.0,3227.0,3228.0,3228.0,3230.0,3230.0,3231.0,3232.0,3236.0,3235.0,3234.0,3236.0,3235.0,3234.0,3234.0,3236.0,3236.0,3238.0,3239.0,3240.0,3240.0,3240
RR7JKnCvKV8,,,,,,,,,,,,,,,,,,,,,,,,,,,,,,,,,,,,,,,,,,,,,,,,,,,,,,,,,,,,,155.0,260.0,333.0,398.0,456.0,574.0,665.0,709.0,725.0,731.0,749.0,762.0,768.0,773.0,779.0,796.0,803.0,810.0,815.0,819.0,821.0,825.0,828.0,830.0,831.0,832.0,833.0,834.0,836.0,836.0,837.0,837.0,837.0,837.0,839.0,839.0,840.0,841.0,841.0,841.0,842.0,843.0,846.0,847.0,849.0,849.0,850.0,852.0,853.0,854.0,855.0,856.0,856.0,860.0,860.0,860.0,862.0,864.0,865.0,856.0,860.0,860.0,861.0,863.0,863.0,864.0,864.0,864.0,864.0,864.0,865.0,865.0,865.0,865.0,867.0,867.0,867.0,867.0,867.0,869.0,870.0,870.0,870.0,870.0,870.0,871.0,871.0,871.0,871.0,871.0,872.0,872.0,872.0,872.0,872.0,872.0,872.0,873.0,873.0,873.0,873.0,873.0,873.0,874.0,874.0,874.0,874.0,874.0,874.0,874.0,874.0,874.0,874.0,876.0,877.0,877.0,878.0,879.0,879.0,881.0,883.0,884.0,884.0,884.0,884.0,884.0,884.0,884.0,884.0,884.0,883.0,883.0,883.0,883.0,884.0,885.0,887.0,887.0,887.0,887.0,887.0,887.0,887.0,887.0,887.0,887.0,887.0,887
7nXd6qAFHRY,,,,,,,,,,,,,,,,,,,,,,,,,,,,,,,,,,,,,,,,,,,,,,,,,,,,,,,,,,,,,104.0,110.0,112.0,114.0,119.0,121.0,124.0,127.0,128.0,130.0,130.0,132.0,133.0,133.0,133.0,133.0,133.0,133.0,134.0,135.0,135.0,135.0,135.0,135.0,135.0,135.0,135.0,135.0,137.0,138.0,139.0,142.0,143.0,143.0,143.0,143.0,144.0,145.0,147.0,148.0,148.0,148.0,148.0,148.0,148.0,148.0,148.0,148.0,148.0,148.0,148.0,148.0,148.0,148.0,149.0,149.0,149.0,149.0,149.0,149.0,149.0,150.0,150.0,151.0,151.0,151.0,151.0,151.0,151.0,151.0,151.0,152.0,152.0,153.0,153.0,153.0,153.0,153.0,154.0,154.0,154.0,154.0,154.0,154.0,154.0,154.0,154.0,154.0,154.0,154.0,154.0,154.0,154.0,154.0,154.0,154.0,154.0,154.0,154.0,154.0,154.0,154.0,154.0,154.0,154.0,156.0,156.0,156.0,156.0,156.0,156.0,156.0,156.0,156.0,156.0,156.0,156.0,156.0,156.0,156.0,156.0,156.0,156.0,156.0,156.0,156.0,156.0,156.0,156.0,156.0,156.0,156.0,156.0,157.0,157.0,157.0,157.0,157.0,157.0,157.0,157.0,157.0,157.0,157.0,157.0,157.0,157.0,157
Qw0GfFo_Rxw,,,,,,,,,,,,,,,,,,,,,,,,,,,,,,,,,,,,,,,,,,,,,,,,,,,,,,,,,,,,,67.0,79.0,83.0,83.0,84.0,86.0,88.0,91.0,94.0,94.0,97.0,97.0,99.0,101.0,102.0,103.0,104.0,105.0,105.0,105.0,107.0,107.0,107.0,107.0,107.0,109.0,112.0,112.0,112.0,116.0,117.0,118.0,119.0,119.0,119.0,119.0,119.0,119.0,119.0,120.0,121.0,122.0,122.0,123.0,123.0,123.0,123.0,123.0,123.0,123.0,123.0,123.0,123.0,123.0,123.0,123.0,123.0,123.0,123.0,123.0,123.0,124.0,124.0,124.0,124.0,124.0,124.0,124.0,124.0,124.0,124.0,124.0,124.0,124.0,124.0,124.0,124.0,124.0,124.0,124.0,124.0,124.0,124.0,124.0,124.0,124.0,124.0,124.0,124.0,124.0,124.0,124.0,124.0,124.0,124.0,124.0,124.0,124.0,124.0,124.0,124.0,124.0,124.0,124.0,124.0,124.0,125.0,125.0,125.0,125.0,125.0,126.0,126.0,126.0,127.0,127.0,127.0,127.0,127.0,127.0,127.0,127.0,127.0,127.0,127.0,127.0,127.0,127.0,127.0,127.0,127.0,127.0,127.0,127.0,127.0,127.0,127.0,128.0,128.0,128.0,128.0,128.0,128.0,128.0,128.0,128.0,128.0,128
OGGGnYS_wZI,,,,,,,,,,,,,,,,,,,,,,,,,,,,,,,,,,,,,,,,,,,,,,,,,,,,,,,,,,,,,225.0,226.0,226.0,226.0,226.0,226.0,227.0,227.0,228.0,228.0,228.0,228.0,229.0,229.0,230.0,233.0,233.0,233.0,233.0,233.0,233.0,233.0,233.0,233.0,234.0,234.0,234.0,234.0,234.0,234.0,234.0,234.0,234.0,237.0,237.0,237.0,237.0,237.0,238.0,238.0,238.0,238.0,238.0,238.0,239.0,241.0,241.0,241.0,241.0,241.0,241.0,241.0,241.0,241.0,241.0,242.0,242.0,242.0,242.0,242.0,242.0,242.0,242.0,242.0,243.0,243.0,243.0,243.0,243.0,243.0,243.0,243.0,243.0,244.0,245.0,245.0,245.0,245.0,245.0,245.0,245.0,245.0,245.0,245.0,245.0,245.0,246.0,246.0,246.0,246.0,246.0,246.0,246.0,246.0,246.0,246.0,246.0,247.0,247.0,250.0,250.0,250.0,250.0,250.0,250.0,250.0,249.0,249.0,249.0,249.0,249.0,249.0,249.0,249.0,248.0,248.0,248.0,249.0,249.0,249.0,249.0,249.0,249.0,249.0,249.0,249.0,249.0,249.0,249.0,249.0,249.0,249.0,249.0,249.0,249.0,249.0,249.0,249.0,249.0,250.0,250.0,250.0,250.0,250.0,250.0,250.0,250.0,250
wO3A4sgFVKk,,,,,,,,,,,,,,,,,,,,,,,,,,,,,,,,,,,,,,,,,,,,,,,,,,,,,,,,,,,,,204.0,206.0,206.0,207.0,208.0,209.0,210.0,210.0,213.0,215.0,216.0,217.0,217.0,217.0,218.0,219.0,221.0,222.0,223.0,224.0,226.0,226.0,226.0,226.0,229.0,229.0,230.0,231.0,231.0,232.0,232.0,232.0,233.0,233.0,233.0,233.0,233.0,233.0,234.0,235.0,235.0,236.0,236.0,237.0,239.0,239.0,240.0,242.0,242.0,242.0,243.0,244.0,245.0,245.0,245.0,246.0,246.0,247.0,248.0,248.0,248.0,248.0,248.0,248.0,248.0,248.0,248.0,248.0,248.0,248.0,249.0,249.0,249.0,249.0,248.0,248.0,248.0,248.0,248.0,248.0,248.0,248.0,248.0,248.0,249.0,250.0,250.0,250.0,250.0,250.0,251.0,251.0,251.0,251.0,251.0,251.0,251.0,251.0,251.0,252.0,254.0,254.0,254.0,254.0,255.0,255.0,255.0,256.0,257.0,257.0,258.0,258.0,258.0,258.0,257.0,257.0,257.0,258.0,258.0,255.0,255.0,255.0,255.0,255.0,255.0,255.0,255.0,255.0,255.0,255.0,255.0,255.0,255.0,255.0,255.0,255.0,255.0,255.0,255.0,255.0,255.0,255.0,255.0,255.0,255.0,255.0,255.0,255
xSx4g9c4yZU,,,,,,,,,,,,,,,,,,,,,,,,,,,,,,,,,,,,,,,,,,,,,,,,,,,,,,,,,,,,,,4.0,4.0,4.0,4.0,4.0,4.0,4.0,4.0,4.0,4.0,4.0,4.0,4.0,4.0,4.0,4.0,4.0,4.0,4.0,4.0,4.0,4.0,4.0,4.0,4.0,4.0,4.0,4.0,4.0,4.0,4.0,4.0,4.0,4.0,5.0,5.0,5.0,5.0,5.0,5.0,5.0,5.0,6.0,6.0,6.0,6.0,6.0,6.0,6.0,6.0,6.0,6.0,6.0,6.0,6.0,6.0,6.0,6.0,6.0,6.0,6.0,6.0,6.0,6.0,6.0,6.0,6.0,6.0,6.0,6.0,6.0,6.0,6.0,6.0,6.0,6.0,6.0,6.0,6.0,6.0,6.0,6.0,6.0,6.0,6.0,6.0,6.0,6.0,6.0,6.0,6.0,6.0,6.0,6.0,6.0,6.0,6.0,6.0,6.0,6.0,6.0,6.0,6.0,6.0,6.0,6.0,6.0,6.0,6.0,6.0,6.0,6.0,6.0,6.0,6.0,6.0,6.0,6.0,6.0,6.0,6.0,6.0,6.0,6.0,6.0,6.0,6.0,6.0,6.0,6.0,6.0,6.0,6.0,6.0,6.0,6.0,6.0,6.0,6.0,6.0,6.0,6.0,6.0,6.0,6.0,6.0,6
VseIEV6xl1c,,,,,,,,,,,,,,,,,,,,,,,,,,,,,,,,,,,,,,,,,,,,,,,,,,,,,,,,,,,,,,2.0,2.0,2.0,2.0,2.0,2.0,2.0,2.0,2.0,2.0,2.0,2.0,2.0,2.0,2.0,2.0,2.0,2.0,2.0,2.0,2.0,2.0,2.0,2.0,2.0,2.0,2.0,2.0,2.0,2.0,2.0,2.0,2.0,2.0,2.0,2.0,2.0,2.0,2.0,2.0,2.0,2.0,2.0,2.0,2.0,2.0,2.0,2.0,2.0,2.0,2.0,2.0,2.0,2.0,2.0,2.0,2.0,2.0,2.0,2.0,2.0,2.0,2.0,2.0,2.0,2.0,2.0,2.0,2.0,2.0,2.0,2.0,2.0,2.0,2.0,2.0,2.0,2.0,2.0,2.0,2.0,2.0,2.0,2.0,2.0,2.0,2.0,2.0,2.0,2.0,2.0,2.0,2.0,2.0,2.0,2.0,2.0,2.0,2.0,2.0,2.0,2.0,2.0,2.0,2.0,2.0,2.0,2.0,2.0,2.0,2.0,2.0,2.0,2.0,2.0,2.0,2.0,2.0,2.0,2.0,2.0,2.0,2.0,2.0,2.0,2.0,2.0,2.0,2.0,2.0,2.0,2.0,2.0,2.0,2.0,2.0,2.0,2.0,2.0,2.0,2.0,2.0,2.0,2.0,2.0,2.0,2
qDpEcO1hlZE,,,,,,,,,,,,,,,,,,,,,,,,,,,,,,,,,,,,,,,,,,,,,,,,,,,,,,,,,,,,,,906.0,907.0,908.0,908.0,909.0,909.0,911.0,911.0,916.0,917.0,916.0,916.0,917.0,920.0,920.0,920.0,921.0,921.0,921.0,923.0,925.0,927.0,929.0,931.0,932.0,931.0,931.0,932.0,934.0,934.0,940.0,942.0,942.0,942.0,943.0,943.0,942.0,943.0,943.0,946.0,947.0,948.0,950.0,952.0,952.0,952.0,952.0,954.0,954.0,955.0,963.0,965.0,966.0,966.0,966.0,966.0,966.0,966.0,966.0,959.0,958.0,959.0,959.0,960.0,962.0,964.0,964.0,964.0,964.0,964.0,965.0,966.0,967.0,967.0,968.0,968.0,968.0,971.0,971.0,972.0,971.0,971.0,974.0,975.0,977.0,978.0,981.0,983.0,984.0,984.0,984.0,984.0,985.0,986.0,987.0,987.0,987.0,987.0,988.0,988.0,988.0,1007.0,1009.0,1011.0,1011.0,1011.0,1011.0,1012.0,1012.0,1012.0,1012.0,1012.0,1014.0,1014.0,1015.0,1016.0,1016.0,1018.0,1017.0,1017.0,1017.0,1017.0,1017.0,1017.0,1017.0,1017.0,1017.0,1017.0,1017.0,1016.0,1016.0,1017.0,1019.0,1019.0,1022.0,1022.0,1022.0,1022.0,1024.0,1022.0,1022.0,1022.0,1023.0,1023.0,1024.0,1024.0,1023
pAgRuO6h7OE,,,,,,,,,,,,,,,,,,,,,,,,,,,,,,,,,,,,,,,,,,,,,,,,,,,,,,,,,,,,,,12857.0,12859.0,12859.0,12860.0,12869.0,12871.0,12875.0,12879.0,12883.0,12898.0,12907.0,12909.0,12909.0,12912.0,12913.0,12913.0,12914.0,12915.0,12914.0,12915.0,12915.0,12915.0,12916.0,12916.0,12917.0,12917.0,12918.0,12918.0,12919.0,12919.0,12919.0,12919.0,12919.0,12920.0,12920.0,12921.0,12922.0,12925.0,12925.0,12926.0,12926.0,12927.0,12927.0,12927.0,12928.0,12928.0,12929.0,12929.0,12928.0,12929.0,12930.0,12930.0,12928.0,12929.0,12929.0,12930.0,12930.0,12930.0,12930.0,12931.0,12930.0,12930.0,12930.0,12931.0,12931.0,12932.0,12932.0,12931.0,12931.0,12933.0,12933.0,12933.0,12934.0,12934.0,12934.0,12934.0,12929.0,12930.0,12931.0,12930.0,12930.0,12930.0,12931.0,12931.0,12930.0,12919.0,12919.0,12919.0,12919.0,12919.0,12919.0,12918.0,12918.0,12918.0,12918.0,12918.0,12918.0,12918.0,12917.0,12917.0,12917.0,12917.0,12917.0,12916.0,12916.0,12916.0,12916.0,12916.0,12916.0,12916.0,12915.0,12915.0,12914.0,12914.0,12912.0,12912.0,12912.0,12912.0,12911.0,12911.0,12911.0,12912.0,12912.0,12912.0,12913.0,12913.0,12912.0,12912.0,12912.0,12912.0,12911.0,12912.0,12913.0,12913.0,12913.0,12913.0,12913.0,12913.0,12913.0,12914.0,12913.0,12914.0,12914.0,12914.0,12914.0,12914.0,12915
4quKTg17A94,,,,,,,,,,,,,,,,,,,,,,,,,,,,,,,,,,,,,,,,,,,,,,,,,,,,,,,,,,,,,,1331.0,1344.0,1349.0,1355.0,1359.0,1364.0,1368.0,1371.0,1377.0,1379.0,1382.0,1388.0,1388.0,1399.0,1403.0,1411.0,1415.0,1428.0,1435.0,1438.0,1451.0,1455.0,1463.0,1473.0,1482.0,1484.0,1488.0,1491.0,1495.0,1497.0,1499.0,1500.0,1502.0,1505.0,1508.0,1510.0,1512.0,1516.0,1518.0,1521.0,1524.0,1525.0,1526.0,1526.0,1526.0,1526.0,1527.0,1527.0,1526.0,1527.0,1528.0,1531.0,1532.0,1532.0,1534.0,1537.0,1539.0,1542.0,1541.0,1544.0,1545.0,1548.0,1552.0,1557.0,1561.0,1565.0,1566.0,1567.0,1568.0,1570.0,1570.0,1569.0,1573.0,1576.0,1584.0,1585.0,1585.0,1589.0,1592.0,1596.0,1596.0,1600.0,1601.0,1601.0,1603.0,1605.0,1605.0,1606.0,1607.0,1609.0,1610.0,1610.0,1611.0,1611.0,1611.0,1611.0,1612.0,1613.0,1613.0,1615.0,1617.0,1620.0,1622.0,1622.0,1622.0,1623.0,1625.0,1627.0,1637.0,1638.0,1640.0,1640.0,1644.0,1650.0,1652.0,1652.0,1654.0,1654.0,1654.0,1654.0,1656.0,1662.0,1662.0,1662.0,1668.0,1669.0,1671.0,1671.0,1672.0,1673.0,1673.0,1674.0,1674.0,1674.0,1673.0,1673.0,1673.0,1673.0,1673.0,1676.0,1677.0,1677.0,1678.0,1679.0,1679.0,1680.0,1681
obqsSgY4oU8,,,,,,,,,,,,,,,,,,,,,,,,,,,,,,,,,,,,,,,,,,,,,,,,,,,,,,,,,,,,,,2625.0,2626.0,2647.0,2652.0,2658.0,2661.0,2667.0,2670.0,2676.0,2680.0,2688.0,2690.0,2695.0,2700.0,2701.0,2706.0,2708.0,2709.0,2709.0,2709.0,2711.0,2714.0,2715.0,2716.0,2716.0,2716.0,2717.0,2716.0,2719.0,2720.0,2721.0,2724.0,2724.0,2724.0,2728.0,2730.0,2732.0,2733.0,2736.0,2739.0,2741.0,2742.0,2745.0,2745.0,2746.0,2748.0,2747.0,2747.0,2751.0,2752.0,2755.0,2755.0,2751.0,2752.0,2753.0,2757.0,2758.0,2760.0,2760.0,2760.0,2680.0,2684.0,2684.0,2685.0,2686.0,2686.0,2686.0,2687.0,2683.0,2683.0,2682.0,2684.0,2684.0,2685.0,2685.0,2685.0,2684.0,2684.0,2689.0,2689.0,2694.0,2696.0,2698.0,2699.0,2698.0,2700.0,2700.0,2700.0,2701.0,2702.0,2704.0,2706.0,2706.0,2707.0,2707.0,2707.0,2707.0,2707.0,2708.0,2708.0,2711.0,2711.0,2711.0,2711.0,2711.0,2711.0,2713.0,2714.0,2715.0,2713.0,2712.0,2712.0,2713.0,2714.0,2715.0,2715.0,2715.0,2714.0,2714.0,2714.0,2714.0,2714.0,2714.0,2715.0,2715.0,2715.0,2716.0,2716.0,2717.0,2716.0,2716.0,2716.0,2716.0,2718.0,2717.0,2720.0,2719.0,2719.0,2722.0,2722.0,2724.0,2724.0,2723.0,2723.0,2723.0,2723.0,2723
1dhp-wdsyGY,,,,,,,,,,,,,,,,,,,,,,,,,,,,,,,,,,,,,,,,,,,,,,,,,,,,,,,,,,,,,,18.0,18.0,18.0,18.0,18.0,18.0,18.0,18.0,18.0,18.0,18.0,18.0,18.0,18.0,18.0,18.0,18.0,18.0,18.0,18.0,18.0,18.0,18.0,18.0,18.0,18.0,18.0,18.0,18.0,18.0,18.0,19.0,19.0,19.0,19.0,19.0,19.0,19.0,19.0,19.0,19.0,19.0,19.0,19.0,19.0,19.0,19.0,19.0,19.0,19.0,19.0,19.0,19.0,19.0,19.0,19.0,19.0,19.0,19.0,19.0,19.0,19.0,19.0,19.0,19.0,19.0,19.0,19.0,19.0,19.0,19.0,19.0,19.0,19.0,19.0,19.0,19.0,19.0,19.0,19.0,19.0,19.0,19.0,19.0,19.0,19.0,19.0,19.0,19.0,19.0,19.0,19.0,19.0,19.0,19.0,19.0,19.0,19.0,19.0,19.0,19.0,19.0,19.0,19.0,19.0,19.0,19.0,19.0,19.0,19.0,19.0,19.0,19.0,19.0,19.0,19.0,19.0,19.0,19.0,19.0,19.0,19.0,19.0,19.0,19.0,19.0,19.0,19.0,19.0,19.0,19.0,19.0,19.0,19.0,19.0,19.0,19.0,19.0,19.0,19.0,19.0,19.0,19.0,19.0,19.0,19.0,19
pe3EWBY7SIc,,,,,,,,,,,,,,,,,,,,,,,,,,,,,,,,,,,,,,,,,,,,,,,,,,,,,,,,,,,,,,2690.0,5108.0,6301.0,7001.0,7351.0,7603.0,7894.0,8015.0,8108.0,8189.0,8261.0,8324.0,8385.0,8477.0,8529.0,8589.0,8634.0,8674.0,8705.0,8764.0,8807.0,8842.0,8883.0,8919.0,8954.0,8982.0,9012.0,9036.0,9061.0,9086.0,9098.0,9114.0,9137.0,9158.0,9176.0,9180.0,9194.0,9198.0,9203.0,9211.0,9217.0,9222.0,9231.0,9236.0,9248.0,9262.0,9269.0,9279.0,9287.0,9289.0,9293.0,9295.0,9300.0,9309.0,9313.0,9325.0,9335.0,9337.0,9341.0,9342.0,9340.0,9345.0,9346.0,9346.0,9352.0,9360.0,9364.0,9368.0,9373.0,9379.0,9386.0,9388.0,9390.0,9395.0,9401.0,9408.0,9413.0,9423.0,9427.0,9437.0,9443.0,9452.0,9459.0,9468.0,9470.0,9475.0,9481.0,9492.0,9498.0,9510.0,9514.0,9519.0,9524.0,9529.0,9532.0,9537.0,9542.0,9551.0,9554.0,9557.0,9564.0,9568.0,9568.0,9582.0,9587.0,9593.0,9598.0,9609.0,9620.0,9630.0,9632.0,9633.0,9640.0,9644.0,9646.0,9648.0,9657.0,9667.0,9668.0,9676.0,9679.0,9697.0,9696.0,9697.0,9700.0,9706.0,9708.0,9710.0,9712.0,9711.0,9714.0,9721.0,9720.0,9720.0,9718.0,9728.0,9738.0,9742.0,9745.0,9749.0,9757.0,9757.0,9768.0,9770.0,9773.0,9775.0,9775
cQESe4Jc0rE,,,,,,,,,,,,,,,,,,,,,,,,,,,,,,,,,,,,,,,,,,,,,,,,,,,,,,,,,,,,,,823.0,1198.0,1333.0,1422.0,1523.0,1584.0,1647.0,1685.0,1722.0,1746.0,1781.0,1803.0,1823.0,1854.0,1875.0,1899.0,1911.0,1926.0,1936.0,1953.0,1964.0,1978.0,1991.0,2005.0,2012.0,2022.0,2031.0,2035.0,2043.0,2048.0,2052.0,2058.0,2064.0,2072.0,2076.0,2080.0,2084.0,2087.0,2100.0,2105.0,2108.0,2118.0,2121.0,2123.0,2123.0,2126.0,2128.0,2134.0,2136.0,2140.0,2144.0,2145.0,2148.0,2150.0,2157.0,2162.0,2169.0,2170.0,2168.0,2168.0,2176.0,2179.0,2181.0,2188.0,2189.0,2193.0,2196.0,2196.0,2199.0,2200.0,2203.0,2207.0,2209.0,2211.0,2212.0,2214.0,2216.0,2218.0,2218.0,2221.0,2224.0,2224.0,2224.0,2227.0,2228.0,2232.0,2233.0,2236.0,2239.0,2239.0,2240.0,2240.0,2244.0,2245.0,2247.0,2249.0,2253.0,2254.0,2254.0,2258.0,2261.0,2263.0,2264.0,2268.0,2270.0,2272.0,2275.0,2276.0,2276.0,2276.0,2276.0,2276.0,2276.0,2277.0,2277.0,2277.0,2277.0,2277.0,2277.0,2277.0,2277.0,2277.0,2278.0,2279.0,2279.0,2280.0,2279.0,2279.0,2279.0,2279.0,2279.0,2279.0,2279.0,2279.0,2279.0,2280.0,2280.0,2280.0,2280.0,2280.0,2280.0,2278.0,2278.0,2278.0,2278.0,2278.0,2278
w7oZ9zoBemM,,,,,,,,,,,,,,,,,,,,,,,,,,,,,,,,,,,,,,,,,,,,,,,,,,,,,,,,,,,,,,2287.0,2294.0,2298.0,2305.0,2309.0,2309.0,2316.0,2319.0,2322.0,2333.0,2337.0,2347.0,2351.0,2355.0,2366.0,2368.0,2372.0,2374.0,2376.0,2375.0,2379.0,2382.0,2386.0,2385.0,2385.0,2390.0,2393.0,2396.0,2398.0,2402.0,2400.0,2402.0,2406.0,2412.0,2417.0,2417.0,2421.0,2421.0,2420.0,2421.0,2422.0,2422.0,2423.0,2423.0,2425.0,2429.0,2428.0,2430.0,2435.0,2429.0,2430.0,2431.0,2434.0,2435.0,2437.0,2437.0,2439.0,2441.0,2443.0,2444.0,2444.0,2446.0,2446.0,2447.0,2447.0,2445.0,2445.0,2445.0,2446.0,2448.0,2449.0,2436.0,2436.0,2436.0,2438.0,2442.0,2445.0,2445.0,2446.0,2447.0,2450.0,2449.0,2452.0,2452.0,2452.0,2452.0,2452.0,2454.0,2454.0,2455.0,2456.0,2455.0,2455.0,2455.0,2454.0,2454.0,2455.0,2454.0,2455.0,2455.0,2458.0,2460.0,2461.0,2461.0,2461.0,2461.0,2461.0,2432.0,2432.0,2431.0,2433.0,2433.0,2433.0,2433.0,2432.0,2432.0,2432.0,2432.0,2430.0,2431.0,2432.0,2432.0,2433.0,2434.0,2434.0,2434.0,2435.0,2435.0,2435.0,2435.0,2437.0,2438.0,2439.0,2439.0,2439.0,2440.0,2440.0,2439.0,2439.0,2441.0,2440.0,2440.0,2441.0,2441.0,2441.0,2439.0,2440
VMJZi579yRA,,,,,,,,,,,,,,,,,,,,,,,,,,,,,,,,,,,,,,,,,,,,,,,,,,,,,,,,,,,,,,8103.0,8207.0,8274.0,8313.0,8348.0,8348.0,8349.0,8350.0,8350.0,8350.0,8350.0,8351.0,8351.0,8350.0,8350.0,8350.0,8350.0,8350.0,8351.0,8351.0,8351.0,8351.0,8351.0,8351.0,8351.0,8351.0,8351.0,8351.0,8350.0,8350.0,8350.0,8348.0,8348.0,8348.0,8348.0,8348.0,8346.0,8346.0,8346.0,8344.0,8343.0,8343.0,8343.0,8343.0,8341.0,8341.0,8343.0,8344.0,8344.0,8344.0,8344.0,8344.0,8344.0,8344.0,8344.0,8344.0,8344.0,8342.0,8342.0,8341.0,8342.0,8341.0,8329.0,8328.0,8328.0,8328.0,8328.0,8328.0,8328.0,8329.0,8329.0,8328.0,8325.0,8325.0,8325.0,8324.0,8325.0,8325.0,8325.0,8319.0,8319.0,8318.0,8318.0,8317.0,8317.0,8319.0,8319.0,8319.0,8319.0,8319.0,8319.0,8319.0,8318.0,8316.0,8316.0,8316.0,8316.0,8316.0,8313.0,8313.0,8313.0,8312.0,8310.0,8311.0,8311.0,8310.0,8310.0,8310.0,8310.0,8310.0,8311.0,8311.0,8311.0,8311.0,8311.0,8310.0,8310.0,8310.0,8309.0,8309.0,8309.0,8309.0,8309.0,8309.0,8309.0,8309.0,8309.0,8308.0,8307.0,8307.0,8306.0,8306.0,8306.0,8306.0,8306.0,8306.0,8306.0,8306.0,8306.0,8306.0,8306.0,8306.0,8306.0,8307.0,8307.0,8306.0,8306
j-KceXc9xYE,,,,,,,,,,,,,,,,,,,,,,,,,,,,,,,,,,,,,,,,,,,,,,,,,,,,,,,,,,,,,,424.0,423.0,423.0,424.0,424.0,424.0,424.0,424.0,424.0,425.0,425.0,425.0,425.0,425.0,426.0,426.0,427.0,427.0,428.0,428.0,429.0,429.0,429.0,429.0,429.0,430.0,430.0,431.0,431.0,431.0,431.0,432.0,430.0,430.0,430.0,430.0,430.0,430.0,428.0,428.0,428.0,428.0,428.0,428.0,429.0,429.0,429.0,430.0,430.0,430.0,430.0,430.0,430.0,430.0,430.0,430.0,430.0,431.0,431.0,431.0,431.0,431.0,431.0,431.0,431.0,431.0,431.0,432.0,432.0,432.0,432.0,432.0,432.0,432.0,435.0,435.0,436.0,436.0,436.0,436.0,436.0,436.0,436.0,436.0,436.0,436.0,437.0,437.0,437.0,437.0,438.0,438.0,439.0,440.0,440.0,440.0,440.0,440.0,440.0,440.0,440.0,441.0,441.0,441.0,441.0,441.0,441.0,441.0,441.0,441.0,440.0,440.0,440.0,440.0,440.0,440.0,440.0,441.0,441.0,441.0,441.0,441.0,441.0,441.0,441.0,441.0,441.0,441.0,441.0,441.0,441.0,441.0,444.0,444.0,444.0,444.0,444.0,444.0,444.0,446.0,446.0,446.0,446.0,446.0,446.0,446.0,446
C-6VN7S6QDc,,,,,,,,,,,,,,,,,,,,,,,,,,,,,,,,,,,,,,,,,,,,,,,,,,,,,,,,,,,,,,0.0,0.0,0.0,0.0,0.0,0.0,0.0,0.0,0.0,0.0,0.0,0.0,0.0,0.0,0.0,0.0,0.0,0.0,0.0,0.0,0.0,0.0,0.0,0.0,0.0,0.0,0.0,0.0,0.0,0.0,0.0,0.0,0.0,0.0,0.0,0.0,0.0,0.0,0.0,0.0,0.0,0.0,0.0,0.0,0.0,0.0,0.0,0.0,0.0,0.0,0.0,0.0,0.0,0.0,0.0,0.0,0.0,0.0,0.0,0.0,0.0,0.0,0.0,0.0,0.0,0.0,0.0,0.0,0.0,0.0,0.0,0.0,0.0,0.0,0.0,0.0,0.0,0.0,0.0,0.0,0.0,0.0,0.0,0.0,0.0,0.0,0.0,0.0,0.0,0.0,0.0,0.0,0.0,0.0,0.0,0.0,0.0,0.0,0.0,0.0,0.0,0.0,0.0,0.0,0.0,0.0,0.0,0.0,0.0,0.0,0.0,0.0,0.0,0.0,0.0,0.0,0.0,0.0,0.0,0.0,0.0,0.0,0.0,0.0,0.0,0.0,0.0,0.0,0.0,0.0,0.0,0.0,0.0,0.0,0.0,0.0,0.0,0.0,0.0,0.0,0.0,0.0,0.0,0.0,0.0,0.0,0
--O5u5ln6-8,,,,,,,,,,,,,,,,,,,,,,,,,,,,,,,,,,,,,,,,,,,,,,,,,,,,,,,,,,,,,,222.0,223.0,223.0,223.0,223.0,223.0,223.0,225.0,226.0,227.0,227.0,227.0,227.0,227.0,227.0,228.0,228.0,230.0,231.0,231.0,231.0,231.0,231.0,231.0,231.0,231.0,231.0,231.0,231.0,232.0,231.0,232.0,232.0,231.0,231.0,232.0,234.0,233.0,233.0,233.0,233.0,233.0,233.0,233.0,233.0,233.0,233.0,233.0,233.0,233.0,235.0,235.0,235.0,235.0,235.0,236.0,237.0,238.0,238.0,238.0,240.0,240.0,241.0,241.0,241.0,242.0,242.0,242.0,242.0,242.0,242.0,242.0,242.0,242.0,242.0,242.0,242.0,242.0,242.0,242.0,242.0,242.0,243.0,243.0,243.0,243.0,243.0,243.0,243.0,244.0,244.0,245.0,246.0,246.0,247.0,248.0,248.0,248.0,248.0,248.0,248.0,248.0,248.0,248.0,248.0,248.0,248.0,248.0,248.0,249.0,249.0,249.0,249.0,249.0,249.0,249.0,249.0,249.0,249.0,249.0,249.0,249.0,249.0,249.0,249.0,249.0,249.0,249.0,251.0,250.0,251.0,251.0,251.0,251.0,251.0,251.0,251.0,251.0,251.0,252.0,252.0,252.0,252.0,252.0,252.0,252.0,252
oz25mlh1OS0,,,,,,,,,,,,,,,,,,,,,,,,,,,,,,,,,,,,,,,,,,,,,,,,,,,,,,,,,,,,,,85.0,85.0,86.0,86.0,86.0,86.0,86.0,86.0,86.0,86.0,86.0,87.0,89.0,89.0,89.0,89.0,89.0,89.0,89.0,90.0,90.0,90.0,98.0,98.0,102.0,102.0,102.0,102.0,102.0,102.0,102.0,102.0,102.0,102.0,102.0,102.0,102.0,102.0,102.0,102.0,102.0,102.0,102.0,102.0,102.0,102.0,102.0,102.0,102.0,102.0,102.0,102.0,102.0,102.0,102.0,103.0,103.0,103.0,103.0,103.0,103.0,103.0,103.0,103.0,103.0,103.0,103.0,103.0,103.0,103.0,103.0,103.0,103.0,103.0,103.0,103.0,102.0,102.0,102.0,102.0,102.0,102.0,102.0,102.0,102.0,102.0,102.0,102.0,102.0,102.0,102.0,102.0,102.0,102.0,102.0,102.0,102.0,102.0,101.0,101.0,101.0,101.0,101.0,101.0,102.0,102.0,102.0,102.0,102.0,102.0,102.0,102.0,102.0,102.0,102.0,102.0,102.0,102.0,102.0,102.0,102.0,102.0,102.0,102.0,102.0,102.0,102.0,102.0,102.0,102.0,102.0,102.0,102.0,102.0,102.0,102.0,102.0,102.0,102.0,102.0,102.0,102.0,102.0,103.0,103.0,103.0,103
i_05y4X_yF0,,,,,,,,,,,,,,,,,,,,,,,,,,,,,,,,,,,,,,,,,,,,,,,,,,,,,,,,,,,,,,344.0,344.0,344.0,344.0,344.0,344.0,344.0,344.0,344.0,345.0,345.0,346.0,346.0,350.0,351.0,352.0,353.0,356.0,359.0,364.0,370.0,372.0,376.0,379.0,380.0,380.0,381.0,381.0,381.0,381.0,381.0,381.0,381.0,382.0,384.0,385.0,387.0,387.0,390.0,393.0,394.0,395.0,395.0,396.0,396.0,398.0,399.0,401.0,406.0,411.0,411.0,416.0,419.0,420.0,425.0,428.0,429.0,431.0,431.0,434.0,434.0,435.0,436.0,437.0,440.0,444.0,445.0,446.0,447.0,448.0,448.0,448.0,448.0,449.0,450.0,450.0,441.0,442.0,444.0,444.0,445.0,445.0,447.0,449.0,450.0,453.0,453.0,456.0,457.0,458.0,458.0,458.0,458.0,458.0,458.0,458.0,459.0,460.0,461.0,461.0,462.0,467.0,468.0,468.0,468.0,470.0,470.0,471.0,472.0,475.0,476.0,476.0,478.0,480.0,480.0,482.0,482.0,482.0,483.0,483.0,484.0,484.0,485.0,485.0,485.0,485.0,485.0,485.0,485.0,485.0,485.0,485.0,486.0,486.0,486.0,487.0,487.0,487.0,487.0,487.0,487.0,487.0,486.0,486.0,486.0,487.0,487
SERjkTtiKe8,,,,,,,,,,,,,,,,,,,,,,,,,,,,,,,,,,,,,,,,,,,,,,,,,,,,,,,,,,,,,,129.0,128.0,128.0,128.0,128.0,128.0,129.0,129.0,129.0,129.0,129.0,129.0,129.0,129.0,129.0,129.0,129.0,129.0,129.0,129.0,129.0,129.0,129.0,129.0,129.0,129.0,129.0,129.0,129.0,129.0,129.0,129.0,129.0,129.0,129.0,129.0,129.0,129.0,129.0,129.0,129.0,129.0,129.0,129.0,129.0,129.0,129.0,129.0,129.0,129.0,129.0,129.0,129.0,129.0,129.0,129.0,129.0,129.0,129.0,129.0,129.0,132.0,132.0,132.0,132.0,132.0,132.0,132.0,132.0,132.0,132.0,132.0,132.0,132.0,132.0,132.0,132.0,132.0,132.0,132.0,132.0,132.0,132.0,132.0,132.0,132.0,132.0,132.0,132.0,132.0,132.0,132.0,132.0,132.0,132.0,132.0,132.0,133.0,133.0,133.0,133.0,133.0,133.0,133.0,133.0,133.0,133.0,133.0,133.0,133.0,133.0,133.0,133.0,133.0,133.0,133.0,133.0,133.0,133.0,133.0,133.0,133.0,133.0,133.0,133.0,133.0,133.0,133.0,133.0,133.0,133.0,133.0,133.0,133.0,133.0,133.0,133.0,133.0,133.0,133.0,133.0,133.0,133.0,133.0,133.0,133.0,133
bIuQqKZge7c,,,,,,,,,,,,,,,,,,,,,,,,,,,,,,,,,,,,,,,,,,,,,,,,,,,,,,,,,,,,,,19.0,19.0,19.0,19.0,19.0,19.0,19.0,19.0,19.0,19.0,19.0,19.0,19.0,19.0,19.0,19.0,19.0,19.0,19.0,19.0,19.0,19.0,19.0,19.0,19.0,19.0,19.0,19.0,19.0,19.0,19.0,19.0,19.0,19.0,19.0,19.0,19.0,19.0,19.0,19.0,19.0,19.0,19.0,19.0,19.0,19.0,19.0,20.0,20.0,20.0,20.0,20.0,20.0,20.0,20.0,20.0,20.0,20.0,20.0,20.0,20.0,20.0,20.0,20.0,20.0,20.0,20.0,20.0,20.0,20.0,20.0,20.0,20.0,20.0,20.0,20.0,20.0,20.0,20.0,20.0,20.0,20.0,20.0,20.0,21.0,21.0,21.0,21.0,21.0,21.0,21.0,21.0,21.0,21.0,21.0,21.0,21.0,21.0,21.0,21.0,21.0,21.0,21.0,21.0,21.0,21.0,21.0,21.0,21.0,21.0,21.0,21.0,21.0,21.0,21.0,21.0,21.0,21.0,21.0,21.0,21.0,21.0,21.0,21.0,21.0,21.0,21.0,21.0,21.0,21.0,21.0,21.0,21.0,21.0,21.0,21.0,21.0,21.0,21.0,22.0,22.0,22.0,22.0,22.0,22.0,22.0,22
j-lMql36j8c,,,,,,,,,,,,,,,,,,,,,,,,,,,,,,,,,,,,,,,,,,,,,,,,,,,,,,,,,,,,,,200.0,200.0,200.0,200.0,200.0,200.0,200.0,200.0,200.0,200.0,200.0,200.0,199.0,199.0,199.0,199.0,199.0,199.0,199.0,199.0,199.0,199.0,199.0,199.0,199.0,199.0,199.0,199.0,199.0,199.0,199.0,199.0,199.0,199.0,199.0,199.0,200.0,200.0,200.0,200.0,202.0,202.0,202.0,202.0,202.0,202.0,202.0,202.0,202.0,202.0,202.0,202.0,202.0,202.0,202.0,202.0,202.0,202.0,203.0,203.0,203.0,203.0,203.0,203.0,203.0,203.0,203.0,203.0,203.0,203.0,203.0,203.0,203.0,203.0,203.0,203.0,203.0,203.0,203.0,203.0,203.0,203.0,203.0,203.0,203.0,203.0,203.0,203.0,203.0,203.0,203.0,204.0,204.0,204.0,204.0,204.0,204.0,204.0,204.0,204.0,204.0,204.0,204.0,204.0,204.0,204.0,204.0,204.0,204.0,204.0,204.0,204.0,204.0,204.0,204.0,204.0,204.0,204.0,204.0,204.0,204.0,204.0,204.0,204.0,203.0,203.0,203.0,203.0,203.0,203.0,203.0,203.0,203.0,203.0,203.0,203.0,203.0,203.0,203.0,203.0,203.0,203.0,203.0,203.0,202.0,202.0,201
_zHsVAmk3kI,,,,,,,,,,,,,,,,,,,,,,,,,,,,,,,,,,,,,,,,,,,,,,,,,,,,,,,,,,,,,,0.0,0.0,0.0,0.0,0.0,0.0,0.0,0.0,0.0,0.0,0.0,0.0,0.0,0.0,0.0,0.0,0.0,0.0,0.0,0.0,0.0,0.0,0.0,0.0,0.0,0.0,0.0,0.0,0.0,0.0,0.0,0.0,0.0,0.0,0.0,0.0,0.0,0.0,0.0,0.0,0.0,0.0,0.0,0.0,0.0,0.0,0.0,0.0,0.0,0.0,0.0,0.0,0.0,0.0,0.0,0.0,0.0,0.0,0.0,0.0,0.0,0.0,0.0,0.0,0.0,0.0,0.0,0.0,0.0,0.0,0.0,0.0,0.0,0.0,0.0,0.0,0.0,0.0,0.0,0.0,0.0,0.0,0.0,0.0,0.0,0.0,0.0,0.0,0.0,0.0,0.0,0.0,0.0,0.0,0.0,0.0,0.0,0.0,0.0,0.0,0.0,0.0,0.0,0.0,0.0,0.0,0.0,0.0,0.0,0.0,0.0,0.0,0.0,0.0,0.0,0.0,0.0,0.0,0.0,0.0,0.0,0.0,0.0,0.0,0.0,0.0,0.0,0.0,0.0,0.0,0.0,0.0,0.0,0.0,0.0,0.0,0.0,0.0,0.0,0.0,0.0,0.0,0.0,0.0,0.0,0.0,0
zmAs8oS3_bw,,,,,,,,,,,,,,,,,,,,,,,,,,,,,,,,,,,,,,,,,,,,,,,,,,,,,,,,,,,,,,5.0,5.0,5.0,5.0,5.0,5.0,5.0,5.0,5.0,5.0,5.0,6.0,6.0,6.0,6.0,6.0,6.0,6.0,6.0,6.0,6.0,6.0,6.0,6.0,6.0,6.0,6.0,6.0,7.0,7.0,7.0,7.0,7.0,7.0,7.0,7.0,7.0,7.0,7.0,7.0,7.0,7.0,7.0,7.0,7.0,7.0,7.0,7.0,7.0,7.0,7.0,7.0,7.0,7.0,7.0,7.0,7.0,7.0,7.0,7.0,7.0,7.0,7.0,7.0,7.0,7.0,7.0,7.0,7.0,7.0,7.0,7.0,7.0,7.0,7.0,7.0,7.0,7.0,7.0,7.0,7.0,7.0,7.0,7.0,7.0,7.0,7.0,7.0,7.0,7.0,7.0,7.0,7.0,7.0,7.0,7.0,7.0,7.0,7.0,7.0,7.0,7.0,7.0,7.0,7.0,7.0,7.0,7.0,7.0,7.0,7.0,7.0,7.0,7.0,7.0,7.0,7.0,7.0,7.0,7.0,7.0,7.0,7.0,7.0,7.0,7.0,7.0,7.0,7.0,7.0,7.0,7.0,7.0,7.0,7.0,7.0,7.0,7.0,7.0,7.0,7.0,7.0,7.0,7.0,7.0,7.0,7
QwZz22c7GqE,,,,,,,,,,,,,,,,,,,,,,,,,,,,,,,,,,,,,,,,,,,,,,,,,,,,,,,,,,,,,,21.0,21.0,21.0,22.0,23.0,23.0,23.0,23.0,23.0,23.0,23.0,23.0,23.0,23.0,23.0,23.0,23.0,23.0,23.0,24.0,24.0,24.0,24.0,24.0,24.0,24.0,24.0,24.0,24.0,24.0,24.0,24.0,24.0,24.0,24.0,24.0,24.0,24.0,24.0,24.0,24.0,24.0,24.0,24.0,24.0,24.0,24.0,24.0,24.0,24.0,24.0,24.0,24.0,24.0,24.0,24.0,24.0,24.0,24.0,24.0,24.0,24.0,24.0,24.0,24.0,24.0,24.0,24.0,24.0,24.0,24.0,24.0,24.0,24.0,24.0,24.0,24.0,24.0,24.0,24.0,24.0,24.0,24.0,24.0,24.0,24.0,24.0,24.0,24.0,24.0,24.0,24.0,24.0,24.0,24.0,24.0,24.0,24.0,24.0,24.0,24.0,24.0,24.0,24.0,24.0,24.0,24.0,24.0,24.0,24.0,24.0,24.0,24.0,24.0,24.0,24.0,24.0,24.0,24.0,24.0,24.0,24.0,24.0,24.0,24.0,24.0,24.0,24.0,24.0,24.0,24.0,24.0,24.0,24.0,24.0,24.0,24.0,24.0,24.0,24.0,24.0,24.0,24.0,24.0,24.0,24.0,24
2tSb1qUnOy0,,,,,,,,,,,,,,,,,,,,,,,,,,,,,,,,,,,,,,,,,,,,,,,,,,,,,,,,,,,,,,1276.0,1272.0,1277.0,1276.0,1090.0,1080.0,1080.0,1080.0,1081.0,1083.0,1083.0,1085.0,1086.0,1087.0,1087.0,1088.0,1088.0,1089.0,1091.0,1093.0,1094.0,1094.0,1094.0,1095.0,1096.0,1096.0,1096.0,1097.0,1119.0,1111.0,1113.0,1114.0,1114.0,1115.0,1116.0,1116.0,1116.0,1131.0,1150.0,1160.0,1181.0,1181.0,1181.0,1182.0,1182.0,1155.0,1155.0,1155.0,1155.0,1156.0,1156.0,1158.0,1159.0,1159.0,1159.0,1159.0,1159.0,1160.0,1160.0,1160.0,1159.0,1159.0,1159.0,1158.0,1158.0,1158.0,1158.0,1159.0,1128.0,1128.0,1128.0,1128.0,1128.0,1136.0,1157.0,1152.0,1153.0,1156.0,1157.0,1136.0,1136.0,1137.0,1138.0,1140.0,1156.0,1156.0,1158.0,1159.0,1159.0,1160.0,1161.0,1163.0,1151.0,1151.0,1152.0,1152.0,1152.0,1152.0,1152.0,1160.0,1160.0,1160.0,1161.0,1162.0,1161.0,1161.0,1159.0,1159.0,1164.0,1161.0,1161.0,1169.0,1169.0,1163.0,1163.0,1163.0,1163.0,1163.0,1163.0,1168.0,1173.0,1173.0,1173.0,1173.0,1173.0,1173.0,1173.0,1174.0,1174.0,1174.0,1174.0,1174.0,1174.0,1175.0,1175.0,1175.0,1179.0,1180.0,1181.0,1181.0,1181.0,1181.0,1182.0,1183.0,1184.0,1186.0,1186
LWCQQVqKGbU,,,,,,,,,,,,,,,,,,,,,,,,,,,,,,,,,,,,,,,,,,,,,,,,,,,,,,,,,,,,,,33.0,33.0,33.0,33.0,33.0,33.0,33.0,33.0,34.0,34.0,34.0,34.0,34.0,34.0,34.0,34.0,34.0,34.0,34.0,34.0,34.0,35.0,35.0,35.0,35.0,35.0,35.0,36.0,36.0,36.0,36.0,36.0,36.0,36.0,36.0,36.0,36.0,36.0,36.0,36.0,36.0,36.0,36.0,36.0,37.0,37.0,37.0,37.0,37.0,37.0,37.0,37.0,37.0,36.0,36.0,36.0,36.0,36.0,36.0,36.0,36.0,36.0,36.0,36.0,37.0,37.0,38.0,38.0,38.0,38.0,38.0,38.0,36.0,37.0,37.0,37.0,37.0,37.0,37.0,37.0,37.0,37.0,37.0,37.0,37.0,37.0,37.0,37.0,37.0,37.0,37.0,37.0,37.0,37.0,37.0,37.0,37.0,37.0,37.0,37.0,37.0,37.0,37.0,37.0,37.0,37.0,37.0,37.0,37.0,37.0,37.0,37.0,37.0,37.0,37.0,37.0,37.0,37.0,37.0,38.0,38.0,38.0,38.0,38.0,38.0,38.0,38.0,38.0,38.0,38.0,38.0,38.0,38.0,38.0,38.0,38.0,38.0,38.0,38.0,38.0,38.0,38.0,38.0,38.0,38.0,38.0,38
zmAedelGSu0,,,,,,,,,,,,,,,,,,,,,,,,,,,,,,,,,,,,,,,,,,,,,,,,,,,,,,,,,,,,,,0.0,0.0,0.0,0.0,0.0,0.0,0.0,0.0,0.0,0.0,0.0,0.0,0.0,0.0,0.0,0.0,0.0,0.0,0.0,0.0,0.0,0.0,0.0,0.0,0.0,0.0,0.0,0.0,0.0,0.0,0.0,0.0,0.0,0.0,0.0,0.0,0.0,0.0,0.0,0.0,0.0,0.0,0.0,0.0,0.0,0.0,0.0,0.0,0.0,0.0,0.0,0.0,0.0,0.0,0.0,0.0,0.0,0.0,0.0,0.0,0.0,0.0,0.0,0.0,0.0,0.0,0.0,0.0,0.0,0.0,0.0,0.0,0.0,0.0,0.0,0.0,0.0,0.0,0.0,0.0,0.0,0.0,0.0,0.0,0.0,0.0,0.0,0.0,0.0,0.0,0.0,0.0,0.0,0.0,0.0,0.0,0.0,0.0,0.0,0.0,0.0,0.0,0.0,0.0,0.0,0.0,0.0,0.0,0.0,0.0,0.0,0.0,0.0,0.0,0.0,0.0,0.0,0.0,0.0,0.0,0.0,0.0,0.0,0.0,0.0,0.0,0.0,0.0,0.0,0.0,0.0,0.0,0.0,0.0,0.0,0.0,0.0,0.0,0.0,0.0,0.0,0.0,0.0,0.0,0.0,0.0,0
lyQeRW9_D64,,,,,,,,,,,,,,,,,,,,,,,,,,,,,,,,,,,,,,,,,,,,,,,,,,,,,,,,,,,,,,0.0,0.0,0.0,0.0,0.0,0.0,0.0,0.0,0.0,0.0,0.0,0.0,0.0,0.0,0.0,0.0,0.0,0.0,0.0,0.0,0.0,0.0,0.0,0.0,0.0,0.0,0.0,0.0,0.0,0.0,0.0,0.0,0.0,0.0,0.0,0.0,0.0,0.0,0.0,0.0,0.0,0.0,0.0,0.0,0.0,0.0,0.0,0.0,0.0,0.0,0.0,0.0,0.0,0.0,0.0,0.0,0.0,0.0,0.0,0.0,0.0,0.0,0.0,0.0,0.0,0.0,0.0,0.0,0.0,0.0,0.0,0.0,0.0,0.0,0.0,0.0,0.0,0.0,0.0,0.0,0.0,0.0,0.0,0.0,0.0,0.0,0.0,0.0,0.0,0.0,0.0,0.0,0.0,0.0,0.0,0.0,0.0,0.0,0.0,0.0,0.0,0.0,0.0,0.0,0.0,0.0,0.0,0.0,0.0,0.0,0.0,0.0,0.0,0.0,0.0,0.0,0.0,0.0,0.0,0.0,0.0,0.0,0.0,0.0,0.0,0.0,0.0,0.0,0.0,0.0,0.0,0.0,0.0,0.0,0.0,0.0,0.0,0.0,0.0,0.0,0.0,0.0,0.0,0.0,0.0,0.0,0
M77LOyP41N8,,,,,,,,,,,,,,,,,,,,,,,,,,,,,,,,,,,,,,,,,,,,,,,,,,,,,,,,,,,,,,32.0,32.0,32.0,32.0,32.0,32.0,32.0,32.0,32.0,32.0,32.0,32.0,32.0,32.0,32.0,32.0,32.0,32.0,32.0,32.0,32.0,32.0,32.0,32.0,32.0,32.0,32.0,32.0,32.0,32.0,32.0,32.0,33.0,33.0,33.0,33.0,33.0,33.0,33.0,33.0,33.0,33.0,33.0,33.0,33.0,33.0,33.0,33.0,33.0,33.0,33.0,33.0,33.0,33.0,33.0,33.0,33.0,32.0,32.0,32.0,32.0,32.0,32.0,32.0,32.0,32.0,32.0,35.0,35.0,35.0,35.0,35.0,35.0,35.0,35.0,35.0,35.0,35.0,35.0,35.0,35.0,35.0,35.0,35.0,35.0,35.0,35.0,35.0,35.0,35.0,35.0,35.0,35.0,35.0,35.0,35.0,35.0,35.0,35.0,35.0,35.0,35.0,35.0,35.0,35.0,35.0,35.0,35.0,35.0,35.0,35.0,35.0,35.0,35.0,35.0,35.0,35.0,35.0,35.0,35.0,35.0,35.0,35.0,35.0,35.0,35.0,35.0,35.0,35.0,35.0,35.0,35.0,35.0,35.0,35.0,35.0,35.0,35.0,35.0,35.0,35.0,35.0,35.0,35.0,35.0,35.0,35
S15aSoTZT2g,,,,,,,,,,,,,,,,,,,,,,,,,,,,,,,,,,,,,,,,,,,,,,,,,,,,,,,,,,,,,,155.0,155.0,152.0,152.0,152.0,152.0,152.0,152.0,152.0,151.0,151.0,151.0,152.0,152.0,152.0,152.0,152.0,152.0,152.0,153.0,153.0,153.0,153.0,153.0,154.0,154.0,154.0,154.0,154.0,154.0,154.0,154.0,154.0,154.0,154.0,154.0,154.0,155.0,155.0,155.0,155.0,155.0,155.0,155.0,155.0,155.0,155.0,155.0,155.0,155.0,155.0,155.0,155.0,155.0,155.0,155.0,155.0,155.0,155.0,155.0,155.0,155.0,155.0,155.0,155.0,155.0,155.0,155.0,155.0,155.0,156.0,156.0,156.0,156.0,156.0,156.0,156.0,156.0,156.0,156.0,156.0,156.0,156.0,157.0,157.0,157.0,157.0,157.0,157.0,157.0,157.0,157.0,157.0,157.0,157.0,157.0,157.0,157.0,157.0,157.0,157.0,157.0,157.0,157.0,157.0,157.0,157.0,157.0,157.0,157.0,157.0,157.0,157.0,157.0,157.0,157.0,157.0,157.0,157.0,157.0,157.0,157.0,157.0,157.0,157.0,156.0,156.0,156.0,156.0,156.0,156.0,156.0,156.0,156.0,156.0,156.0,156.0,156.0,156.0,156.0,158.0,158.0,158.0,158.0,158.0,158.0,158
lp8Y7q9yr74,,,,,,,,,,,,,,,,,,,,,,,,,,,,,,,,,,,,,,,,,,,,,,,,,,,,,,,,,,,,,,4.0,4.0,4.0,4.0,4.0,4.0,4.0,4.0,4.0,4.0,4.0,4.0,4.0,4.0,4.0,4.0,4.0,4.0,4.0,4.0,4.0,4.0,4.0,5.0,5.0,5.0,5.0,5.0,5.0,5.0,5.0,5.0,5.0,5.0,5.0,5.0,6.0,6.0,6.0,6.0,6.0,6.0,6.0,6.0,6.0,6.0,6.0,6.0,6.0,6.0,6.0,6.0,6.0,6.0,6.0,6.0,6.0,6.0,6.0,6.0,6.0,6.0,6.0,6.0,6.0,6.0,6.0,6.0,6.0,6.0,6.0,6.0,6.0,6.0,6.0,6.0,6.0,6.0,6.0,6.0,6.0,6.0,6.0,6.0,6.0,6.0,6.0,6.0,6.0,6.0,6.0,6.0,6.0,6.0,6.0,6.0,6.0,6.0,6.0,6.0,6.0,6.0,6.0,6.0,6.0,6.0,6.0,6.0,6.0,6.0,6.0,6.0,6.0,6.0,6.0,6.0,6.0,6.0,6.0,6.0,6.0,6.0,6.0,6.0,6.0,6.0,6.0,6.0,6.0,6.0,6.0,6.0,6.0,6.0,6.0,6.0,6.0,6.0,6.0,6.0,6.0,6.0,6.0,6.0,6.0,6.0,6
gfXAQnuIW_M,,,,,,,,,,,,,,,,,,,,,,,,,,,,,,,,,,,,,,,,,,,,,,,,,,,,,,,,,,,,,,0.0,0.0,0.0,0.0,0.0,0.0,0.0,0.0,0.0,0.0,0.0,0.0,0.0,0.0,0.0,0.0,0.0,0.0,0.0,0.0,0.0,0.0,0.0,0.0,0.0,0.0,0.0,0.0,0.0,0.0,0.0,0.0,0.0,0.0,0.0,0.0,0.0,0.0,0.0,0.0,0.0,0.0,0.0,0.0,0.0,0.0,0.0,0.0,0.0,0.0,0.0,0.0,0.0,0.0,0.0,0.0,0.0,0.0,0.0,0.0,0.0,0.0,0.0,0.0,0.0,0.0,0.0,0.0,0.0,0.0,0.0,0.0,0.0,0.0,0.0,0.0,0.0,0.0,0.0,0.0,0.0,0.0,0.0,0.0,0.0,0.0,0.0,0.0,0.0,0.0,0.0,0.0,0.0,0.0,0.0,0.0,0.0,0.0,0.0,0.0,0.0,0.0,0.0,0.0,0.0,0.0,0.0,0.0,0.0,0.0,0.0,0.0,0.0,0.0,0.0,0.0,0.0,0.0,0.0,0.0,0.0,0.0,0.0,0.0,0.0,0.0,0.0,0.0,0.0,0.0,0.0,0.0,0.0,0.0,0.0,0.0,0.0,0.0,0.0,0.0,0.0,0.0,0.0,0.0,0.0,0.0,0
7Nm3ZFOlKik,,,,,,,,,,,,,,,,,,,,,,,,,,,,,,,,,,,,,,,,,,,,,,,,,,,,,,,,,,,,,,0.0,0.0,0.0,0.0,0.0,0.0,0.0,0.0,0.0,0.0,0.0,0.0,0.0,0.0,0.0,0.0,0.0,0.0,0.0,0.0,0.0,0.0,0.0,0.0,0.0,0.0,0.0,0.0,0.0,0.0,0.0,0.0,0.0,0.0,0.0,0.0,0.0,0.0,0.0,0.0,0.0,0.0,0.0,0.0,0.0,0.0,0.0,0.0,0.0,0.0,0.0,0.0,0.0,0.0,0.0,0.0,0.0,0.0,0.0,0.0,0.0,0.0,0.0,0.0,0.0,0.0,0.0,0.0,0.0,0.0,0.0,0.0,0.0,0.0,0.0,0.0,0.0,0.0,0.0,0.0,0.0,0.0,0.0,0.0,0.0,0.0,0.0,0.0,0.0,0.0,0.0,0.0,0.0,0.0,0.0,0.0,0.0,0.0,0.0,0.0,0.0,0.0,0.0,0.0,0.0,0.0,0.0,0.0,0.0,0.0,0.0,0.0,0.0,0.0,0.0,0.0,0.0,0.0,0.0,0.0,0.0,0.0,0.0,0.0,0.0,0.0,0.0,0.0,0.0,0.0,0.0,0.0,0.0,0.0,0.0,0.0,0.0,0.0,0.0,0.0,0.0,0.0,0.0,0.0,0.0,0.0,0
CTrgQ1U0EKA,,,,,,,,,,,,,,,,,,,,,,,,,,,,,,,,,,,,,,,,,,,,,,,,,,,,,,,,,,,,,,99.0,99.0,99.0,99.0,99.0,100.0,100.0,100.0,100.0,102.0,102.0,102.0,102.0,102.0,102.0,102.0,102.0,102.0,103.0,103.0,103.0,103.0,103.0,103.0,103.0,103.0,102.0,102.0,102.0,102.0,102.0,102.0,102.0,102.0,103.0,103.0,103.0,103.0,103.0,103.0,103.0,103.0,103.0,103.0,103.0,103.0,103.0,103.0,103.0,103.0,103.0,103.0,104.0,104.0,104.0,104.0,103.0,104.0,104.0,103.0,103.0,106.0,106.0,106.0,106.0,106.0,106.0,106.0,106.0,106.0,106.0,108.0,107.0,107.0,107.0,107.0,107.0,107.0,107.0,107.0,107.0,107.0,107.0,107.0,107.0,107.0,107.0,107.0,107.0,107.0,107.0,107.0,107.0,107.0,107.0,107.0,108.0,108.0,108.0,108.0,108.0,108.0,108.0,108.0,108.0,108.0,108.0,108.0,108.0,108.0,108.0,108.0,108.0,108.0,108.0,108.0,108.0,108.0,108.0,108.0,108.0,108.0,108.0,108.0,108.0,108.0,108.0,108.0,108.0,108.0,108.0,109.0,109.0,109.0,109.0,109.0,109.0,109.0,109.0,109.0,109.0,109.0,109.0,109.0,109.0,109.0,109
npOGe6j5V9E,,,,,,,,,,,,,,,,,,,,,,,,,,,,,,,,,,,,,,,,,,,,,,,,,,,,,,,,,,,,,,0.0,0.0,0.0,0.0,0.0,0.0,0.0,0.0,0.0,0.0,0.0,0.0,0.0,0.0,0.0,0.0,0.0,0.0,0.0,0.0,0.0,0.0,0.0,0.0,0.0,0.0,0.0,0.0,0.0,0.0,0.0,0.0,0.0,0.0,0.0,0.0,0.0,0.0,0.0,0.0,0.0,0.0,0.0,0.0,0.0,0.0,0.0,0.0,0.0,0.0,0.0,0.0,0.0,0.0,0.0,0.0,0.0,0.0,0.0,0.0,0.0,0.0,0.0,0.0,0.0,0.0,0.0,0.0,0.0,0.0,0.0,0.0,0.0,0.0,0.0,0.0,0.0,0.0,0.0,0.0,0.0,0.0,0.0,0.0,0.0,0.0,0.0,0.0,0.0,0.0,0.0,0.0,0.0,0.0,0.0,0.0,0.0,0.0,0.0,0.0,0.0,0.0,0.0,0.0,0.0,0.0,0.0,0.0,0.0,0.0,0.0,0.0,0.0,0.0,0.0,0.0,0.0,0.0,0.0,0.0,0.0,0.0,0.0,0.0,0.0,0.0,0.0,0.0,0.0,0.0,0.0,0.0,0.0,0.0,0.0,0.0,0.0,0.0,0.0,0.0,0.0,0.0,0.0,0.0,0.0,0.0,0
WLcuwy8wx80,,,,,,,,,,,,,,,,,,,,,,,,,,,,,,,,,,,,,,,,,,,,,,,,,,,,,,,,,,,,,,5.0,5.0,5.0,5.0,5.0,5.0,5.0,5.0,5.0,5.0,5.0,5.0,5.0,5.0,5.0,5.0,5.0,5.0,5.0,5.0,5.0,5.0,5.0,5.0,5.0,5.0,5.0,5.0,5.0,5.0,5.0,5.0,5.0,5.0,5.0,5.0,5.0,6.0,6.0,6.0,6.0,6.0,6.0,6.0,6.0,6.0,6.0,6.0,6.0,6.0,6.0,6.0,6.0,6.0,6.0,6.0,6.0,6.0,6.0,6.0,6.0,6.0,6.0,6.0,6.0,6.0,6.0,6.0,6.0,6.0,6.0,6.0,6.0,6.0,6.0,6.0,6.0,6.0,6.0,6.0,6.0,6.0,6.0,6.0,6.0,6.0,6.0,6.0,6.0,6.0,6.0,6.0,6.0,6.0,6.0,6.0,6.0,6.0,6.0,6.0,6.0,6.0,6.0,5.0,5.0,5.0,5.0,5.0,5.0,5.0,5.0,6.0,6.0,6.0,6.0,6.0,6.0,6.0,6.0,6.0,6.0,6.0,6.0,6.0,6.0,6.0,6.0,6.0,6.0,6.0,6.0,6.0,6.0,6.0,6.0,6.0,6.0,6.0,6.0,6.0,6.0,6.0,6.0,6.0,6.0,6.0,6
0JKI59x_fZo,,,,,,,,,,,,,,,,,,,,,,,,,,,,,,,,,,,,,,,,,,,,,,,,,,,,,,,,,,,,,,22.0,22.0,22.0,22.0,21.0,20.0,20.0,20.0,20.0,20.0,20.0,20.0,20.0,19.0,16.0,16.0,16.0,16.0,16.0,16.0,16.0,16.0,16.0,16.0,16.0,16.0,16.0,16.0,16.0,16.0,16.0,16.0,16.0,16.0,16.0,16.0,16.0,16.0,16.0,16.0,16.0,16.0,16.0,16.0,16.0,16.0,17.0,17.0,17.0,17.0,17.0,17.0,17.0,17.0,17.0,17.0,17.0,17.0,17.0,17.0,17.0,17.0,17.0,17.0,17.0,17.0,17.0,17.0,17.0,17.0,17.0,17.0,17.0,17.0,17.0,17.0,18.0,18.0,18.0,18.0,18.0,18.0,18.0,18.0,18.0,18.0,18.0,19.0,19.0,19.0,19.0,19.0,19.0,19.0,19.0,19.0,19.0,19.0,19.0,19.0,19.0,19.0,19.0,19.0,19.0,19.0,19.0,19.0,19.0,20.0,20.0,21.0,21.0,21.0,21.0,21.0,21.0,21.0,21.0,21.0,21.0,21.0,21.0,21.0,21.0,21.0,21.0,21.0,21.0,21.0,21.0,21.0,21.0,21.0,21.0,21.0,21.0,21.0,21.0,21.0,21.0,21.0,21.0,21.0,21.0,20.0,20
JC4UOrmdNZY,,,,,,,,,,,,,,,,,,,,,,,,,,,,,,,,,,,,,,,,,,,,,,,,,,,,,,,,,,,,,,50.0,50.0,50.0,50.0,50.0,50.0,50.0,50.0,50.0,50.0,50.0,50.0,50.0,50.0,50.0,50.0,50.0,50.0,50.0,50.0,50.0,51.0,52.0,52.0,52.0,52.0,52.0,52.0,52.0,52.0,52.0,52.0,52.0,52.0,52.0,52.0,52.0,52.0,52.0,52.0,52.0,52.0,52.0,52.0,52.0,52.0,52.0,52.0,52.0,52.0,52.0,52.0,52.0,52.0,52.0,52.0,52.0,52.0,52.0,52.0,52.0,52.0,52.0,52.0,52.0,52.0,52.0,52.0,52.0,52.0,52.0,52.0,52.0,52.0,52.0,52.0,52.0,52.0,52.0,52.0,52.0,52.0,52.0,52.0,50.0,50.0,50.0,50.0,50.0,50.0,50.0,50.0,50.0,50.0,50.0,50.0,50.0,50.0,50.0,50.0,50.0,50.0,50.0,50.0,50.0,50.0,50.0,50.0,50.0,50.0,50.0,50.0,50.0,50.0,50.0,50.0,50.0,50.0,50.0,50.0,50.0,50.0,50.0,50.0,50.0,50.0,50.0,50.0,50.0,50.0,50.0,50.0,50.0,50.0,50.0,50.0,50.0,50.0,50.0,50.0,50.0,50.0,50.0,50.0,50.0,50.0,50
tUHmmMqV7pI,,,,,,,,,,,,,,,,,,,,,,,,,,,,,,,,,,,,,,,,,,,,,,,,,,,,,,,,,,,,,,2178.0,2179.0,2183.0,2186.0,2187.0,2190.0,2191.0,2193.0,2193.0,2195.0,2198.0,2204.0,2204.0,2208.0,2211.0,2213.0,2215.0,2216.0,2221.0,2221.0,2223.0,2227.0,2228.0,2231.0,2233.0,2234.0,2235.0,2236.0,2243.0,2245.0,2253.0,2269.0,2272.0,2275.0,2280.0,2284.0,2290.0,2299.0,2300.0,2303.0,2307.0,2309.0,2309.0,2310.0,2311.0,2311.0,2311.0,2312.0,2312.0,2313.0,2313.0,2316.0,2318.0,2319.0,2319.0,2321.0,2322.0,2322.0,2322.0,2322.0,2322.0,2321.0,2321.0,2323.0,2324.0,2325.0,2325.0,2326.0,2326.0,2328.0,2328.0,2329.0,2328.0,2329.0,2331.0,2331.0,2333.0,2333.0,2334.0,2335.0,2335.0,2337.0,2337.0,2339.0,2340.0,2344.0,2345.0,2345.0,2345.0,2347.0,2347.0,2347.0,2347.0,2348.0,2349.0,2349.0,2350.0,2349.0,2351.0,2352.0,2352.0,2352.0,2352.0,2353.0,2354.0,2354.0,2355.0,2356.0,2356.0,2356.0,2358.0,2358.0,2357.0,2358.0,2358.0,2358.0,2358.0,2358.0,2360.0,2361.0,2362.0,2362.0,2362.0,2363.0,2363.0,2363.0,2365.0,2366.0,2366.0,2367.0,2367.0,2372.0,2372.0,2372.0,2373.0,2373.0,2374.0,2373.0,2373.0,2375.0,2375.0,2375.0,2375.0,2376.0,2376.0,2376.0,2377
aZF-sSghjmw,,,,,,,,,,,,,,,,,,,,,,,,,,,,,,,,,,,,,,,,,,,,,,,,,,,,,,,,,,,,,,203.0,204.0,206.0,209.0,210.0,212.0,216.0,217.0,219.0,221.0,223.0,225.0,228.0,238.0,242.0,243.0,246.0,248.0,251.0,256.0,259.0,262.0,265.0,267.0,271.0,273.0,273.0,273.0,273.0,273.0,273.0,273.0,274.0,274.0,275.0,275.0,275.0,275.0,275.0,275.0,276.0,276.0,276.0,276.0,276.0,276.0,276.0,276.0,277.0,277.0,277.0,277.0,277.0,277.0,277.0,277.0,277.0,277.0,277.0,277.0,277.0,277.0,277.0,277.0,277.0,277.0,277.0,277.0,277.0,277.0,277.0,277.0,277.0,277.0,277.0,277.0,277.0,277.0,277.0,277.0,277.0,277.0,277.0,277.0,277.0,277.0,277.0,277.0,277.0,277.0,277.0,277.0,277.0,278.0,278.0,278.0,278.0,278.0,279.0,279.0,279.0,279.0,279.0,280.0,280.0,280.0,280.0,280.0,280.0,280.0,280.0,280.0,280.0,280.0,280.0,280.0,280.0,280.0,280.0,280.0,280.0,280.0,280.0,280.0,280.0,280.0,280.0,280.0,281.0,281.0,281.0,281.0,281.0,281.0,281.0,281.0,281.0,281.0,281.0,281.0,281.0,281.0,281.0,281.0,281.0,281.0,281
HM7UMkgHPC4,,,,,,,,,,,,,,,,,,,,,,,,,,,,,,,,,,,,,,,,,,,,,,,,,,,,,,,,,,,,,,511.0,1028.0,1282.0,1494.0,1672.0,1828.0,1928.0,1973.0,2004.0,2042.0,2148.0,2153.0,2159.0,2171.0,2169.0,2173.0,2182.0,2196.0,2209.0,2219.0,2235.0,2241.0,2255.0,2283.0,2308.0,2319.0,2326.0,2324.0,2333.0,2340.0,2343.0,2349.0,2359.0,2366.0,2373.0,2382.0,2391.0,2393.0,2399.0,2404.0,2409.0,2414.0,2417.0,2421.0,2424.0,2427.0,2428.0,2430.0,2433.0,2434.0,2438.0,2441.0,2446.0,2451.0,2457.0,2462.0,2466.0,2470.0,2472.0,2474.0,2472.0,2474.0,2478.0,2479.0,2479.0,2482.0,2482.0,2483.0,2482.0,2483.0,2484.0,2484.0,2486.0,2486.0,2488.0,2489.0,2489.0,2491.0,2492.0,2491.0,2491.0,2493.0,2493.0,2497.0,2498.0,2498.0,2500.0,2506.0,2509.0,2510.0,2515.0,2521.0,2523.0,2525.0,2526.0,2525.0,2526.0,2524.0,2525.0,2526.0,2526.0,2526.0,2526.0,2527.0,2529.0,2531.0,2531.0,2531.0,2533.0,2534.0,2535.0,2534.0,2535.0,2535.0,2537.0,2537.0,2537.0,2537.0,2538.0,2538.0,2538.0,2538.0,2539.0,2538.0,2537.0,2543.0,2545.0,2545.0,2545.0,2544.0,2544.0,2544.0,2546.0,2548.0,2548.0,2548.0,2548.0,2548.0,2547.0,2546.0,2546.0,2545.0,2547.0,2550.0,2551.0,2553.0,2554
cz3nrT-wxO4,,,,,,,,,,,,,,,,,,,,,,,,,,,,,,,,,,,,,,,,,,,,,,,,,,,,,,,,,,,,,,1.0,2.0,2.0,2.0,2.0,2.0,2.0,2.0,3.0,3.0,3.0,3.0,3.0,3.0,3.0,3.0,3.0,3.0,3.0,3.0,3.0,3.0,3.0,3.0,3.0,3.0,3.0,3.0,3.0,3.0,3.0,3.0,3.0,3.0,3.0,3.0,3.0,3.0,3.0,3.0,3.0,3.0,3.0,3.0,3.0,3.0,3.0,3.0,3.0,3.0,3.0,3.0,3.0,3.0,3.0,3.0,3.0,3.0,3.0,3.0,3.0,3.0,3.0,3.0,3.0,3.0,3.0,3.0,3.0,3.0,3.0,3.0,3.0,3.0,3.0,3.0,3.0,3.0,3.0,3.0,3.0,3.0,3.0,3.0,3.0,3.0,3.0,3.0,3.0,3.0,3.0,3.0,3.0,3.0,3.0,3.0,3.0,3.0,3.0,3.0,3.0,3.0,3.0,3.0,3.0,3.0,3.0,3.0,3.0,3.0,3.0,3.0,3.0,3.0,3.0,3.0,3.0,3.0,3.0,3.0,3.0,3.0,3.0,3.0,3.0,3.0,3.0,3.0,3.0,3.0,3.0,3.0,3.0,3.0,3.0,3.0,3.0,3.0,3.0,3.0,3.0,3.0,3.0,3.0,3.0,3.0,3
AyQ2g0t8y1A,,,,,,,,,,,,,,,,,,,,,,,,,,,,,,,,,,,,,,,,,,,,,,,,,,,,,,,,,,,,,,588.0,730.0,834.0,964.0,993.0,1022.0,1042.0,1059.0,1068.0,1082.0,1102.0,1105.0,1115.0,1120.0,1122.0,1124.0,1126.0,1128.0,1127.0,1132.0,1134.0,1145.0,1153.0,1160.0,1162.0,1159.0,1158.0,1157.0,1159.0,1160.0,1161.0,1161.0,1162.0,1164.0,1165.0,1165.0,1167.0,1167.0,1169.0,1170.0,1171.0,1176.0,1177.0,1179.0,1181.0,1182.0,1178.0,1178.0,1178.0,1179.0,1179.0,1179.0,1179.0,1179.0,1179.0,1180.0,1179.0,1180.0,1180.0,1181.0,1181.0,1181.0,1181.0,1182.0,1182.0,1182.0,1182.0,1182.0,1183.0,1182.0,1182.0,1180.0,1180.0,1180.0,1179.0,1179.0,1179.0,1179.0,1179.0,1179.0,1179.0,1179.0,1179.0,1179.0,1179.0,1179.0,1179.0,1179.0,1179.0,1179.0,1177.0,1177.0,1177.0,1177.0,1177.0,1177.0,1177.0,1177.0,1177.0,1177.0,1177.0,1177.0,1177.0,1177.0,1177.0,1177.0,1179.0,1179.0,1180.0,1179.0,1179.0,1179.0,1180.0,1181.0,1182.0,1182.0,1182.0,1183.0,1183.0,1183.0,1182.0,1182.0,1182.0,1182.0,1182.0,1182.0,1182.0,1182.0,1182.0,1182.0,1185.0,1185.0,1185.0,1185.0,1185.0,1185.0,1185.0,1185.0,1185.0,1185.0,1185.0,1185.0,1185.0,1185.0,1185.0,1185.0,1185
_8PYDtiaVmk,,,,,,,,,,,,,,,,,,,,,,,,,,,,,,,,,,,,,,,,,,,,,,,,,,,,,,,,,,,,,,292.0,321.0,328.0,331.0,339.0,345.0,347.0,351.0,351.0,351.0,354.0,357.0,357.0,361.0,361.0,362.0,362.0,363.0,363.0,363.0,363.0,363.0,363.0,363.0,364.0,364.0,364.0,364.0,365.0,366.0,366.0,366.0,366.0,367.0,367.0,367.0,367.0,367.0,367.0,367.0,367.0,367.0,367.0,368.0,368.0,368.0,368.0,368.0,368.0,368.0,368.0,368.0,368.0,368.0,369.0,369.0,369.0,370.0,370.0,371.0,371.0,371.0,371.0,371.0,371.0,372.0,373.0,374.0,374.0,374.0,375.0,375.0,377.0,377.0,377.0,377.0,377.0,377.0,377.0,377.0,377.0,377.0,377.0,377.0,377.0,377.0,377.0,378.0,378.0,379.0,380.0,380.0,380.0,380.0,380.0,380.0,380.0,380.0,380.0,380.0,381.0,381.0,381.0,381.0,381.0,381.0,382.0,382.0,382.0,382.0,382.0,382.0,382.0,382.0,384.0,384.0,384.0,384.0,384.0,384.0,384.0,384.0,384.0,384.0,384.0,384.0,384.0,384.0,384.0,384.0,384.0,384.0,384.0,384.0,384.0,384.0,385.0,385.0,385.0,385.0,386.0,387.0,387.0,387.0,387.0,387.0,387
9FEfUCWI5Jw,,,,,,,,,,,,,,,,,,,,,,,,,,,,,,,,,,,,,,,,,,,,,,,,,,,,,,,,,,,,,,,0.0,0.0,2.0,4.0,4.0,4.0,4.0,4.0,4.0,4.0,4.0,4.0,4.0,4.0,4.0,4.0,4.0,4.0,5.0,5.0,5.0,5.0,5.0,5.0,5.0,5.0,5.0,6.0,6.0,6.0,6.0,6.0,6.0,6.0,6.0,6.0,6.0,6.0,7.0,7.0,7.0,7.0,7.0,7.0,7.0,7.0,7.0,7.0,7.0,7.0,7.0,7.0,7.0,7.0,7.0,7.0,7.0,7.0,7.0,7.0,7.0,7.0,7.0,7.0,7.0,7.0,7.0,7.0,7.0,7.0,7.0,7.0,7.0,7.0,7.0,7.0,7.0,7.0,7.0,8.0,8.0,8.0,8.0,8.0,8.0,8.0,8.0,8.0,8.0,8.0,8.0,9.0,9.0,9.0,9.0,9.0,9.0,9.0,9.0,9.0,9.0,9.0,9.0,9.0,9.0,9.0,9.0,9.0,9.0,9.0,9.0,9.0,9.0,9.0,9.0,9.0,9.0,9.0,9.0,9.0,9.0,9.0,9.0,9.0,9.0,9.0,9.0,9.0,9.0,9.0,9.0,9.0,9.0,9.0,9.0,9.0,9.0,9.0,9.0,9.0,9.0,9.0,9.0,9.0,9.0,9
_o7mLf4oVkY,,,,,,,,,,,,,,,,,,,,,,,,,,,,,,,,,,,,,,,,,,,,,,,,,,,,,,,,,,,,,,,0.0,0.0,0.0,0.0,0.0,0.0,0.0,0.0,0.0,0.0,0.0,0.0,0.0,0.0,0.0,0.0,0.0,0.0,0.0,0.0,0.0,0.0,0.0,0.0,0.0,0.0,0.0,0.0,0.0,0.0,0.0,0.0,0.0,0.0,0.0,0.0,0.0,0.0,0.0,0.0,0.0,0.0,0.0,0.0,0.0,0.0,0.0,0.0,0.0,0.0,0.0,0.0,0.0,0.0,0.0,0.0,0.0,0.0,0.0,0.0,0.0,0.0,0.0,0.0,0.0,0.0,0.0,0.0,0.0,0.0,0.0,0.0,0.0,0.0,0.0,0.0,0.0,0.0,0.0,0.0,0.0,0.0,0.0,0.0,0.0,0.0,0.0,0.0,0.0,0.0,0.0,0.0,0.0,0.0,0.0,0.0,0.0,0.0,0.0,0.0,0.0,0.0,0.0,0.0,0.0,0.0,0.0,0.0,0.0,0.0,0.0,0.0,0.0,0.0,0.0,0.0,0.0,0.0,0.0,0.0,0.0,0.0,0.0,0.0,0.0,0.0,0.0,0.0,0.0,0.0,0.0,0.0,0.0,0.0,0.0,0.0,0.0,0.0,0.0,0.0,0.0,0.0,0.0,0.0,0.0,0
RiWbMezuiCs,,,,,,,,,,,,,,,,,,,,,,,,,,,,,,,,,,,,,,,,,,,,,,,,,,,,,,,,,,,,,,,18.0,25.0,28.0,28.0,29.0,30.0,30.0,31.0,31.0,31.0,32.0,33.0,34.0,34.0,34.0,34.0,34.0,33.0,33.0,33.0,33.0,33.0,33.0,33.0,33.0,33.0,33.0,33.0,33.0,33.0,33.0,33.0,33.0,33.0,33.0,33.0,33.0,33.0,33.0,33.0,33.0,33.0,33.0,33.0,33.0,33.0,33.0,33.0,33.0,33.0,33.0,33.0,33.0,33.0,33.0,33.0,33.0,33.0,33.0,33.0,33.0,33.0,33.0,33.0,33.0,33.0,33.0,33.0,33.0,33.0,33.0,33.0,33.0,33.0,33.0,33.0,33.0,33.0,33.0,33.0,33.0,33.0,33.0,33.0,33.0,33.0,33.0,33.0,33.0,33.0,33.0,33.0,33.0,33.0,33.0,33.0,33.0,33.0,33.0,33.0,33.0,33.0,33.0,34.0,34.0,34.0,34.0,34.0,34.0,34.0,34.0,34.0,34.0,34.0,34.0,34.0,34.0,34.0,34.0,34.0,34.0,34.0,34.0,34.0,34.0,34.0,34.0,34.0,34.0,34.0,34.0,34.0,34.0,34.0,33.0,33.0,33.0,33.0,33.0,33.0,33.0,33.0,33.0,33.0,33.0,33
toz3MmGkypg,,,,,,,,,,,,,,,,,,,,,,,,,,,,,,,,,,,,,,,,,,,,,,,,,,,,,,,,,,,,,,,7.0,14.0,18.0,20.0,20.0,20.0,26.0,34.0,38.0,46.0,51.0,59.0,73.0,85.0,94.0,104.0,117.0,131.0,142.0,147.0,154.0,162.0,168.0,171.0,180.0,186.0,193.0,202.0,209.0,213.0,214.0,218.0,223.0,227.0,229.0,233.0,236.0,239.0,242.0,245.0,245.0,246.0,247.0,250.0,251.0,252.0,253.0,255.0,256.0,258.0,261.0,262.0,265.0,271.0,276.0,279.0,280.0,280.0,282.0,285.0,288.0,291.0,294.0,296.0,299.0,301.0,302.0,303.0,303.0,306.0,309.0,310.0,310.0,313.0,317.0,319.0,324.0,326.0,327.0,331.0,333.0,336.0,338.0,340.0,340.0,343.0,345.0,347.0,348.0,348.0,350.0,352.0,353.0,357.0,361.0,362.0,363.0,366.0,367.0,369.0,370.0,370.0,373.0,377.0,378.0,380.0,381.0,382.0,383.0,383.0,384.0,384.0,385.0,388.0,389.0,389.0,390.0,390.0,393.0,394.0,397.0,399.0,403.0,405.0,407.0,409.0,409.0,409.0,409.0,409.0,409.0,410.0,410.0,410.0,410.0,410.0,411.0,411.0,412.0,413.0,413.0,413.0,414.0,415.0,416.0,418
4W7qezZKB6g,,,,,,,,,,,,,,,,,,,,,,,,,,,,,,,,,,,,,,,,,,,,,,,,,,,,,,,,,,,,,,,202.0,224.0,229.0,235.0,238.0,243.0,246.0,329.0,496.0,603.0,701.0,874.0,940.0,948.0,951.0,972.0,986.0,997.0,1014.0,1026.0,1034.0,1039.0,1042.0,1042.0,1049.0,1059.0,1069.0,1069.0,1069.0,1069.0,1069.0,1071.0,1072.0,1072.0,1072.0,1073.0,1073.0,1073.0,1077.0,1079.0,1079.0,1080.0,1080.0,1081.0,1081.0,1081.0,1081.0,1081.0,1081.0,1082.0,1082.0,1084.0,1085.0,1085.0,1091.0,1092.0,1094.0,1094.0,1094.0,1099.0,1100.0,1100.0,1100.0,1099.0,1101.0,1103.0,1104.0,1104.0,1106.0,1107.0,1108.0,1108.0,1108.0,1108.0,1108.0,1108.0,1108.0,1108.0,1107.0,1107.0,1107.0,1107.0,1107.0,1107.0,1107.0,1110.0,1113.0,1114.0,1115.0,1117.0,1121.0,1122.0,1125.0,1126.0,1129.0,1133.0,1134.0,1135.0,1137.0,1138.0,1139.0,1140.0,1141.0,1142.0,1145.0,1146.0,1147.0,1148.0,1150.0,1153.0,1155.0,1155.0,1157.0,1158.0,1162.0,1164.0,1171.0,1176.0,1179.0,1182.0,1184.0,1184.0,1188.0,1190.0,1194.0,1195.0,1195.0,1195.0,1196.0,1197.0,1197.0,1198.0,1199.0,1199.0,1200.0,1200.0,1200.0,1200.0,1201.0,1203.0,1205.0,1205.0,1205.0,1206.0,1206.0,1207
FucT66Sb6Zc,,,,,,,,,,,,,,,,,,,,,,,,,,,,,,,,,,,,,,,,,,,,,,,,,,,,,,,,,,,,,,,,19.0,19.0,20.0,20.0,20.0,20.0,20.0,19.0,21.0,21.0,21.0,21.0,23.0,23.0,23.0,23.0,23.0,23.0,23.0,23.0,23.0,23.0,23.0,23.0,23.0,23.0,23.0,23.0,23.0,23.0,24.0,26.0,26.0,28.0,28.0,30.0,32.0,32.0,32.0,32.0,32.0,32.0,34.0,34.0,35.0,36.0,37.0,37.0,37.0,37.0,37.0,37.0,38.0,38.0,38.0,38.0,38.0,38.0,38.0,38.0,39.0,38.0,38.0,38.0,38.0,38.0,38.0,38.0,38.0,38.0,38.0,38.0,38.0,38.0,39.0,39.0,39.0,39.0,39.0,39.0,39.0,39.0,39.0,39.0,39.0,39.0,39.0,39.0,39.0,39.0,39.0,40.0,40.0,40.0,40.0,40.0,40.0,40.0,40.0,40.0,40.0,40.0,40.0,40.0,40.0,40.0,40.0,40.0,40.0,41.0,41.0,41.0,41.0,41.0,41.0,41.0,41.0,41.0,41.0,41.0,41.0,41.0,41.0,41.0,42.0,42.0,42.0,42.0,43.0,43.0,43.0,43.0,43.0,43.0,43.0,43.0,43.0,43.0,43.0,43.0,43.0,43.0,43.0,43.0,43
H81NsniDjTk,,,,,,,,,,,,,,,,,,,,,,,,,,,,,,,,,,,,,,,,,,,,,,,,,,,,,,,,,,,,,,,,833.0,841.0,852.0,874.0,882.0,889.0,894.0,906.0,914.0,918.0,925.0,935.0,934.0,935.0,940.0,942.0,946.0,950.0,952.0,955.0,959.0,962.0,966.0,972.0,973.0,974.0,979.0,979.0,981.0,982.0,982.0,981.0,981.0,983.0,984.0,983.0,983.0,983.0,979.0,978.0,978.0,978.0,980.0,980.0,980.0,980.0,980.0,980.0,980.0,978.0,978.0,979.0,979.0,979.0,979.0,981.0,982.0,982.0,982.0,982.0,982.0,981.0,981.0,982.0,982.0,982.0,983.0,983.0,985.0,985.0,985.0,986.0,990.0,990.0,992.0,993.0,993.0,993.0,993.0,993.0,993.0,993.0,995.0,995.0,995.0,995.0,995.0,995.0,995.0,995.0,995.0,995.0,996.0,997.0,996.0,996.0,996.0,996.0,997.0,997.0,997.0,996.0,997.0,997.0,997.0,997.0,997.0,997.0,997.0,995.0,995.0,996.0,996.0,996.0,996.0,996.0,997.0,998.0,1001.0,1001.0,1001.0,1001.0,1001.0,1001.0,1002.0,1002.0,1002.0,1002.0,1002.0,1002.0,1002.0,1002.0,1002.0,1002.0,1002.0,1002.0,1002.0,1003.0,1003.0,1003.0,1003.0,1003.0,1003.0,1003.0,1003
4TRS7y4qdWs,,,,,,,,,,,,,,,,,,,,,,,,,,,,,,,,,,,,,,,,,,,,,,,,,,,,,,,,,,,,,,,,,598.0,687.0,754.0,808.0,836.0,860.0,868.0,879.0,886.0,893.0,905.0,905.0,911.0,917.0,917.0,919.0,921.0,927.0,931.0,933.0,935.0,937.0,939.0,940.0,941.0,942.0,942.0,943.0,945.0,946.0,948.0,948.0,948.0,951.0,951.0,952.0,952.0,953.0,953.0,955.0,955.0,955.0,956.0,956.0,957.0,957.0,958.0,958.0,958.0,958.0,957.0,957.0,958.0,957.0,957.0,957.0,957.0,957.0,957.0,957.0,957.0,958.0,959.0,959.0,960.0,960.0,958.0,958.0,959.0,960.0,961.0,961.0,961.0,961.0,962.0,962.0,963.0,962.0,962.0,963.0,963.0,962.0,962.0,962.0,962.0,962.0,963.0,963.0,963.0,963.0,963.0,963.0,962.0,962.0,962.0,962.0,962.0,963.0,963.0,963.0,964.0,965.0,965.0,965.0,965.0,965.0,965.0,967.0,967.0,967.0,967.0,967.0,967.0,967.0,967.0,967.0,967.0,967.0,967.0,964.0,964.0,964.0,964.0,964.0,964.0,964.0,964.0,965.0,965.0,964.0,963.0,963.0,963.0,964.0,964.0,964.0,964.0,964.0,965.0,966.0,966.0,967.0,967.0,967
xLNmyB1iCig,,,,,,,,,,,,,,,,,,,,,,,,,,,,,,,,,,,,,,,,,,,,,,,,,,,,,,,,,,,,,,,,,7526.0,10530.0,11425.0,11984.0,12342.0,12660.0,12961.0,13134.0,13240.0,13352.0,13474.0,13539.0,13591.0,13654.0,13698.0,13755.0,13801.0,13859.0,13904.0,13927.0,13956.0,13985.0,13999.0,14011.0,14016.0,14020.0,14041.0,14050.0,14061.0,14085.0,14101.0,14122.0,14134.0,14147.0,14257.0,14331.0,14388.0,14436.0,14494.0,14513.0,14532.0,14549.0,14561.0,14593.0,14627.0,14638.0,14656.0,14675.0,14719.0,14747.0,14764.0,14774.0,14774.0,14793.0,14799.0,14823.0,14836.0,14853.0,14870.0,14880.0,14886.0,14891.0,14894.0,14904.0,14908.0,14917.0,14920.0,14925.0,14932.0,14936.0,14946.0,14950.0,14969.0,14982.0,14989.0,14994.0,15008.0,15021.0,15032.0,15043.0,15057.0,15062.0,15075.0,15084.0,15090.0,15101.0,15107.0,15115.0,15116.0,15092.0,15101.0,15106.0,15116.0,15120.0,15127.0,15132.0,15157.0,15165.0,15171.0,15176.0,15182.0,15188.0,15191.0,15199.0,15204.0,15219.0,15225.0,15230.0,15229.0,15244.0,15248.0,15239.0,15248.0,15253.0,15255.0,15261.0,15268.0,15278.0,15283.0,15286.0,15292.0,15302.0,15311.0,15314.0,15318.0,15325.0,15329.0,15336.0,15341.0,15348.0,15357.0,15361.0,15394.0,15412.0,15428.0,15441.0,15446.0,15454.0,15464.0,15477.0,15481.0,15484.0,15485.0,15487
9x1JkpHbHRk,,,,,,,,,,,,,,,,,,,,,,,,,,,,,,,,,,,,,,,,,,,,,,,,,,,,,,,,,,,,,,,,,315.0,316.0,316.0,316.0,316.0,316.0,317.0,317.0,317.0,317.0,317.0,317.0,317.0,317.0,317.0,317.0,317.0,317.0,317.0,317.0,317.0,317.0,317.0,317.0,317.0,317.0,317.0,317.0,317.0,317.0,317.0,317.0,318.0,318.0,318.0,318.0,318.0,318.0,318.0,318.0,318.0,318.0,318.0,318.0,318.0,318.0,318.0,318.0,318.0,318.0,318.0,318.0,318.0,318.0,318.0,318.0,318.0,318.0,318.0,318.0,318.0,318.0,318.0,318.0,318.0,318.0,318.0,318.0,318.0,318.0,318.0,318.0,318.0,318.0,318.0,318.0,318.0,318.0,318.0,318.0,318.0,318.0,318.0,318.0,318.0,318.0,318.0,318.0,318.0,318.0,318.0,318.0,318.0,318.0,318.0,318.0,318.0,318.0,318.0,318.0,318.0,318.0,318.0,318.0,318.0,318.0,318.0,318.0,318.0,318.0,318.0,318.0,317.0,317.0,317.0,317.0,317.0,317.0,317.0,317.0,317.0,317.0,317.0,317.0,317.0,317.0,317.0,317.0,317.0,317.0,317.0,317.0,317.0,317.0,317.0,317.0,317.0,317.0,317.0,317.0,317.0,317.0,317.0,317
ISOI-3n4_ac,,,,,,,,,,,,,,,,,,,,,,,,,,,,,,,,,,,,,,,,,,,,,,,,,,,,,,,,,,,,,,,,,0.0,0.0,0.0,0.0,0.0,0.0,0.0,0.0,0.0,0.0,0.0,0.0,0.0,0.0,0.0,0.0,0.0,0.0,0.0,0.0,0.0,0.0,0.0,0.0,0.0,0.0,0.0,0.0,0.0,0.0,0.0,0.0,0.0,0.0,0.0,0.0,0.0,0.0,0.0,0.0,0.0,0.0,0.0,0.0,0.0,0.0,0.0,0.0,0.0,0.0,0.0,0.0,0.0,0.0,0.0,0.0,0.0,0.0,0.0,0.0,0.0,0.0,0.0,0.0,0.0,0.0,0.0,0.0,0.0,0.0,0.0,0.0,0.0,0.0,0.0,0.0,0.0,0.0,0.0,0.0,0.0,0.0,0.0,0.0,0.0,0.0,0.0,0.0,0.0,0.0,0.0,0.0,0.0,0.0,0.0,0.0,0.0,0.0,0.0,0.0,0.0,0.0,0.0,0.0,0.0,0.0,0.0,0.0,0.0,0.0,0.0,0.0,0.0,0.0,0.0,0.0,0.0,0.0,0.0,0.0,0.0,0.0,0.0,0.0,0.0,0.0,0.0,0.0,0.0,0.0,0.0,0.0,0.0,0.0,0.0,0.0,0.0,0.0,0.0,0.0,0.0,0.0,0.0,0
flC0Ajafv8Q,,,,,,,,,,,,,,,,,,,,,,,,,,,,,,,,,,,,,,,,,,,,,,,,,,,,,,,,,,,,,,,,,33.0,41.0,42.0,48.0,51.0,58.0,60.0,63.0,65.0,66.0,66.0,66.0,66.0,69.0,70.0,70.0,70.0,70.0,71.0,71.0,71.0,71.0,71.0,71.0,71.0,74.0,74.0,74.0,75.0,75.0,75.0,75.0,76.0,76.0,76.0,76.0,76.0,76.0,76.0,76.0,77.0,76.0,76.0,76.0,76.0,76.0,77.0,77.0,77.0,77.0,77.0,77.0,77.0,77.0,77.0,77.0,77.0,77.0,77.0,77.0,77.0,77.0,77.0,77.0,77.0,77.0,77.0,77.0,77.0,77.0,77.0,77.0,77.0,77.0,77.0,77.0,77.0,77.0,77.0,77.0,77.0,77.0,77.0,77.0,77.0,77.0,77.0,77.0,77.0,77.0,77.0,77.0,77.0,77.0,77.0,77.0,77.0,77.0,77.0,77.0,77.0,77.0,77.0,77.0,77.0,76.0,76.0,76.0,76.0,76.0,76.0,76.0,76.0,77.0,77.0,77.0,77.0,77.0,77.0,77.0,77.0,77.0,77.0,77.0,77.0,77.0,77.0,77.0,77.0,77.0,77.0,77.0,77.0,77.0,77.0,77.0,77.0,77.0,77.0,77.0,77.0,77.0,77.0,77
Kh0IYZS9nXU,,,,,,,,,,,,,,,,,,,,,,,,,,,,,,,,,,,,,,,,,,,,,,,,,,,,,,,,,,,,,,,,,895.0,1194.0,1290.0,1333.0,1351.0,1380.0,1411.0,1447.0,1465.0,1480.0,1504.0,1511.0,1529.0,1541.0,1547.0,1555.0,1570.0,1587.0,1588.0,1591.0,1607.0,1609.0,1615.0,1623.0,1627.0,1635.0,1638.0,1643.0,1648.0,1650.0,1652.0,1655.0,1666.0,1671.0,1675.0,1685.0,1684.0,1689.0,1689.0,1693.0,1695.0,1701.0,1700.0,1709.0,1711.0,1714.0,1718.0,1723.0,1726.0,1729.0,1729.0,1733.0,1734.0,1736.0,1739.0,1741.0,1741.0,1740.0,1747.0,1748.0,1749.0,1752.0,1755.0,1758.0,1758.0,1758.0,1761.0,1763.0,1765.0,1768.0,1769.0,1773.0,1774.0,1774.0,1776.0,1777.0,1779.0,1781.0,1785.0,1785.0,1785.0,1788.0,1788.0,1788.0,1790.0,1793.0,1795.0,1794.0,1793.0,1794.0,1796.0,1798.0,1798.0,1799.0,1799.0,1798.0,1801.0,1802.0,1801.0,1801.0,1800.0,1802.0,1802.0,1804.0,1805.0,1804.0,1806.0,1807.0,1808.0,1809.0,1808.0,1808.0,1810.0,1812.0,1813.0,1814.0,1814.0,1815.0,1819.0,1820.0,1821.0,1823.0,1824.0,1826.0,1828.0,1830.0,1830.0,1832.0,1830.0,1831.0,1831.0,1831.0,1834.0,1836.0,1835.0,1836.0,1837.0,1839.0,1839.0,1839.0,1840.0,1839.0,1840.0,1840
iAhWq2jVRH4,,,,,,,,,,,,,,,,,,,,,,,,,,,,,,,,,,,,,,,,,,,,,,,,,,,,,,,,,,,,,,,,,0.0,0.0,0.0,0.0,0.0,0.0,0.0,0.0,0.0,0.0,0.0,0.0,0.0,0.0,0.0,0.0,0.0,0.0,0.0,0.0,0.0,0.0,0.0,0.0,0.0,0.0,0.0,0.0,0.0,0.0,0.0,0.0,0.0,0.0,0.0,0.0,0.0,0.0,0.0,0.0,0.0,0.0,0.0,0.0,0.0,0.0,0.0,0.0,0.0,0.0,0.0,0.0,0.0,0.0,0.0,0.0,0.0,0.0,0.0,0.0,0.0,0.0,0.0,0.0,0.0,0.0,0.0,0.0,0.0,0.0,0.0,0.0,0.0,0.0,0.0,0.0,0.0,0.0,0.0,0.0,0.0,0.0,0.0,0.0,0.0,0.0,0.0,0.0,0.0,0.0,0.0,0.0,0.0,0.0,0.0,0.0,0.0,0.0,0.0,0.0,0.0,0.0,0.0,0.0,0.0,0.0,0.0,0.0,0.0,0.0,0.0,0.0,0.0,0.0,0.0,0.0,0.0,0.0,0.0,0.0,0.0,0.0,0.0,0.0,0.0,0.0,0.0,0.0,0.0,0.0,0.0,0.0,0.0,0.0,0.0,0.0,0.0,0.0,0.0,0.0,0.0,0.0,0.0,0
nMwSsHkjmfk,,,,,,,,,,,,,,,,,,,,,,,,,,,,,,,,,,,,,,,,,,,,,,,,,,,,,,,,,,,,,,,,,1415.0,1606.0,1711.0,1784.0,1831.0,1868.0,1889.0,1912.0,1930.0,1958.0,1993.0,2005.0,2016.0,2027.0,2034.0,2045.0,2052.0,2059.0,2061.0,2063.0,2074.0,2081.0,2091.0,2107.0,2106.0,2113.0,2119.0,2124.0,2134.0,2142.0,2144.0,2152.0,2157.0,2166.0,2172.0,2184.0,2217.0,2239.0,2249.0,2265.0,2272.0,2278.0,2284.0,2305.0,2328.0,2340.0,2351.0,2365.0,2375.0,2382.0,2395.0,2406.0,2418.0,2433.0,2439.0,2442.0,2445.0,2451.0,2465.0,2471.0,2475.0,2484.0,2488.0,2490.0,2504.0,2511.0,2520.0,2525.0,2529.0,2535.0,2537.0,2541.0,2551.0,2553.0,2557.0,2564.0,2569.0,2574.0,2579.0,2584.0,2586.0,2591.0,2595.0,2598.0,2601.0,2603.0,2605.0,2608.0,2610.0,2612.0,2613.0,2615.0,2621.0,2624.0,2626.0,2632.0,2633.0,2634.0,2639.0,2639.0,2641.0,2644.0,2649.0,2651.0,2655.0,2656.0,2662.0,2670.0,2672.0,2673.0,2677.0,2679.0,2683.0,2689.0,2694.0,2699.0,2699.0,2704.0,2708.0,2711.0,2715.0,2720.0,2721.0,2722.0,2726.0,2731.0,2736.0,2740.0,2743.0,2745.0,2751.0,2754.0,2755.0,2755.0,2757.0,2760.0,2763.0,2766.0,2768.0,2773.0,2775.0,2775.0,2776.0,2781
wPvQXbgxJqk,,,,,,,,,,,,,,,,,,,,,,,,,,,,,,,,,,,,,,,,,,,,,,,,,,,,,,,,,,,,,,,,,20.0,28.0,34.0,35.0,35.0,38.0,38.0,40.0,41.0,43.0,47.0,47.0,49.0,49.0,49.0,50.0,50.0,50.0,51.0,51.0,51.0,52.0,52.0,52.0,52.0,52.0,52.0,52.0,52.0,52.0,52.0,52.0,52.0,52.0,52.0,52.0,52.0,52.0,52.0,52.0,52.0,52.0,52.0,52.0,52.0,52.0,52.0,52.0,52.0,52.0,52.0,52.0,52.0,52.0,52.0,52.0,52.0,52.0,53.0,53.0,53.0,53.0,53.0,53.0,53.0,53.0,53.0,53.0,53.0,53.0,53.0,53.0,53.0,53.0,53.0,53.0,53.0,53.0,53.0,53.0,54.0,54.0,54.0,54.0,54.0,54.0,54.0,54.0,54.0,54.0,54.0,54.0,54.0,54.0,54.0,54.0,54.0,54.0,55.0,55.0,55.0,55.0,55.0,56.0,56.0,56.0,56.0,56.0,56.0,56.0,56.0,56.0,56.0,56.0,56.0,56.0,56.0,56.0,56.0,56.0,56.0,56.0,56.0,56.0,56.0,56.0,56.0,56.0,56.0,56.0,56.0,56.0,56.0,56.0,56.0,56.0,56.0,56.0,56.0,56.0,56.0,56.0,56.0,56
0K6tjifZzU4,,,,,,,,,,,,,,,,,,,,,,,,,,,,,,,,,,,,,,,,,,,,,,,,,,,,,,,,,,,,,,,,,16.0,17.0,19.0,21.0,21.0,21.0,21.0,21.0,21.0,21.0,22.0,22.0,22.0,22.0,22.0,22.0,22.0,22.0,23.0,23.0,23.0,23.0,24.0,24.0,25.0,25.0,25.0,25.0,25.0,25.0,25.0,25.0,25.0,25.0,26.0,26.0,26.0,26.0,26.0,26.0,26.0,26.0,26.0,26.0,26.0,26.0,26.0,26.0,26.0,26.0,26.0,26.0,26.0,26.0,26.0,26.0,26.0,26.0,27.0,27.0,27.0,27.0,27.0,27.0,27.0,27.0,27.0,27.0,27.0,27.0,27.0,27.0,27.0,27.0,27.0,27.0,27.0,27.0,27.0,27.0,27.0,28.0,28.0,28.0,28.0,28.0,28.0,28.0,28.0,28.0,28.0,28.0,28.0,28.0,28.0,28.0,28.0,28.0,28.0,28.0,28.0,28.0,28.0,28.0,28.0,28.0,28.0,28.0,28.0,28.0,28.0,28.0,28.0,28.0,28.0,28.0,28.0,28.0,28.0,28.0,28.0,28.0,28.0,28.0,28.0,28.0,28.0,28.0,28.0,28.0,28.0,28.0,28.0,28.0,28.0,28.0,29.0,29.0,30.0,30.0,30.0,30.0,30.0,31
R57IaRgtQ_g,,,,,,,,,,,,,,,,,,,,,,,,,,,,,,,,,,,,,,,,,,,,,,,,,,,,,,,,,,,,,,,,,,0.0,0.0,0.0,0.0,0.0,0.0,0.0,0.0,0.0,0.0,0.0,0.0,0.0,0.0,0.0,0.0,0.0,0.0,0.0,0.0,0.0,0.0,0.0,0.0,0.0,0.0,12.0,17.0,17.0,17.0,20.0,20.0,20.0,20.0,20.0,20.0,20.0,20.0,20.0,21.0,21.0,22.0,22.0,22.0,24.0,24.0,24.0,24.0,24.0,24.0,24.0,25.0,25.0,25.0,25.0,25.0,25.0,25.0,25.0,25.0,25.0,25.0,27.0,29.0,29.0,29.0,30.0,30.0,30.0,30.0,30.0,30.0,31.0,31.0,31.0,31.0,31.0,32.0,32.0,33.0,33.0,33.0,33.0,34.0,34.0,34.0,34.0,34.0,34.0,34.0,34.0,34.0,34.0,34.0,34.0,35.0,35.0,35.0,35.0,35.0,35.0,35.0,35.0,35.0,35.0,35.0,35.0,35.0,35.0,35.0,35.0,35.0,35.0,35.0,35.0,35.0,35.0,35.0,35.0,35.0,35.0,35.0,35.0,36.0,36.0,36.0,36.0,36.0,36.0,36.0,36.0,36.0,36.0,36.0,36.0,36.0,36.0,36.0,36.0,36.0,36.0,36.0,36
RIjrFfKehis,,,,,,,,,,,,,,,,,,,,,,,,,,,,,,,,,,,,,,,,,,,,,,,,,,,,,,,,,,,,,,,,,,,945.0,949.0,950.0,950.0,949.0,954.0,953.0,961.0,966.0,966.0,969.0,973.0,974.0,978.0,977.0,978.0,982.0,983.0,987.0,991.0,996.0,997.0,997.0,999.0,999.0,1000.0,1001.0,1003.0,1004.0,1006.0,1006.0,1006.0,1006.0,1007.0,1008.0,1009.0,1009.0,1010.0,1010.0,1009.0,1010.0,1011.0,1011.0,1010.0,1009.0,1011.0,1011.0,1014.0,1015.0,1015.0,1015.0,1015.0,1016.0,1017.0,1019.0,1020.0,1021.0,1022.0,1021.0,1022.0,1024.0,1025.0,1025.0,1026.0,1026.0,1026.0,1026.0,1027.0,1029.0,1028.0,1029.0,1028.0,1023.0,1023.0,1025.0,1026.0,1026.0,1026.0,1026.0,1027.0,1027.0,1026.0,1026.0,1026.0,1026.0,1026.0,1026.0,1025.0,1025.0,1023.0,1023.0,1025.0,1026.0,1025.0,1026.0,1026.0,1026.0,1026.0,1026.0,1025.0,1026.0,1027.0,1027.0,1027.0,1027.0,1027.0,1027.0,1027.0,1026.0,1026.0,1026.0,1027.0,1027.0,1027.0,1025.0,1023.0,1023.0,1023.0,1022.0,1022.0,1021.0,1021.0,1021.0,1021.0,1022.0,1021.0,1021.0,1021.0,1021.0,1022.0,1022.0,1022.0,1022.0,1022.0,1023.0,1023.0,1023.0,1023.0,1023.0,1023.0,1023.0,1023
FeU8m9YEVSY,,,,,,,,,,,,,,,,,,,,,,,,,,,,,,,,,,,,,,,,,,,,,,,,,,,,,,,,,,,,,,,,,,,,472.0,816.0,973.0,1096.0,1198.0,1257.0,1333.0,1396.0,1416.0,1442.0,1484.0,1554.0,1584.0,1638.0,1680.0,1716.0,1772.0,1814.0,1837.0,1855.0,1871.0,1884.0,1897.0,1906.0,1917.0,1928.0,1936.0,1950.0,1953.0,1964.0,1971.0,1974.0,1979.0,1987.0,1988.0,1989.0,1995.0,1996.0,1999.0,1998.0,2002.0,2006.0,2009.0,2008.0,2013.0,2020.0,2021.0,2021.0,2024.0,2033.0,2035.0,2035.0,2038.0,2042.0,2045.0,2050.0,2053.0,2063.0,2064.0,2066.0,2073.0,2074.0,2078.0,2080.0,2085.0,2087.0,2092.0,2097.0,2099.0,2102.0,2106.0,2105.0,2108.0,2110.0,2113.0,2115.0,2116.0,2119.0,2120.0,2124.0,2127.0,2129.0,2133.0,2134.0,2135.0,2140.0,2145.0,2146.0,2152.0,2156.0,2161.0,2165.0,2165.0,2165.0,2165.0,2165.0,2165.0,2164.0,2165.0,2165.0,2165.0,2165.0,2165.0,2165.0,2167.0,2167.0,2166.0,2168.0,2168.0,2168.0,2168.0,2169.0,2169.0,2169.0,2169.0,2169.0,2169.0,2169.0,2169.0,2170.0,2171.0,2170.0,2170.0,2171.0,2171.0,2171.0,2171.0,2171.0,2171.0,2171.0,2171.0,2171.0,2170.0,2171.0,2174.0,2174.0,2169.0,2169.0,2171.0,2171.0,2171
RcU8cCdhNp4,,,,,,,,,,,,,,,,,,,,,,,,,,,,,,,,,,,,,,,,,,,,,,,,,,,,,,,,,,,,,,,,,,,,386.0,605.0,684.0,740.0,768.0,785.0,798.0,817.0,824.0,827.0,839.0,848.0,854.0,860.0,864.0,882.0,891.0,899.0,902.0,912.0,920.0,923.0,928.0,930.0,932.0,932.0,934.0,934.0,936.0,938.0,939.0,940.0,943.0,945.0,947.0,949.0,953.0,956.0,960.0,960.0,964.0,967.0,969.0,972.0,973.0,974.0,975.0,975.0,976.0,978.0,978.0,979.0,979.0,979.0,974.0,974.0,974.0,975.0,975.0,975.0,975.0,975.0,976.0,976.0,976.0,976.0,977.0,978.0,978.0,978.0,978.0,979.0,979.0,978.0,978.0,978.0,978.0,978.0,978.0,978.0,978.0,978.0,978.0,978.0,978.0,978.0,978.0,979.0,979.0,979.0,979.0,979.0,979.0,979.0,979.0,979.0,979.0,979.0,979.0,979.0,979.0,979.0,979.0,979.0,979.0,979.0,979.0,979.0,979.0,979.0,979.0,979.0,979.0,982.0,981.0,981.0,981.0,981.0,981.0,981.0,981.0,981.0,982.0,982.0,982.0,982.0,982.0,982.0,982.0,982.0,982.0,982.0,982.0,982.0,982.0,982.0,982.0,982.0,982.0,982.0,982
Gt0wRAFpwvg,,,,,,,,,,,,,,,,,,,,,,,,,,,,,,,,,,,,,,,,,,,,,,,,,,,,,,,,,,,,,,,,,,,,2447.0,3069.0,3320.0,3436.0,3531.0,3611.0,3669.0,3757.0,3776.0,3796.0,3805.0,3824.0,3836.0,3860.0,3879.0,3891.0,3893.0,3906.0,3917.0,3928.0,3943.0,3949.0,3963.0,3973.0,3983.0,3990.0,4004.0,4027.0,4048.0,4057.0,4067.0,4079.0,4087.0,4100.0,4104.0,4106.0,4110.0,4116.0,4125.0,4133.0,4140.0,4148.0,4151.0,4157.0,4162.0,4167.0,4172.0,4175.0,4179.0,4185.0,4186.0,4192.0,4196.0,4200.0,4191.0,4194.0,4197.0,4198.0,4193.0,4197.0,4200.0,4202.0,4207.0,4210.0,4213.0,4213.0,4213.0,4212.0,4211.0,4212.0,4216.0,4216.0,4217.0,4218.0,4220.0,4223.0,4224.0,4231.0,4235.0,4238.0,4241.0,4243.0,4249.0,4253.0,4256.0,4260.0,4261.0,4263.0,4264.0,4266.0,4267.0,4270.0,4272.0,4274.0,4276.0,4279.0,4281.0,4287.0,4288.0,4290.0,4292.0,4295.0,4296.0,4298.0,4299.0,4300.0,4301.0,4303.0,4302.0,4303.0,4303.0,4298.0,4300.0,4302.0,4303.0,4306.0,4306.0,4306.0,4306.0,4307.0,4311.0,4313.0,4314.0,4318.0,4319.0,4320.0,4325.0,4325.0,4328.0,4330.0,4331.0,4332.0,4335.0,4336.0,4339.0,4342.0,4343.0,4345.0,4345.0,4347.0,4349
Gt0wRAFpwvg,,,,,,,,,,,,,,,,,,,,,,,,,,,,,,,,,,,,,,,,,,,,,,,,,,,,,,,,,,,,,,,,,,,,2447.0,3069.0,3320.0,3436.0,3531.0,3611.0,3669.0,3757.0,3776.0,3796.0,3805.0,3824.0,3836.0,3860.0,3879.0,3891.0,3893.0,3906.0,3917.0,3928.0,3943.0,3949.0,3963.0,3973.0,3983.0,3990.0,4004.0,4027.0,4048.0,4057.0,4067.0,4079.0,4087.0,4100.0,4104.0,4106.0,4110.0,4116.0,4125.0,4133.0,4140.0,4148.0,4151.0,4157.0,4162.0,4167.0,4172.0,4175.0,4179.0,4185.0,4186.0,4192.0,4196.0,4200.0,4191.0,4194.0,4197.0,4198.0,4193.0,4197.0,4200.0,4202.0,4207.0,4210.0,4213.0,4213.0,4213.0,4212.0,4211.0,4212.0,4216.0,4216.0,4217.0,4218.0,4220.0,4223.0,4224.0,4231.0,4235.0,4238.0,4241.0,4243.0,4249.0,4253.0,4256.0,4260.0,4261.0,4263.0,4264.0,4266.0,4267.0,4270.0,4272.0,4274.0,4276.0,4279.0,4281.0,4287.0,4288.0,4290.0,4292.0,4295.0,4296.0,4298.0,4299.0,4300.0,4301.0,4303.0,4302.0,4303.0,4303.0,4298.0,4300.0,4302.0,4303.0,4306.0,4306.0,4306.0,4306.0,4307.0,4311.0,4313.0,4314.0,4318.0,4319.0,4320.0,4325.0,4325.0,4328.0,4330.0,4331.0,4332.0,4335.0,4336.0,4339.0,4342.0,4343.0,4345.0,4345.0,4347.0,4349
nXrQR-Tc_H4,,,,,,,,,,,,,,,,,,,,,,,,,,,,,,,,,,,,,,,,,,,,,,,,,,,,,,,,,,,,,,,,,,,,155.0,159.0,160.0,163.0,168.0,169.0,174.0,176.0,182.0,183.0,184.0,184.0,185.0,185.0,187.0,190.0,193.0,193.0,193.0,193.0,193.0,191.0,191.0,192.0,192.0,194.0,195.0,195.0,195.0,195.0,195.0,195.0,195.0,190.0,190.0,190.0,191.0,191.0,191.0,191.0,191.0,191.0,191.0,191.0,191.0,192.0,194.0,194.0,194.0,195.0,195.0,195.0,195.0,191.0,191.0,193.0,194.0,195.0,196.0,198.0,199.0,199.0,199.0,199.0,199.0,200.0,200.0,200.0,200.0,200.0,201.0,201.0,201.0,201.0,201.0,201.0,204.0,205.0,205.0,207.0,207.0,207.0,207.0,207.0,207.0,207.0,207.0,207.0,207.0,207.0,207.0,207.0,208.0,209.0,209.0,209.0,211.0,211.0,211.0,211.0,211.0,212.0,212.0,209.0,209.0,209.0,209.0,199.0,199.0,199.0,199.0,200.0,200.0,200.0,200.0,203.0,203.0,203.0,203.0,203.0,203.0,203.0,203.0,203.0,205.0,205.0,205.0,205.0,206.0,207.0,207.0,207.0,207.0,207.0,207.0,207.0,207.0,207.0,207.0,207.0,207
qwmNcmuXMVA,,,,,,,,,,,,,,,,,,,,,,,,,,,,,,,,,,,,,,,,,,,,,,,,,,,,,,,,,,,,,,,,,,,,187.0,191.0,194.0,199.0,202.0,205.0,207.0,210.0,213.0,215.0,216.0,218.0,220.0,222.0,223.0,225.0,225.0,225.0,227.0,227.0,227.0,227.0,229.0,231.0,231.0,231.0,231.0,231.0,231.0,231.0,231.0,231.0,231.0,233.0,233.0,233.0,233.0,233.0,233.0,233.0,233.0,233.0,233.0,233.0,234.0,234.0,234.0,234.0,234.0,234.0,234.0,234.0,234.0,235.0,234.0,234.0,234.0,234.0,234.0,234.0,234.0,233.0,233.0,233.0,233.0,233.0,233.0,233.0,233.0,233.0,233.0,233.0,234.0,234.0,234.0,235.0,235.0,235.0,235.0,235.0,235.0,235.0,235.0,235.0,235.0,235.0,235.0,235.0,235.0,235.0,235.0,236.0,239.0,239.0,239.0,239.0,239.0,239.0,239.0,241.0,241.0,241.0,241.0,241.0,241.0,241.0,241.0,241.0,241.0,241.0,241.0,241.0,241.0,241.0,241.0,241.0,241.0,241.0,241.0,241.0,241.0,241.0,241.0,241.0,241.0,241.0,241.0,241.0,241.0,241.0,241.0,241.0,241.0,241.0,241.0,241.0,241.0,241.0,241.0,241.0,241
LHUMzyMq084,,,,,,,,,,,,,,,,,,,,,,,,,,,,,,,,,,,,,,,,,,,,,,,,,,,,,,,,,,,,,,,,,,,,1264.0,1884.0,2197.0,2433.0,2562.0,2634.0,2714.0,2825.0,2859.0,2894.0,2943.0,2964.0,2984.0,3000.0,3022.0,3034.0,3045.0,3069.0,3086.0,3098.0,3107.0,3121.0,3129.0,3138.0,3142.0,3151.0,3152.0,3156.0,3163.0,3170.0,3177.0,3182.0,3184.0,3187.0,3193.0,3195.0,3198.0,3203.0,3207.0,3213.0,3214.0,3218.0,3217.0,3219.0,3222.0,3223.0,3226.0,3228.0,3230.0,3232.0,3236.0,3238.0,3237.0,3238.0,3234.0,3235.0,3239.0,3242.0,3244.0,3242.0,3243.0,3243.0,3250.0,3257.0,3262.0,3262.0,3264.0,3269.0,3275.0,3265.0,3268.0,3268.0,3269.0,3269.0,3270.0,3273.0,3273.0,3273.0,3275.0,3274.0,3273.0,3274.0,3273.0,3273.0,3274.0,3275.0,3278.0,3280.0,3281.0,3280.0,3280.0,3280.0,3280.0,3280.0,3283.0,3283.0,3278.0,3281.0,3280.0,3281.0,3281.0,3285.0,3289.0,3289.0,3283.0,3286.0,3285.0,3285.0,3285.0,3285.0,3288.0,3294.0,3295.0,3296.0,3302.0,3305.0,3308.0,3310.0,3312.0,3314.0,3316.0,3314.0,3317.0,3318.0,3318.0,3318.0,3319.0,3319.0,3320.0,3325.0,3322.0,3323.0,3323.0,3324.0,3325.0,3326.0,3330.0,3330.0,3331.0,3334.0,3334
DzV97MXTZx8,,,,,,,,,,,,,,,,,,,,,,,,,,,,,,,,,,,,,,,,,,,,,,,,,,,,,,,,,,,,,,,,,,,,,944.0,1511.0,1915.0,2169.0,2280.0,2301.0,2354.0,2344.0,2359.0,2382.0,2408.0,2416.0,2430.0,2448.0,2454.0,2469.0,2478.0,2485.0,2491.0,2500.0,2518.0,2530.0,2540.0,2547.0,2556.0,2573.0,2577.0,2591.0,2606.0,2625.0,2638.0,2642.0,2649.0,2657.0,2657.0,2660.0,2663.0,2660.0,2660.0,2664.0,2665.0,2665.0,2665.0,2667.0,2668.0,2671.0,2674.0,2673.0,2674.0,2675.0,2676.0,2676.0,2680.0,2678.0,2681.0,2681.0,2682.0,2689.0,2690.0,2692.0,2686.0,2685.0,2686.0,2686.0,2686.0,2686.0,2687.0,2687.0,2688.0,2688.0,2688.0,2689.0,2690.0,2692.0,2695.0,2695.0,2696.0,2696.0,2697.0,2697.0,2697.0,2699.0,2694.0,2695.0,2695.0,2695.0,2699.0,2699.0,2699.0,2702.0,2703.0,2704.0,2704.0,2706.0,2704.0,2704.0,2704.0,2704.0,2704.0,2703.0,2703.0,2702.0,2701.0,2701.0,2686.0,2686.0,2686.0,2687.0,2688.0,2691.0,2691.0,2692.0,2692.0,2695.0,2695.0,2695.0,2695.0,2695.0,2700.0,2701.0,2701.0,2701.0,2701.0,2701.0,2702.0,2703.0,2703.0,2703.0,2703.0,2703.0,2703.0,2704.0,2705.0,2708.0,2709.0,2709.0,2709.0,2709.0,2710.0,2712
KzxOtaHsQEQ,,,,,,,,,,,,,,,,,,,,,,,,,,,,,,,,,,,,,,,,,,,,,,,,,,,,,,,,,,,,,,,,,,,,,102.0,146.0,162.0,174.0,182.0,187.0,196.0,200.0,202.0,203.0,205.0,207.0,211.0,217.0,218.0,219.0,219.0,219.0,219.0,219.0,219.0,219.0,219.0,219.0,220.0,220.0,220.0,220.0,220.0,220.0,221.0,221.0,221.0,221.0,222.0,223.0,223.0,223.0,223.0,223.0,223.0,223.0,222.0,222.0,222.0,222.0,222.0,222.0,222.0,222.0,222.0,222.0,222.0,223.0,223.0,223.0,223.0,223.0,223.0,223.0,223.0,223.0,223.0,223.0,223.0,223.0,223.0,223.0,223.0,223.0,223.0,223.0,223.0,223.0,223.0,223.0,223.0,223.0,223.0,223.0,223.0,223.0,223.0,223.0,223.0,223.0,223.0,223.0,223.0,223.0,224.0,224.0,224.0,224.0,224.0,224.0,224.0,224.0,224.0,224.0,224.0,224.0,224.0,224.0,224.0,224.0,224.0,224.0,223.0,223.0,223.0,223.0,224.0,224.0,224.0,224.0,224.0,225.0,225.0,225.0,225.0,226.0,226.0,226.0,226.0,226.0,226.0,226.0,227.0,228.0,228.0,228.0,228.0,228.0,229.0,229.0,229.0,229.0,229.0,229
Wy4DRb1KfJ0,,,,,,,,,,,,,,,,,,,,,,,,,,,,,,,,,,,,,,,,,,,,,,,,,,,,,,,,,,,,,,,,,,,,,90.0,225.0,285.0,310.0,322.0,333.0,339.0,341.0,344.0,345.0,345.0,345.0,345.0,345.0,346.0,346.0,347.0,348.0,348.0,349.0,349.0,349.0,349.0,349.0,349.0,349.0,349.0,349.0,349.0,349.0,351.0,351.0,351.0,351.0,351.0,352.0,352.0,355.0,355.0,356.0,356.0,356.0,356.0,356.0,356.0,357.0,357.0,357.0,357.0,357.0,357.0,356.0,356.0,356.0,357.0,357.0,357.0,357.0,357.0,357.0,357.0,357.0,357.0,357.0,357.0,357.0,357.0,357.0,357.0,357.0,357.0,357.0,357.0,357.0,357.0,357.0,357.0,357.0,357.0,357.0,357.0,357.0,357.0,357.0,357.0,357.0,357.0,357.0,357.0,357.0,357.0,357.0,357.0,357.0,357.0,357.0,357.0,357.0,357.0,357.0,357.0,357.0,356.0,356.0,356.0,356.0,356.0,356.0,356.0,356.0,353.0,353.0,353.0,353.0,353.0,353.0,353.0,353.0,353.0,353.0,353.0,353.0,353.0,353.0,353.0,353.0,353.0,354.0,354.0,353.0,353.0,353.0,353.0,353.0,353.0,353.0,352.0,352.0,352.0,352
pJ9voGp361g,,,,,,,,,,,,,,,,,,,,,,,,,,,,,,,,,,,,,,,,,,,,,,,,,,,,,,,,,,,,,,,,,,,,,36.0,51.0,54.0,69.0,72.0,74.0,77.0,84.0,84.0,86.0,86.0,86.0,87.0,90.0,95.0,100.0,104.0,104.0,105.0,106.0,106.0,108.0,108.0,108.0,108.0,108.0,108.0,108.0,108.0,108.0,108.0,109.0,109.0,109.0,110.0,110.0,110.0,111.0,112.0,112.0,112.0,112.0,112.0,110.0,110.0,110.0,110.0,110.0,111.0,111.0,111.0,111.0,111.0,111.0,111.0,114.0,114.0,114.0,114.0,114.0,114.0,114.0,114.0,114.0,114.0,114.0,114.0,114.0,114.0,114.0,114.0,115.0,115.0,115.0,115.0,115.0,115.0,115.0,115.0,116.0,116.0,116.0,116.0,116.0,117.0,117.0,118.0,119.0,119.0,119.0,119.0,119.0,119.0,120.0,120.0,120.0,120.0,120.0,120.0,120.0,120.0,120.0,120.0,120.0,120.0,120.0,120.0,120.0,120.0,120.0,120.0,120.0,120.0,120.0,120.0,120.0,120.0,120.0,120.0,120.0,120.0,120.0,120.0,120.0,120.0,120.0,120.0,120.0,120.0,120.0,121.0,121.0,121.0,121.0,121.0,121.0,121.0,121.0,121.0,121
DzV97MXTZx8,,,,,,,,,,,,,,,,,,,,,,,,,,,,,,,,,,,,,,,,,,,,,,,,,,,,,,,,,,,,,,,,,,,,,944.0,1511.0,1915.0,2169.0,2280.0,2301.0,2354.0,2344.0,2359.0,2382.0,2408.0,2416.0,2430.0,2448.0,2454.0,2469.0,2478.0,2485.0,2491.0,2500.0,2518.0,2530.0,2540.0,2547.0,2556.0,2573.0,2577.0,2591.0,2606.0,2625.0,2638.0,2642.0,2649.0,2657.0,2657.0,2660.0,2663.0,2660.0,2660.0,2664.0,2665.0,2665.0,2665.0,2667.0,2668.0,2671.0,2674.0,2673.0,2674.0,2675.0,2676.0,2676.0,2680.0,2678.0,2681.0,2681.0,2682.0,2689.0,2690.0,2692.0,2686.0,2685.0,2686.0,2686.0,2686.0,2686.0,2687.0,2687.0,2688.0,2688.0,2688.0,2689.0,2690.0,2692.0,2695.0,2695.0,2696.0,2696.0,2697.0,2697.0,2697.0,2699.0,2694.0,2695.0,2695.0,2695.0,2699.0,2699.0,2699.0,2702.0,2703.0,2704.0,2704.0,2706.0,2704.0,2704.0,2704.0,2704.0,2704.0,2703.0,2703.0,2702.0,2701.0,2701.0,2686.0,2686.0,2686.0,2687.0,2688.0,2691.0,2691.0,2692.0,2692.0,2695.0,2695.0,2695.0,2695.0,2695.0,2700.0,2701.0,2701.0,2701.0,2701.0,2701.0,2702.0,2703.0,2703.0,2703.0,2703.0,2703.0,2703.0,2704.0,2705.0,2708.0,2709.0,2709.0,2709.0,2709.0,2710.0,2712
iiHXtBLfMcw,,,,,,,,,,,,,,,,,,,,,,,,,,,,,,,,,,,,,,,,,,,,,,,,,,,,,,,,,,,,,,,,,,,,,,190.0,203.0,210.0,215.0,217.0,227.0,228.0,228.0,228.0,228.0,230.0,232.0,235.0,240.0,241.0,241.0,241.0,241.0,244.0,244.0,244.0,246.0,248.0,249.0,251.0,251.0,254.0,254.0,255.0,255.0,255.0,255.0,255.0,255.0,255.0,255.0,255.0,255.0,255.0,255.0,255.0,255.0,255.0,255.0,256.0,256.0,256.0,256.0,256.0,256.0,255.0,256.0,256.0,256.0,256.0,257.0,257.0,257.0,257.0,257.0,258.0,258.0,259.0,257.0,257.0,257.0,257.0,257.0,257.0,257.0,257.0,257.0,257.0,257.0,257.0,258.0,259.0,259.0,259.0,259.0,259.0,259.0,259.0,259.0,259.0,259.0,259.0,259.0,259.0,259.0,259.0,259.0,259.0,259.0,259.0,259.0,259.0,259.0,260.0,260.0,260.0,260.0,260.0,260.0,261.0,261.0,261.0,261.0,261.0,261.0,261.0,261.0,261.0,261.0,261.0,261.0,261.0,261.0,261.0,261.0,261.0,262.0,262.0,262.0,262.0,262.0,262.0,262.0,262.0,262.0,262.0,262.0,262.0,262.0,262.0,262.0,262.0,262.0,262
ioK78YucIjc,,,,,,,,,,,,,,,,,,,,,,,,,,,,,,,,,,,,,,,,,,,,,,,,,,,,,,,,,,,,,,,,,,,,,,633.0,1046.0,1146.0,1219.0,1281.0,1366.0,1422.0,1449.0,1472.0,1492.0,1516.0,1537.0,1557.0,1597.0,1621.0,1640.0,1657.0,1682.0,1706.0,1729.0,1748.0,1759.0,1785.0,1801.0,1810.0,1816.0,1832.0,1845.0,1857.0,1860.0,1868.0,1870.0,1872.0,1878.0,1879.0,1882.0,1884.0,1889.0,1899.0,1900.0,1907.0,1907.0,1911.0,1913.0,1916.0,1916.0,1915.0,1917.0,1918.0,1919.0,1917.0,1915.0,1917.0,1918.0,1919.0,1922.0,1924.0,1927.0,1935.0,1936.0,1939.0,1944.0,1945.0,1947.0,1949.0,1950.0,1955.0,1956.0,1957.0,1957.0,1959.0,1959.0,1952.0,1956.0,1956.0,1958.0,1958.0,1962.0,1968.0,1969.0,1974.0,1976.0,1976.0,1979.0,1979.0,1979.0,1980.0,1984.0,1985.0,1988.0,1992.0,1994.0,1994.0,1994.0,1994.0,1995.0,1996.0,1997.0,1993.0,1994.0,1999.0,2003.0,2005.0,2008.0,2008.0,2009.0,2012.0,2016.0,2017.0,2017.0,2017.0,2020.0,2020.0,2023.0,2023.0,2025.0,2026.0,2027.0,2027.0,2027.0,2027.0,2027.0,2027.0,2030.0,2030.0,2032.0,2035.0,2040.0,2040.0,2041.0,2042.0,2043.0,2042.0,2042.0,2042.0,2044.0,2046.0,2048.0,2049
ItSKahBISg0,,,,,,,,,,,,,,,,,,,,,,,,,,,,,,,,,,,,,,,,,,,,,,,,,,,,,,,,,,,,,,,,,,,,,,2028.0,3825.0,4510.0,4968.0,5266.0,5631.0,5761.0,5912.0,6020.0,6156.0,6267.0,6405.0,6524.0,6642.0,6748.0,6836.0,6925.0,7016.0,7114.0,7219.0,7348.0,7459.0,7605.0,7719.0,7844.0,7944.0,8080.0,8208.0,8312.0,8457.0,8625.0,8763.0,8865.0,8957.0,9040.0,9135.0,9222.0,9327.0,9455.0,9515.0,9611.0,9685.0,9751.0,9837.0,9985.0,10160.0,10272.0,10394.0,10518.0,10641.0,10804.0,10963.0,11115.0,11242.0,11344.0,11447.0,11580.0,11693.0,11815.0,11901.0,11988.0,12046.0,12149.0,12246.0,12308.0,12411.0,12493.0,12564.0,12631.0,12688.0,12758.0,12833.0,12926.0,13002.0,13053.0,13114.0,13158.0,13197.0,13231.0,13291.0,13324.0,13366.0,13421.0,13460.0,13504.0,13566.0,13623.0,13691.0,13730.0,13758.0,13804.0,13852.0,13877.0,13914.0,13957.0,13988.0,14012.0,14048.0,14078.0,14107.0,14141.0,14176.0,14208.0,14217.0,14244.0,14279.0,14299.0,14330.0,14354.0,14385.0,14407.0,14426.0,14445.0,14465.0,14480.0,14498.0,14518.0,14536.0,14551.0,14567.0,14574.0,14601.0,14630.0,14680.0,14707.0,14717.0,14739.0,14764.0,14767.0,14770.0,14790.0,14808.0,14832.0,14846.0,14859.0,14882.0,14897.0,14900.0,14934
8_6UqnEjSU0,,,,,,,,,,,,,,,,,,,,,,,,,,,,,,,,,,,,,,,,,,,,,,,,,,,,,,,,,,,,,,,,,,,,,,116.0,141.0,153.0,161.0,175.0,190.0,194.0,197.0,197.0,199.0,201.0,203.0,203.0,205.0,225.0,243.0,251.0,266.0,277.0,285.0,291.0,299.0,305.0,311.0,315.0,321.0,326.0,328.0,330.0,335.0,338.0,345.0,347.0,347.0,349.0,349.0,350.0,351.0,352.0,354.0,357.0,359.0,360.0,361.0,365.0,367.0,371.0,376.0,379.0,380.0,381.0,380.0,383.0,385.0,389.0,392.0,396.0,399.0,400.0,402.0,404.0,406.0,408.0,408.0,410.0,412.0,414.0,414.0,414.0,416.0,417.0,418.0,418.0,418.0,418.0,419.0,419.0,419.0,419.0,419.0,419.0,419.0,419.0,419.0,419.0,420.0,420.0,420.0,420.0,420.0,420.0,420.0,420.0,420.0,420.0,420.0,420.0,420.0,420.0,420.0,420.0,420.0,421.0,421.0,421.0,421.0,422.0,422.0,422.0,422.0,422.0,422.0,422.0,422.0,422.0,423.0,423.0,423.0,423.0,423.0,423.0,423.0,423.0,424.0,424.0,424.0,424.0,424.0,424.0,424.0,424.0,424.0,424.0,424.0,424.0,424.0,424.0,428.0,428
ejbFkYmX7kg,,,,,,,,,,,,,,,,,,,,,,,,,,,,,,,,,,,,,,,,,,,,,,,,,,,,,,,,,,,,,,,,,,,,,,845.0,1252.0,1367.0,1433.0,1476.0,1544.0,1573.0,1606.0,1617.0,1625.0,1639.0,1647.0,1665.0,1680.0,1693.0,1714.0,1736.0,1747.0,1749.0,1756.0,1763.0,1769.0,1772.0,1775.0,1778.0,1779.0,1784.0,1778.0,1785.0,1786.0,1792.0,1795.0,1798.0,1800.0,1800.0,1801.0,1801.0,1805.0,1809.0,1809.0,1810.0,1813.0,1814.0,1814.0,1812.0,1814.0,1814.0,1815.0,1815.0,1815.0,1815.0,1815.0,1811.0,1812.0,1814.0,1815.0,1815.0,1816.0,1816.0,1817.0,1817.0,1821.0,1822.0,1822.0,1820.0,1822.0,1822.0,1823.0,1823.0,1824.0,1824.0,1824.0,1824.0,1825.0,1829.0,1830.0,1831.0,1832.0,1829.0,1829.0,1828.0,1829.0,1830.0,1829.0,1829.0,1830.0,1829.0,1829.0,1829.0,1827.0,1828.0,1826.0,1826.0,1826.0,1826.0,1826.0,1827.0,1828.0,1828.0,1828.0,1829.0,1829.0,1829.0,1834.0,1834.0,1835.0,1836.0,1838.0,1839.0,1839.0,1839.0,1840.0,1840.0,1840.0,1840.0,1840.0,1840.0,1840.0,1841.0,1840.0,1841.0,1842.0,1842.0,1842.0,1842.0,1843.0,1844.0,1844.0,1844.0,1846.0,1846.0,1848.0,1848.0,1848.0,1850.0,1850.0,1852.0,1854.0,1854
h9roFEJv1sI,,,,,,,,,,,,,,,,,,,,,,,,,,,,,,,,,,,,,,,,,,,,,,,,,,,,,,,,,,,,,,,,,,,,,,11.0,11.0,11.0,11.0,11.0,12.0,12.0,12.0,12.0,13.0,13.0,13.0,13.0,13.0,13.0,13.0,13.0,13.0,13.0,13.0,13.0,13.0,13.0,13.0,13.0,13.0,13.0,13.0,13.0,13.0,13.0,13.0,13.0,13.0,13.0,13.0,13.0,13.0,13.0,13.0,13.0,14.0,14.0,14.0,14.0,14.0,14.0,14.0,14.0,14.0,14.0,14.0,14.0,14.0,14.0,14.0,14.0,14.0,14.0,14.0,14.0,14.0,14.0,14.0,14.0,14.0,14.0,14.0,14.0,14.0,14.0,14.0,14.0,14.0,14.0,14.0,14.0,14.0,14.0,14.0,14.0,14.0,14.0,14.0,14.0,14.0,14.0,14.0,14.0,14.0,14.0,14.0,14.0,14.0,14.0,14.0,14.0,14.0,14.0,14.0,14.0,14.0,14.0,14.0,14.0,14.0,14.0,14.0,14.0,14.0,14.0,14.0,14.0,14.0,15.0,15.0,15.0,15.0,15.0,15.0,15.0,15.0,15.0,15.0,15.0,15.0,15.0,15.0,15.0,15.0,15.0,15.0,15.0,15.0,15.0,15.0,15.0,15.0,15
8y3QgANqDz8,,,,,,,,,,,,,,,,,,,,,,,,,,,,,,,,,,,,,,,,,,,,,,,,,,,,,,,,,,,,,,,,,,,,,,126.0,149.0,153.0,163.0,169.0,175.0,176.0,181.0,183.0,185.0,187.0,190.0,191.0,195.0,196.0,196.0,197.0,198.0,199.0,199.0,199.0,199.0,200.0,200.0,201.0,202.0,202.0,202.0,203.0,203.0,203.0,203.0,204.0,204.0,205.0,207.0,207.0,209.0,209.0,209.0,209.0,209.0,209.0,209.0,210.0,210.0,211.0,212.0,212.0,212.0,213.0,214.0,216.0,218.0,219.0,218.0,220.0,221.0,221.0,222.0,223.0,223.0,223.0,223.0,223.0,225.0,226.0,227.0,227.0,228.0,228.0,228.0,228.0,229.0,229.0,229.0,229.0,231.0,231.0,231.0,231.0,231.0,232.0,232.0,233.0,233.0,234.0,236.0,237.0,237.0,237.0,237.0,237.0,237.0,237.0,237.0,239.0,239.0,241.0,241.0,241.0,241.0,240.0,241.0,242.0,242.0,242.0,243.0,243.0,243.0,243.0,243.0,243.0,244.0,245.0,245.0,246.0,248.0,248.0,247.0,247.0,247.0,248.0,248.0,248.0,248.0,248.0,248.0,249.0,249.0,249.0,249.0,249.0,249.0,250.0,251.0,251.0,251.0,252
0cLcsKaoXew,,,,,,,,,,,,,,,,,,,,,,,,,,,,,,,,,,,,,,,,,,,,,,,,,,,,,,,,,,,,,,,,,,,,,,164.0,187.0,198.0,206.0,210.0,213.0,213.0,215.0,215.0,213.0,215.0,219.0,219.0,219.0,219.0,219.0,217.0,217.0,218.0,217.0,217.0,216.0,209.0,210.0,209.0,210.0,210.0,210.0,210.0,210.0,210.0,210.0,210.0,210.0,210.0,211.0,211.0,212.0,212.0,212.0,212.0,212.0,212.0,214.0,214.0,214.0,214.0,214.0,214.0,214.0,215.0,215.0,215.0,215.0,215.0,215.0,215.0,215.0,215.0,215.0,215.0,215.0,215.0,215.0,214.0,215.0,215.0,215.0,215.0,215.0,215.0,215.0,215.0,215.0,215.0,215.0,215.0,215.0,215.0,215.0,215.0,215.0,215.0,216.0,216.0,216.0,216.0,218.0,219.0,219.0,219.0,219.0,219.0,219.0,219.0,219.0,219.0,219.0,219.0,219.0,219.0,218.0,218.0,218.0,218.0,218.0,218.0,219.0,219.0,219.0,219.0,219.0,219.0,219.0,219.0,219.0,219.0,219.0,219.0,219.0,219.0,219.0,219.0,219.0,219.0,219.0,219.0,219.0,219.0,219.0,219.0,219.0,219.0,219.0,219.0,219.0,219.0,219.0,219
NKh7ABN6iiM,,,,,,,,,,,,,,,,,,,,,,,,,,,,,,,,,,,,,,,,,,,,,,,,,,,,,,,,,,,,,,,,,,,,,,,41.0,50.0,53.0,55.0,59.0,61.0,62.0,64.0,64.0,65.0,67.0,67.0,68.0,68.0,70.0,70.0,71.0,71.0,72.0,72.0,72.0,72.0,74.0,76.0,78.0,79.0,79.0,80.0,81.0,81.0,81.0,81.0,81.0,81.0,82.0,82.0,82.0,82.0,82.0,82.0,82.0,82.0,82.0,82.0,82.0,82.0,82.0,82.0,82.0,82.0,82.0,82.0,82.0,82.0,82.0,82.0,82.0,82.0,82.0,82.0,82.0,82.0,82.0,82.0,82.0,82.0,82.0,82.0,82.0,82.0,82.0,82.0,82.0,82.0,82.0,82.0,82.0,82.0,82.0,82.0,82.0,82.0,82.0,82.0,82.0,82.0,82.0,82.0,82.0,82.0,82.0,82.0,82.0,82.0,82.0,82.0,82.0,82.0,82.0,82.0,82.0,82.0,82.0,82.0,82.0,82.0,82.0,82.0,82.0,82.0,82.0,82.0,82.0,82.0,82.0,82.0,82.0,82.0,82.0,82.0,82.0,82.0,82.0,82.0,82.0,82.0,82.0,82.0,82.0,82.0,82.0,82.0,82.0,82.0,82.0,82.0,82.0,82
_BzRriQWPwc,,,,,,,,,,,,,,,,,,,,,,,,,,,,,,,,,,,,,,,,,,,,,,,,,,,,,,,,,,,,,,,,,,,,,,,20.0,26.0,29.0,32.0,38.0,41.0,41.0,42.0,42.0,45.0,47.0,47.0,47.0,47.0,50.0,51.0,53.0,54.0,55.0,55.0,55.0,56.0,56.0,56.0,57.0,58.0,58.0,58.0,58.0,59.0,59.0,60.0,60.0,60.0,60.0,60.0,60.0,61.0,62.0,62.0,64.0,64.0,64.0,65.0,65.0,65.0,66.0,66.0,66.0,66.0,66.0,68.0,68.0,68.0,68.0,69.0,70.0,70.0,70.0,70.0,70.0,70.0,80.0,91.0,101.0,101.0,101.0,101.0,101.0,101.0,104.0,104.0,104.0,105.0,105.0,105.0,105.0,105.0,105.0,106.0,108.0,108.0,108.0,109.0,109.0,109.0,109.0,109.0,109.0,109.0,109.0,110.0,111.0,111.0,112.0,112.0,113.0,113.0,113.0,113.0,113.0,113.0,113.0,113.0,113.0,113.0,113.0,113.0,113.0,113.0,113.0,113.0,114.0,114.0,114.0,114.0,114.0,114.0,114.0,114.0,114.0,114.0,114.0,114.0,114.0,114.0,114.0,114.0,115.0,115.0,115.0,115.0,115.0,116.0,116.0,117.0,117.0,117
m18dRRu9-V4,,,,,,,,,,,,,,,,,,,,,,,,,,,,,,,,,,,,,,,,,,,,,,,,,,,,,,,,,,,,,,,,,,,,,,,4901.0,6944.0,7687.0,8187.0,8611.0,8736.0,8876.0,8969.0,9051.0,9097.0,9184.0,9245.0,9291.0,9320.0,9354.0,9393.0,9423.0,9444.0,9454.0,9466.0,9498.0,9507.0,9527.0,9545.0,9563.0,9578.0,9592.0,9617.0,9627.0,9640.0,9663.0,9672.0,9685.0,9697.0,9699.0,9706.0,9708.0,9721.0,9724.0,9730.0,9738.0,9738.0,9744.0,9745.0,9754.0,9758.0,9768.0,9776.0,9779.0,9782.0,9776.0,9758.0,9762.0,9770.0,9781.0,9787.0,9790.0,9797.0,9803.0,9827.0,9831.0,9832.0,9834.0,9836.0,9841.0,9845.0,9846.0,9848.0,9854.0,9857.0,9858.0,9859.0,9864.0,9857.0,9860.0,9868.0,9873.0,9868.0,9877.0,9884.0,9887.0,9889.0,9892.0,9902.0,9906.0,9909.0,9914.0,9923.0,9928.0,9937.0,9940.0,9941.0,9946.0,9952.0,9956.0,9962.0,9964.0,9968.0,9971.0,9973.0,9974.0,9981.0,9983.0,9991.0,9992.0,9994.0,9994.0,9997.0,10004.0,10004.0,10005.0,10005.0,10008.0,10008.0,10010.0,10012.0,10017.0,10019.0,10021.0,10025.0,10027.0,10030.0,10036.0,10034.0,10031.0,10033.0,10035.0,10037.0,10040.0,10039.0,10041.0,10045.0,10050.0,10051.0,10051.0,10054.0,10055.0,10058
uCfhl1g-Ndw,,,,,,,,,,,,,,,,,,,,,,,,,,,,,,,,,,,,,,,,,,,,,,,,,,,,,,,,,,,,,,,,,,,,,,,52.0,109.0,114.0,120.0,130.0,130.0,131.0,133.0,134.0,136.0,136.0,137.0,138.0,140.0,141.0,141.0,141.0,142.0,142.0,142.0,143.0,143.0,143.0,143.0,143.0,143.0,143.0,144.0,144.0,146.0,146.0,146.0,148.0,151.0,154.0,154.0,154.0,154.0,154.0,154.0,154.0,154.0,154.0,154.0,154.0,155.0,155.0,155.0,155.0,155.0,155.0,155.0,156.0,156.0,156.0,156.0,156.0,156.0,156.0,156.0,157.0,157.0,158.0,158.0,159.0,159.0,159.0,159.0,159.0,159.0,159.0,159.0,159.0,159.0,159.0,159.0,159.0,159.0,159.0,159.0,159.0,160.0,160.0,160.0,160.0,160.0,161.0,162.0,162.0,162.0,162.0,163.0,163.0,163.0,163.0,163.0,163.0,163.0,163.0,163.0,163.0,163.0,163.0,163.0,163.0,163.0,163.0,164.0,164.0,164.0,164.0,165.0,165.0,165.0,165.0,165.0,165.0,166.0,166.0,166.0,166.0,166.0,166.0,166.0,166.0,166.0,166.0,166.0,166.0,166.0,166.0,166.0,166.0,166.0,166.0,166.0,166.0,166
cNVN9zUZTFU,,,,,,,,,,,,,,,,,,,,,,,,,,,,,,,,,,,,,,,,,,,,,,,,,,,,,,,,,,,,,,,,,,,,,,,0.0,0.0,0.0,0.0,0.0,0.0,0.0,0.0,0.0,0.0,0.0,0.0,0.0,0.0,0.0,0.0,0.0,0.0,0.0,0.0,0.0,0.0,0.0,0.0,0.0,0.0,0.0,0.0,0.0,0.0,0.0,0.0,0.0,0.0,0.0,0.0,0.0,0.0,0.0,0.0,0.0,0.0,0.0,0.0,0.0,0.0,0.0,0.0,0.0,0.0,0.0,0.0,0.0,0.0,0.0,0.0,0.0,0.0,0.0,0.0,0.0,0.0,0.0,0.0,0.0,0.0,0.0,0.0,0.0,0.0,0.0,0.0,0.0,0.0,0.0,0.0,0.0,0.0,0.0,0.0,0.0,0.0,0.0,0.0,0.0,0.0,0.0,0.0,0.0,0.0,0.0,0.0,0.0,0.0,0.0,0.0,0.0,0.0,0.0,0.0,0.0,0.0,0.0,0.0,0.0,0.0,0.0,0.0,0.0,0.0,0.0,0.0,0.0,0.0,0.0,0.0,0.0,0.0,0.0,0.0,0.0,0.0,0.0,0.0,0.0,0.0,0.0,0.0,0.0,0.0,0.0,0.0,0.0,0.0,0.0,0.0,0.0,0
yMzkPaFuXAc,,,,,,,,,,,,,,,,,,,,,,,,,,,,,,,,,,,,,,,,,,,,,,,,,,,,,,,,,,,,,,,,,,,,,,,15.0,17.0,18.0,18.0,19.0,19.0,19.0,19.0,19.0,19.0,19.0,19.0,19.0,19.0,19.0,19.0,19.0,19.0,19.0,19.0,19.0,19.0,19.0,19.0,19.0,19.0,19.0,19.0,19.0,19.0,19.0,19.0,19.0,19.0,19.0,19.0,19.0,19.0,19.0,19.0,19.0,19.0,19.0,19.0,19.0,19.0,19.0,19.0,19.0,19.0,19.0,19.0,19.0,19.0,19.0,19.0,19.0,19.0,19.0,19.0,19.0,19.0,19.0,19.0,19.0,19.0,19.0,19.0,19.0,19.0,19.0,19.0,19.0,19.0,19.0,19.0,19.0,19.0,19.0,19.0,19.0,19.0,19.0,19.0,19.0,19.0,19.0,19.0,19.0,19.0,19.0,19.0,19.0,19.0,19.0,19.0,19.0,19.0,19.0,19.0,19.0,19.0,19.0,19.0,19.0,19.0,19.0,19.0,19.0,19.0,19.0,19.0,19.0,19.0,19.0,19.0,19.0,19.0,19.0,19.0,19.0,19.0,19.0,19.0,19.0,19.0,19.0,19.0,19.0,19.0,19.0,19.0,19.0,19.0,19.0,19.0,19.0,19
6j5dWsWh88s,,,,,,,,,,,,,,,,,,,,,,,,,,,,,,,,,,,,,,,,,,,,,,,,,,,,,,,,,,,,,,,,,,,,,,,110.0,132.0,140.0,147.0,156.0,158.0,161.0,166.0,169.0,172.0,174.0,178.0,180.0,181.0,182.0,183.0,182.0,184.0,185.0,186.0,187.0,188.0,189.0,189.0,191.0,191.0,191.0,191.0,191.0,191.0,191.0,191.0,191.0,191.0,191.0,191.0,193.0,193.0,193.0,193.0,194.0,194.0,194.0,194.0,194.0,194.0,194.0,194.0,194.0,194.0,194.0,194.0,194.0,194.0,194.0,194.0,194.0,197.0,198.0,198.0,198.0,198.0,198.0,198.0,198.0,198.0,198.0,198.0,198.0,198.0,198.0,198.0,198.0,198.0,198.0,198.0,198.0,198.0,197.0,197.0,197.0,197.0,197.0,197.0,197.0,197.0,200.0,200.0,200.0,200.0,200.0,201.0,201.0,201.0,201.0,201.0,201.0,201.0,201.0,201.0,200.0,200.0,200.0,200.0,200.0,200.0,200.0,201.0,201.0,201.0,201.0,201.0,201.0,201.0,201.0,201.0,201.0,201.0,201.0,201.0,201.0,201.0,201.0,201.0,201.0,201.0,201.0,201.0,201.0,201.0,201.0,201.0,201.0,201.0,202.0,202.0,202.0,202
tSCde4Aa2lg,,,,,,,,,,,,,,,,,,,,,,,,,,,,,,,,,,,,,,,,,,,,,,,,,,,,,,,,,,,,,,,,,,,,,,,4.0,9.0,11.0,13.0,23.0,26.0,30.0,31.0,31.0,32.0,33.0,35.0,34.0,34.0,35.0,35.0,35.0,35.0,35.0,35.0,35.0,35.0,35.0,35.0,35.0,35.0,37.0,37.0,37.0,37.0,37.0,37.0,38.0,38.0,38.0,38.0,39.0,40.0,40.0,40.0,41.0,41.0,41.0,41.0,41.0,41.0,41.0,41.0,42.0,42.0,43.0,43.0,43.0,43.0,43.0,44.0,44.0,44.0,45.0,45.0,45.0,45.0,45.0,46.0,48.0,48.0,50.0,52.0,52.0,52.0,52.0,52.0,54.0,54.0,54.0,55.0,57.0,58.0,58.0,59.0,61.0,63.0,63.0,65.0,66.0,69.0,70.0,72.0,73.0,76.0,77.0,76.0,76.0,77.0,78.0,79.0,80.0,82.0,84.0,84.0,86.0,88.0,89.0,91.0,91.0,92.0,95.0,95.0,96.0,96.0,96.0,96.0,98.0,99.0,102.0,103.0,103.0,104.0,106.0,107.0,108.0,112.0,117.0,120.0,123.0,126.0,126.0,128.0,130.0,131.0,132.0,136.0,136.0,136.0,138.0,140.0,141.0,144
ROsltpV-JIE,,,,,,,,,,,,,,,,,,,,,,,,,,,,,,,,,,,,,,,,,,,,,,,,,,,,,,,,,,,,,,,,,,,,,,,,32.0,61.0,77.0,88.0,90.0,90.0,90.0,93.0,94.0,95.0,95.0,95.0,95.0,96.0,98.0,99.0,100.0,100.0,100.0,100.0,102.0,102.0,102.0,102.0,102.0,102.0,102.0,102.0,103.0,104.0,104.0,104.0,106.0,106.0,107.0,107.0,107.0,110.0,110.0,110.0,110.0,111.0,111.0,111.0,111.0,111.0,111.0,111.0,111.0,111.0,111.0,111.0,111.0,111.0,111.0,111.0,111.0,111.0,111.0,112.0,112.0,112.0,112.0,112.0,112.0,112.0,112.0,112.0,113.0,113.0,113.0,113.0,113.0,113.0,113.0,113.0,113.0,113.0,113.0,113.0,113.0,114.0,114.0,114.0,114.0,114.0,114.0,114.0,114.0,114.0,114.0,114.0,114.0,114.0,114.0,114.0,114.0,114.0,114.0,114.0,114.0,114.0,114.0,114.0,113.0,113.0,113.0,113.0,113.0,113.0,113.0,113.0,113.0,113.0,113.0,113.0,113.0,113.0,113.0,113.0,113.0,113.0,114.0,114.0,114.0,114.0,114.0,114.0,114.0,114.0,114.0,114.0,114.0,114.0,114.0,114.0,114
tk-63EQaVLI,,,,,,,,,,,,,,,,,,,,,,,,,,,,,,,,,,,,,,,,,,,,,,,,,,,,,,,,,,,,,,,,,,,,,,,,2.0,4.0,4.0,4.0,4.0,5.0,5.0,5.0,6.0,8.0,8.0,8.0,8.0,8.0,8.0,8.0,8.0,8.0,8.0,8.0,8.0,8.0,8.0,8.0,8.0,8.0,8.0,8.0,9.0,9.0,9.0,9.0,9.0,9.0,9.0,9.0,9.0,9.0,9.0,9.0,9.0,9.0,9.0,9.0,9.0,9.0,9.0,9.0,9.0,9.0,9.0,9.0,9.0,9.0,9.0,9.0,9.0,9.0,9.0,10.0,10.0,10.0,10.0,10.0,10.0,10.0,10.0,10.0,10.0,10.0,10.0,10.0,10.0,10.0,10.0,10.0,10.0,10.0,10.0,10.0,10.0,10.0,10.0,10.0,10.0,10.0,10.0,10.0,10.0,10.0,10.0,10.0,10.0,10.0,10.0,10.0,10.0,10.0,10.0,10.0,10.0,10.0,10.0,10.0,10.0,10.0,10.0,10.0,10.0,10.0,10.0,10.0,10.0,10.0,10.0,10.0,10.0,10.0,10.0,10.0,10.0,10.0,10.0,10.0,10.0,10.0,10.0,10.0,10.0,10.0,10.0,10.0,10.0,10.0,10.0,10.0,10
pWhZYfgc0IM,,,,,,,,,,,,,,,,,,,,,,,,,,,,,,,,,,,,,,,,,,,,,,,,,,,,,,,,,,,,,,,,,,,,,,,,2.0,6.0,9.0,10.0,10.0,10.0,11.0,11.0,13.0,13.0,15.0,15.0,15.0,15.0,15.0,17.0,17.0,18.0,18.0,19.0,19.0,20.0,21.0,22.0,23.0,24.0,24.0,24.0,24.0,24.0,24.0,24.0,24.0,24.0,24.0,26.0,25.0,25.0,25.0,25.0,25.0,25.0,25.0,25.0,25.0,25.0,25.0,25.0,25.0,25.0,25.0,25.0,25.0,25.0,25.0,25.0,25.0,25.0,25.0,25.0,25.0,25.0,25.0,25.0,25.0,25.0,26.0,26.0,26.0,26.0,26.0,26.0,26.0,26.0,26.0,26.0,26.0,26.0,26.0,26.0,26.0,26.0,26.0,26.0,26.0,26.0,26.0,26.0,26.0,26.0,26.0,26.0,26.0,26.0,26.0,26.0,26.0,26.0,26.0,26.0,26.0,26.0,27.0,27.0,27.0,27.0,27.0,27.0,27.0,27.0,27.0,27.0,27.0,27.0,27.0,27.0,27.0,27.0,28.0,28.0,28.0,28.0,28.0,28.0,28.0,28.0,28.0,28.0,28.0,28.0,28.0,28.0,28.0,28.0,28.0,28.0,28
nQGFMWcSgQg,,,,,,,,,,,,,,,,,,,,,,,,,,,,,,,,,,,,,,,,,,,,,,,,,,,,,,,,,,,,,,,,,,,,,,,,16.0,23.0,24.0,24.0,24.0,25.0,25.0,25.0,25.0,25.0,25.0,25.0,25.0,25.0,25.0,25.0,25.0,26.0,26.0,26.0,26.0,26.0,26.0,26.0,26.0,26.0,26.0,27.0,27.0,27.0,27.0,27.0,27.0,27.0,27.0,27.0,27.0,27.0,27.0,27.0,27.0,27.0,27.0,27.0,27.0,27.0,27.0,27.0,27.0,27.0,27.0,27.0,27.0,27.0,27.0,27.0,27.0,27.0,27.0,27.0,27.0,27.0,27.0,27.0,27.0,27.0,27.0,27.0,27.0,27.0,27.0,27.0,27.0,27.0,27.0,27.0,27.0,27.0,27.0,27.0,27.0,27.0,27.0,27.0,27.0,27.0,27.0,27.0,27.0,27.0,27.0,27.0,27.0,27.0,27.0,27.0,27.0,27.0,27.0,25.0,25.0,25.0,25.0,25.0,25.0,25.0,25.0,25.0,25.0,25.0,25.0,25.0,25.0,25.0,25.0,25.0,25.0,25.0,25.0,25.0,25.0,25.0,25.0,25.0,25.0,25.0,25.0,25.0,25.0,25.0,25.0,25.0,25.0,25.0,25.0,25.0,25
F-QSLxAyFes,,,,,,,,,,,,,,,,,,,,,,,,,,,,,,,,,,,,,,,,,,,,,,,,,,,,,,,,,,,,,,,,,,,,,,,,4933.0,8050.0,9018.0,9710.0,9967.0,10188.0,10393.0,10519.0,10648.0,10754.0,10819.0,10906.0,10955.0,10998.0,11030.0,11046.0,11057.0,11068.0,11087.0,11095.0,11095.0,11107.0,11111.0,11130.0,11151.0,11157.0,11166.0,11158.0,11166.0,11192.0,11195.0,11199.0,11203.0,11200.0,11184.0,11183.0,11191.0,11195.0,11198.0,11202.0,11205.0,11206.0,11210.0,11215.0,11220.0,11241.0,11247.0,11248.0,11255.0,11256.0,11212.0,11217.0,11216.0,11212.0,11213.0,11217.0,11223.0,11224.0,11230.0,11234.0,11239.0,11245.0,11247.0,11256.0,11262.0,11269.0,11267.0,11270.0,11274.0,11284.0,11288.0,11293.0,11295.0,11299.0,11304.0,11296.0,11303.0,11304.0,11300.0,11300.0,11303.0,11305.0,11307.0,11312.0,11317.0,11318.0,11323.0,11324.0,11328.0,11330.0,11331.0,11333.0,11339.0,11340.0,11344.0,11344.0,11346.0,11344.0,11347.0,11347.0,11351.0,11351.0,11352.0,11353.0,11357.0,11357.0,11356.0,11356.0,11360.0,11332.0,11333.0,11329.0,11329.0,11329.0,11326.0,11324.0,11323.0,11324.0,11323.0,11323.0,11322.0,11321.0,11326.0,11324.0,11325.0,11328.0,11327.0,11325.0,11326.0,11318.0,11310.0,11312.0,11308.0,11309.0,11306.0,11305.0,11308
ud3ZuQQ1Zlo,,,,,,,,,,,,,,,,,,,,,,,,,,,,,,,,,,,,,,,,,,,,,,,,,,,,,,,,,,,,,,,,,,,,,,,,,43.0,64.0,96.0,108.0,117.0,129.0,140.0,148.0,158.0,160.0,161.0,161.0,161.0,161.0,161.0,162.0,162.0,161.0,161.0,162.0,162.0,162.0,162.0,162.0,162.0,162.0,162.0,162.0,161.0,161.0,161.0,161.0,161.0,162.0,162.0,162.0,162.0,162.0,162.0,162.0,162.0,162.0,162.0,162.0,162.0,162.0,162.0,162.0,162.0,162.0,162.0,161.0,162.0,162.0,162.0,162.0,162.0,162.0,162.0,162.0,162.0,162.0,162.0,162.0,162.0,162.0,162.0,162.0,162.0,162.0,162.0,162.0,162.0,162.0,162.0,162.0,162.0,162.0,162.0,162.0,162.0,162.0,162.0,162.0,162.0,162.0,162.0,162.0,162.0,162.0,162.0,162.0,162.0,162.0,162.0,162.0,162.0,162.0,162.0,162.0,162.0,162.0,162.0,162.0,162.0,162.0,162.0,162.0,162.0,162.0,162.0,162.0,162.0,162.0,162.0,162.0,162.0,162.0,162.0,162.0,162.0,162.0,162.0,162.0,162.0,162.0,162.0,162.0,162.0,162.0,162.0,162.0,162.0,162.0,162.0,162
_P7jeSQP1fY,,,,,,,,,,,,,,,,,,,,,,,,,,,,,,,,,,,,,,,,,,,,,,,,,,,,,,,,,,,,,,,,,,,,,,,,,478.0,479.0,480.0,480.0,480.0,481.0,481.0,481.0,481.0,482.0,482.0,482.0,482.0,485.0,485.0,485.0,487.0,488.0,489.0,489.0,490.0,490.0,489.0,489.0,489.0,489.0,489.0,489.0,489.0,489.0,489.0,489.0,491.0,491.0,491.0,492.0,492.0,492.0,492.0,492.0,492.0,492.0,492.0,492.0,492.0,491.0,491.0,492.0,492.0,492.0,492.0,493.0,495.0,495.0,495.0,496.0,496.0,496.0,496.0,496.0,496.0,496.0,496.0,496.0,496.0,497.0,497.0,497.0,497.0,497.0,497.0,497.0,497.0,498.0,498.0,498.0,498.0,498.0,498.0,498.0,498.0,498.0,498.0,499.0,499.0,498.0,499.0,499.0,501.0,501.0,501.0,501.0,501.0,501.0,501.0,501.0,502.0,502.0,502.0,502.0,502.0,502.0,502.0,502.0,502.0,503.0,503.0,503.0,503.0,503.0,503.0,503.0,503.0,503.0,503.0,503.0,503.0,503.0,503.0,503.0,503.0,503.0,503.0,503.0,504.0,504.0,504.0,504.0,504.0,504.0,504.0,504.0,504.0,504.0,504.0,504
61MUBevD2KM,,,,,,,,,,,,,,,,,,,,,,,,,,,,,,,,,,,,,,,,,,,,,,,,,,,,,,,,,,,,,,,,,,,,,,,,,199.0,318.0,429.0,468.0,489.0,509.0,517.0,537.0,545.0,556.0,567.0,575.0,581.0,589.0,605.0,612.0,620.0,624.0,630.0,636.0,644.0,651.0,657.0,663.0,664.0,666.0,668.0,670.0,675.0,680.0,687.0,688.0,687.0,688.0,690.0,690.0,690.0,695.0,697.0,697.0,697.0,699.0,701.0,701.0,702.0,702.0,702.0,702.0,703.0,704.0,704.0,704.0,707.0,707.0,709.0,709.0,710.0,711.0,711.0,711.0,711.0,712.0,712.0,713.0,713.0,717.0,717.0,719.0,719.0,720.0,720.0,720.0,720.0,721.0,722.0,722.0,722.0,723.0,725.0,725.0,721.0,720.0,720.0,720.0,720.0,720.0,721.0,721.0,721.0,722.0,723.0,725.0,728.0,728.0,731.0,731.0,732.0,733.0,734.0,737.0,737.0,737.0,737.0,737.0,738.0,738.0,738.0,738.0,739.0,740.0,740.0,740.0,741.0,741.0,741.0,742.0,744.0,743.0,743.0,743.0,745.0,745.0,744.0,745.0,747.0,747.0,750.0,750.0,736.0,735.0,735.0,735.0,736.0,737.0,738.0,737
ScdULYbnjOs,,,,,,,,,,,,,,,,,,,,,,,,,,,,,,,,,,,,,,,,,,,,,,,,,,,,,,,,,,,,,,,,,,,,,,,,,,4287.0,4764.0,4899.0,4965.0,5053.0,5120.0,5155.0,5201.0,5232.0,5261.0,5280.0,5292.0,5309.0,5327.0,5346.0,5370.0,5385.0,5398.0,5405.0,5417.0,5429.0,5437.0,5448.0,5460.0,5468.0,5475.0,5491.0,5504.0,5514.0,5523.0,5528.0,5532.0,5539.0,5541.0,5529.0,5519.0,5522.0,5524.0,5526.0,5527.0,5534.0,5539.0,5543.0,5544.0,5547.0,5550.0,5555.0,5557.0,5558.0,5562.0,5563.0,5569.0,5570.0,5573.0,5574.0,5572.0,5577.0,5577.0,5579.0,5580.0,5584.0,5586.0,5588.0,5592.0,5594.0,5596.0,5598.0,5598.0,5598.0,5600.0,5602.0,5603.0,5605.0,5604.0,5607.0,5606.0,5610.0,5614.0,5616.0,5618.0,5620.0,5619.0,5621.0,5621.0,5621.0,5622.0,5630.0,5632.0,5634.0,5634.0,5634.0,5645.0,5649.0,5652.0,5652.0,5655.0,5656.0,5657.0,5656.0,5658.0,5659.0,5663.0,5663.0,5663.0,5665.0,5666.0,5666.0,5667.0,5667.0,5668.0,5666.0,5671.0,5672.0,5671.0,5672.0,5674.0,5675.0,5677.0,5678.0,5680.0,5681.0,5684.0,5688.0,5693.0,5694.0,5696.0,5697.0,5699.0,5702.0,5707.0,5710.0,5710.0,5709.0,5709.0,5709
zwOCGLpKC_M,,,,,,,,,,,,,,,,,,,,,,,,,,,,,,,,,,,,,,,,,,,,,,,,,,,,,,,,,,,,,,,,,,,,,,,,,,4.0,5.0,6.0,6.0,6.0,6.0,6.0,6.0,6.0,6.0,6.0,6.0,6.0,6.0,6.0,6.0,6.0,6.0,6.0,6.0,6.0,6.0,6.0,6.0,6.0,6.0,6.0,6.0,6.0,6.0,6.0,6.0,6.0,6.0,6.0,6.0,6.0,6.0,6.0,6.0,6.0,6.0,6.0,6.0,6.0,6.0,6.0,6.0,6.0,6.0,6.0,6.0,6.0,6.0,6.0,6.0,6.0,6.0,6.0,6.0,6.0,6.0,6.0,6.0,6.0,6.0,6.0,6.0,6.0,6.0,6.0,6.0,6.0,6.0,6.0,6.0,6.0,6.0,6.0,6.0,6.0,6.0,6.0,6.0,6.0,6.0,6.0,6.0,6.0,6.0,6.0,6.0,6.0,6.0,6.0,6.0,6.0,6.0,6.0,6.0,6.0,6.0,6.0,6.0,6.0,6.0,6.0,6.0,6.0,6.0,6.0,6.0,6.0,6.0,6.0,6.0,6.0,6.0,6.0,6.0,6.0,6.0,6.0,6.0,6.0,6.0,6.0,6.0,6.0,6.0,6.0,6.0,6.0,6.0,6
4-ba6z64nlQ,,,,,,,,,,,,,,,,,,,,,,,,,,,,,,,,,,,,,,,,,,,,,,,,,,,,,,,,,,,,,,,,,,,,,,,,,,,876.0,996.0,1084.0,1160.0,1214.0,1250.0,1282.0,1309.0,1326.0,1347.0,1359.0,1371.0,1381.0,1391.0,1408.0,1417.0,1423.0,1435.0,1446.0,1452.0,1456.0,1461.0,1466.0,1466.0,1468.0,1471.0,1481.0,1485.0,1493.0,1498.0,1499.0,1500.0,1504.0,1510.0,1515.0,1516.0,1516.0,1519.0,1520.0,1521.0,1523.0,1525.0,1525.0,1525.0,1526.0,1529.0,1530.0,1530.0,1532.0,1532.0,1537.0,1537.0,1540.0,1541.0,1543.0,1544.0,1547.0,1548.0,1548.0,1551.0,1552.0,1554.0,1555.0,1557.0,1558.0,1558.0,1558.0,1558.0,1559.0,1559.0,1559.0,1559.0,1560.0,1560.0,1563.0,1563.0,1564.0,1561.0,1561.0,1561.0,1561.0,1561.0,1561.0,1562.0,1562.0,1562.0,1562.0,1563.0,1565.0,1566.0,1567.0,1567.0,1567.0,1567.0,1567.0,1565.0,1565.0,1566.0,1568.0,1567.0,1567.0,1568.0,1569.0,1572.0,1572.0,1572.0,1562.0,1570.0,1570.0,1574.0,1575.0,1575.0,1575.0,1575.0,1575.0,1576.0,1569.0,1569.0,1569.0,1570.0,1570.0,1570.0,1571.0,1571.0,1572.0,1572.0,1572.0,1574.0,1575.0,1574.0,1574.0,1576.0,1579.0,1579
9MSkAK58J7I,,,,,,,,,,,,,,,,,,,,,,,,,,,,,,,,,,,,,,,,,,,,,,,,,,,,,,,,,,,,,,,,,,,,,,,,,,,447.0,450.0,457.0,463.0,474.0,478.0,484.0,488.0,491.0,493.0,495.0,504.0,509.0,514.0,519.0,522.0,532.0,537.0,544.0,548.0,553.0,556.0,557.0,560.0,566.0,571.0,574.0,576.0,582.0,584.0,590.0,592.0,596.0,600.0,606.0,609.0,615.0,621.0,626.0,630.0,633.0,637.0,642.0,648.0,653.0,656.0,659.0,662.0,665.0,669.0,672.0,676.0,680.0,682.0,685.0,689.0,693.0,696.0,699.0,704.0,707.0,711.0,714.0,717.0,721.0,724.0,727.0,730.0,733.0,737.0,742.0,745.0,749.0,752.0,752.0,759.0,762.0,766.0,771.0,774.0,779.0,782.0,787.0,787.0,791.0,791.0,794.0,794.0,797.0,800.0,804.0,806.0,806.0,810.0,813.0,817.0,820.0,824.0,824.0,828.0,832.0,833.0,837.0,842.0,846.0,848.0,850.0,850.0,852.0,852.0,852.0,852.0,858.0,860.0,860.0,860.0,860.0,860.0,862.0,865.0,865.0,867.0,867.0,868.0,872.0,872.0,875.0,875.0,877.0,877.0,880.0,880.0,883.0,883
RyDxz9qlhA8,,,,,,,,,,,,,,,,,,,,,,,,,,,,,,,,,,,,,,,,,,,,,,,,,,,,,,,,,,,,,,,,,,,,,,,,,,,463.0,486.0,504.0,524.0,533.0,543.0,548.0,551.0,555.0,558.0,563.0,568.0,571.0,572.0,572.0,573.0,575.0,575.0,574.0,574.0,574.0,575.0,577.0,578.0,580.0,583.0,583.0,584.0,584.0,584.0,585.0,585.0,585.0,591.0,591.0,594.0,597.0,597.0,597.0,597.0,597.0,597.0,597.0,598.0,600.0,600.0,599.0,599.0,600.0,600.0,600.0,600.0,600.0,600.0,600.0,600.0,600.0,600.0,600.0,600.0,600.0,600.0,600.0,600.0,600.0,601.0,601.0,601.0,601.0,601.0,601.0,601.0,601.0,602.0,602.0,602.0,602.0,603.0,601.0,602.0,603.0,603.0,603.0,603.0,603.0,604.0,604.0,604.0,604.0,604.0,604.0,604.0,604.0,604.0,605.0,605.0,605.0,605.0,606.0,606.0,606.0,606.0,606.0,606.0,606.0,607.0,607.0,607.0,607.0,608.0,608.0,608.0,608.0,608.0,609.0,609.0,609.0,610.0,611.0,611.0,612.0,612.0,613.0,613.0,614.0,614.0,614.0,614.0,613.0,614.0,615.0,615.0,615.0,615
JnNeRXpzf6A,,,,,,,,,,,,,,,,,,,,,,,,,,,,,,,,,,,,,,,,,,,,,,,,,,,,,,,,,,,,,,,,,,,,,,,,,,,84.0,86.0,86.0,86.0,87.0,87.0,88.0,88.0,88.0,88.0,88.0,87.0,87.0,88.0,89.0,90.0,92.0,95.0,94.0,94.0,94.0,95.0,95.0,95.0,95.0,95.0,95.0,95.0,95.0,96.0,96.0,96.0,96.0,96.0,96.0,96.0,96.0,96.0,96.0,96.0,96.0,96.0,96.0,96.0,97.0,97.0,97.0,98.0,98.0,98.0,99.0,99.0,99.0,99.0,99.0,100.0,100.0,100.0,100.0,100.0,100.0,100.0,100.0,100.0,100.0,100.0,100.0,100.0,100.0,100.0,100.0,101.0,101.0,101.0,101.0,101.0,101.0,101.0,101.0,102.0,102.0,103.0,103.0,103.0,103.0,103.0,103.0,103.0,103.0,103.0,103.0,103.0,103.0,103.0,103.0,103.0,103.0,103.0,103.0,103.0,104.0,104.0,104.0,104.0,104.0,104.0,105.0,105.0,105.0,105.0,105.0,105.0,105.0,105.0,105.0,105.0,105.0,105.0,105.0,105.0,105.0,105.0,105.0,105.0,105.0,105.0,105.0,105.0,105.0,105.0,105.0,105.0,105.0,105
zjENKAVRrcs,,,,,,,,,,,,,,,,,,,,,,,,,,,,,,,,,,,,,,,,,,,,,,,,,,,,,,,,,,,,,,,,,,,,,,,,,,,3.0,3.0,4.0,4.0,4.0,4.0,4.0,4.0,4.0,5.0,5.0,6.0,6.0,6.0,6.0,6.0,6.0,6.0,6.0,6.0,6.0,6.0,6.0,6.0,6.0,7.0,7.0,7.0,7.0,7.0,7.0,7.0,7.0,7.0,7.0,7.0,7.0,7.0,7.0,7.0,7.0,7.0,7.0,7.0,7.0,7.0,7.0,7.0,7.0,7.0,7.0,7.0,7.0,7.0,7.0,7.0,7.0,7.0,7.0,7.0,7.0,7.0,7.0,7.0,7.0,7.0,7.0,7.0,7.0,7.0,7.0,7.0,7.0,7.0,7.0,7.0,7.0,7.0,7.0,7.0,7.0,7.0,7.0,7.0,7.0,7.0,7.0,7.0,7.0,7.0,7.0,7.0,7.0,7.0,7.0,7.0,7.0,7.0,7.0,7.0,7.0,7.0,7.0,7.0,7.0,7.0,7.0,7.0,7.0,7.0,7.0,7.0,7.0,7.0,7.0,7.0,7.0,7.0,7.0,7.0,7.0,7.0,7.0,7.0,7.0,7.0,7.0,7.0,7.0,7.0,7.0,7.0,7.0,7
sAGD0C8nuOk,,,,,,,,,,,,,,,,,,,,,,,,,,,,,,,,,,,,,,,,,,,,,,,,,,,,,,,,,,,,,,,,,,,,,,,,,,,6.0,7.0,9.0,11.0,12.0,13.0,13.0,13.0,13.0,13.0,13.0,14.0,14.0,14.0,14.0,14.0,14.0,14.0,14.0,14.0,14.0,14.0,14.0,15.0,15.0,14.0,14.0,14.0,14.0,14.0,14.0,14.0,14.0,14.0,14.0,14.0,14.0,14.0,14.0,14.0,14.0,14.0,14.0,14.0,14.0,14.0,14.0,14.0,15.0,15.0,15.0,15.0,15.0,15.0,15.0,15.0,15.0,15.0,15.0,15.0,15.0,15.0,15.0,15.0,15.0,15.0,15.0,15.0,15.0,15.0,15.0,15.0,15.0,15.0,15.0,15.0,15.0,15.0,16.0,16.0,16.0,16.0,16.0,16.0,16.0,16.0,16.0,16.0,16.0,16.0,16.0,16.0,16.0,16.0,16.0,16.0,16.0,16.0,16.0,17.0,17.0,17.0,17.0,17.0,17.0,17.0,17.0,17.0,18.0,18.0,18.0,17.0,17.0,17.0,17.0,17.0,17.0,17.0,17.0,17.0,17.0,17.0,17.0,17.0,17.0,17.0,17.0,17.0,17.0,17.0,17.0,17.0,17.0,17
-RUZUakN4nI,,,,,,,,,,,,,,,,,,,,,,,,,,,,,,,,,,,,,,,,,,,,,,,,,,,,,,,,,,,,,,,,,,,,,,,,,,,36.0,38.0,43.0,44.0,46.0,48.0,52.0,53.0,53.0,58.0,59.0,59.0,59.0,60.0,61.0,63.0,63.0,64.0,67.0,67.0,67.0,67.0,68.0,68.0,68.0,68.0,68.0,68.0,67.0,68.0,68.0,68.0,68.0,68.0,68.0,68.0,68.0,68.0,68.0,68.0,69.0,69.0,69.0,69.0,69.0,69.0,69.0,69.0,69.0,69.0,69.0,69.0,69.0,69.0,69.0,69.0,69.0,69.0,70.0,70.0,70.0,69.0,69.0,69.0,69.0,70.0,70.0,70.0,70.0,70.0,70.0,70.0,70.0,70.0,70.0,70.0,70.0,70.0,70.0,72.0,72.0,72.0,72.0,72.0,72.0,72.0,72.0,72.0,72.0,72.0,72.0,72.0,72.0,72.0,72.0,72.0,72.0,72.0,72.0,72.0,71.0,71.0,71.0,71.0,71.0,71.0,71.0,71.0,71.0,71.0,71.0,71.0,71.0,71.0,71.0,71.0,71.0,72.0,72.0,72.0,72.0,72.0,72.0,72.0,72.0,72.0,72.0,72.0,72.0,72.0,72.0,72.0,72.0,72
YIjvuYeaiZQ,,,,,,,,,,,,,,,,,,,,,,,,,,,,,,,,,,,,,,,,,,,,,,,,,,,,,,,,,,,,,,,,,,,,,,,,,,,42.0,43.0,43.0,44.0,46.0,47.0,47.0,47.0,47.0,47.0,51.0,51.0,51.0,51.0,51.0,51.0,51.0,51.0,51.0,51.0,51.0,51.0,53.0,53.0,53.0,53.0,53.0,54.0,54.0,54.0,54.0,54.0,54.0,54.0,54.0,54.0,53.0,53.0,53.0,53.0,53.0,53.0,53.0,54.0,54.0,55.0,55.0,55.0,55.0,55.0,55.0,55.0,55.0,55.0,55.0,54.0,54.0,54.0,54.0,54.0,54.0,55.0,55.0,55.0,55.0,56.0,56.0,56.0,56.0,56.0,56.0,56.0,56.0,55.0,55.0,55.0,55.0,55.0,55.0,55.0,55.0,55.0,56.0,56.0,56.0,56.0,56.0,56.0,56.0,56.0,56.0,56.0,56.0,56.0,56.0,56.0,56.0,56.0,56.0,56.0,56.0,56.0,56.0,56.0,56.0,56.0,56.0,56.0,56.0,56.0,56.0,56.0,56.0,56.0,56.0,56.0,56.0,56.0,56.0,56.0,56.0,56.0,56.0,56.0,56.0,56.0,56.0,56.0,56.0,56.0,56.0,56.0,56.0,56
DwhQzQigrw0,,,,,,,,,,,,,,,,,,,,,,,,,,,,,,,,,,,,,,,,,,,,,,,,,,,,,,,,,,,,,,,,,,,,,,,,,,,11.0,12.0,12.0,12.0,12.0,12.0,12.0,12.0,12.0,13.0,14.0,14.0,14.0,14.0,14.0,15.0,15.0,15.0,15.0,15.0,15.0,15.0,15.0,15.0,15.0,15.0,15.0,15.0,15.0,15.0,15.0,15.0,15.0,15.0,15.0,15.0,15.0,15.0,15.0,15.0,15.0,15.0,15.0,15.0,15.0,15.0,15.0,15.0,15.0,15.0,15.0,15.0,15.0,15.0,15.0,15.0,15.0,15.0,15.0,15.0,15.0,15.0,15.0,15.0,15.0,15.0,15.0,15.0,15.0,15.0,15.0,15.0,15.0,15.0,15.0,15.0,15.0,15.0,15.0,15.0,15.0,15.0,15.0,15.0,15.0,15.0,15.0,15.0,15.0,15.0,15.0,15.0,15.0,15.0,15.0,15.0,15.0,15.0,15.0,15.0,15.0,15.0,15.0,15.0,15.0,15.0,15.0,15.0,15.0,15.0,15.0,15.0,15.0,15.0,15.0,15.0,15.0,15.0,15.0,15.0,15.0,15.0,15.0,15.0,15.0,15.0,15.0,15.0,15.0,15.0,15.0,15.0,15.0,15
dLGfgnA7f68,,,,,,,,,,,,,,,,,,,,,,,,,,,,,,,,,,,,,,,,,,,,,,,,,,,,,,,,,,,,,,,,,,,,,,,,,,,68.0,79.0,86.0,89.0,90.0,90.0,92.0,92.0,93.0,93.0,93.0,93.0,93.0,93.0,93.0,94.0,94.0,94.0,94.0,94.0,94.0,94.0,95.0,96.0,96.0,96.0,96.0,96.0,96.0,96.0,96.0,96.0,96.0,96.0,96.0,96.0,96.0,96.0,96.0,96.0,96.0,96.0,96.0,96.0,96.0,96.0,96.0,96.0,96.0,96.0,96.0,96.0,96.0,96.0,96.0,96.0,96.0,96.0,96.0,96.0,96.0,96.0,96.0,96.0,96.0,96.0,96.0,96.0,96.0,96.0,96.0,96.0,97.0,97.0,97.0,97.0,97.0,97.0,97.0,97.0,97.0,97.0,97.0,97.0,97.0,98.0,98.0,98.0,98.0,98.0,98.0,98.0,98.0,98.0,98.0,98.0,98.0,98.0,98.0,98.0,98.0,98.0,98.0,98.0,98.0,98.0,98.0,98.0,98.0,98.0,98.0,98.0,98.0,98.0,98.0,98.0,98.0,98.0,98.0,98.0,98.0,98.0,98.0,98.0,98.0,98.0,98.0,98.0,98.0,98.0,98.0,98.0,98.0,98
pZxrtHizb98,,,,,,,,,,,,,,,,,,,,,,,,,,,,,,,,,,,,,,,,,,,,,,,,,,,,,,,,,,,,,,,,,,,,,,,,,,,262.0,329.0,355.0,373.0,390.0,396.0,402.0,407.0,410.0,415.0,420.0,420.0,421.0,426.0,427.0,428.0,429.0,431.0,432.0,432.0,435.0,436.0,435.0,435.0,437.0,440.0,442.0,443.0,443.0,443.0,445.0,447.0,447.0,448.0,448.0,449.0,449.0,449.0,451.0,455.0,455.0,456.0,456.0,456.0,457.0,457.0,457.0,457.0,457.0,457.0,457.0,458.0,458.0,459.0,459.0,459.0,459.0,459.0,459.0,459.0,460.0,461.0,462.0,462.0,462.0,462.0,463.0,463.0,463.0,463.0,463.0,464.0,464.0,465.0,465.0,465.0,466.0,466.0,466.0,466.0,466.0,467.0,467.0,467.0,467.0,467.0,467.0,467.0,467.0,467.0,467.0,467.0,468.0,468.0,469.0,469.0,469.0,469.0,469.0,469.0,469.0,469.0,469.0,469.0,470.0,470.0,470.0,470.0,470.0,470.0,470.0,470.0,470.0,470.0,470.0,470.0,470.0,471.0,471.0,471.0,471.0,471.0,471.0,472.0,472.0,472.0,472.0,472.0,472.0,472.0,472.0,472.0,472.0,472
8nBgDvhZdTU,,,,,,,,,,,,,,,,,,,,,,,,,,,,,,,,,,,,,,,,,,,,,,,,,,,,,,,,,,,,,,,,,,,,,,,,,,,0.0,0.0,0.0,0.0,0.0,0.0,0.0,0.0,0.0,0.0,0.0,0.0,0.0,0.0,0.0,0.0,0.0,0.0,0.0,0.0,0.0,0.0,0.0,0.0,0.0,0.0,0.0,0.0,0.0,0.0,0.0,0.0,0.0,0.0,0.0,0.0,0.0,0.0,0.0,0.0,0.0,0.0,0.0,0.0,0.0,0.0,0.0,0.0,0.0,0.0,0.0,0.0,0.0,0.0,0.0,0.0,0.0,0.0,0.0,0.0,0.0,0.0,0.0,0.0,0.0,0.0,0.0,0.0,0.0,0.0,0.0,0.0,0.0,0.0,0.0,0.0,0.0,0.0,0.0,0.0,0.0,0.0,0.0,0.0,0.0,0.0,0.0,0.0,0.0,0.0,0.0,0.0,0.0,0.0,0.0,0.0,0.0,0.0,0.0,0.0,0.0,0.0,0.0,0.0,0.0,0.0,0.0,0.0,0.0,0.0,0.0,0.0,0.0,0.0,0.0,0.0,0.0,0.0,0.0,0.0,0.0,0.0,0.0,0.0,0.0,0.0,0.0,0.0,0.0,0.0,0.0,0.0,0.0,0
971SdN1aojk,,,,,,,,,,,,,,,,,,,,,,,,,,,,,,,,,,,,,,,,,,,,,,,,,,,,,,,,,,,,,,,,,,,,,,,,,,,133.0,154.0,166.0,171.0,176.0,187.0,193.0,196.0,202.0,208.0,213.0,215.0,227.0,243.0,263.0,265.0,274.0,276.0,279.0,284.0,282.0,283.0,284.0,283.0,284.0,284.0,284.0,284.0,284.0,284.0,284.0,285.0,285.0,285.0,285.0,285.0,285.0,285.0,285.0,285.0,285.0,285.0,285.0,285.0,285.0,285.0,285.0,285.0,285.0,285.0,285.0,285.0,285.0,285.0,285.0,285.0,285.0,285.0,285.0,285.0,285.0,285.0,285.0,285.0,285.0,284.0,284.0,284.0,284.0,284.0,284.0,284.0,284.0,284.0,284.0,284.0,284.0,284.0,284.0,284.0,284.0,284.0,284.0,284.0,284.0,284.0,284.0,284.0,284.0,284.0,284.0,284.0,284.0,284.0,284.0,284.0,284.0,284.0,284.0,284.0,284.0,284.0,284.0,284.0,284.0,284.0,284.0,284.0,284.0,284.0,284.0,284.0,284.0,284.0,285.0,285.0,285.0,285.0,285.0,285.0,285.0,285.0,285.0,285.0,285.0,285.0,285.0,285.0,285.0,285.0,285.0,285.0,285.0,285
qPWlHgx_Oc0,,,,,,,,,,,,,,,,,,,,,,,,,,,,,,,,,,,,,,,,,,,,,,,,,,,,,,,,,,,,,,,,,,,,,,,,,,,,613.0,938.0,1051.0,1095.0,1131.0,1166.0,1193.0,1205.0,1211.0,1219.0,1230.0,1240.0,1265.0,1280.0,1290.0,1292.0,1301.0,1308.0,1310.0,1313.0,1315.0,1319.0,1320.0,1320.0,1322.0,1324.0,1325.0,1327.0,1328.0,1331.0,1336.0,1338.0,1339.0,1342.0,1342.0,1341.0,1340.0,1341.0,1341.0,1341.0,1340.0,1341.0,1342.0,1343.0,1345.0,1346.0,1340.0,1340.0,1342.0,1341.0,1342.0,1341.0,1341.0,1341.0,1342.0,1343.0,1343.0,1344.0,1344.0,1345.0,1345.0,1346.0,1352.0,1353.0,1353.0,1362.0,1364.0,1364.0,1366.0,1366.0,1366.0,1366.0,1366.0,1367.0,1367.0,1367.0,1367.0,1366.0,1366.0,1367.0,1367.0,1367.0,1367.0,1367.0,1368.0,1368.0,1368.0,1368.0,1369.0,1369.0,1368.0,1370.0,1371.0,1372.0,1372.0,1372.0,1372.0,1372.0,1372.0,1372.0,1372.0,1372.0,1372.0,1372.0,1372.0,1372.0,1372.0,1372.0,1372.0,1372.0,1372.0,1373.0,1374.0,1374.0,1374.0,1374.0,1374.0,1374.0,1374.0,1374.0,1374.0,1374.0,1373.0,1373.0,1373.0,1371.0,1372.0,1372.0,1372.0,1372.0,1372.0,1372.0,1373
3yjLE7Z_lDs,,,,,,,,,,,,,,,,,,,,,,,,,,,,,,,,,,,,,,,,,,,,,,,,,,,,,,,,,,,,,,,,,,,,,,,,,,,,0.0,1.0,1.0,1.0,1.0,1.0,1.0,2.0,2.0,2.0,3.0,3.0,3.0,3.0,3.0,3.0,3.0,3.0,3.0,3.0,3.0,3.0,3.0,3.0,3.0,3.0,3.0,3.0,3.0,3.0,3.0,3.0,3.0,3.0,3.0,3.0,3.0,3.0,3.0,3.0,3.0,3.0,3.0,3.0,3.0,3.0,3.0,3.0,3.0,3.0,3.0,3.0,3.0,3.0,3.0,3.0,3.0,3.0,3.0,3.0,3.0,3.0,3.0,3.0,3.0,3.0,4.0,4.0,4.0,4.0,4.0,4.0,4.0,4.0,4.0,4.0,4.0,4.0,4.0,4.0,4.0,4.0,4.0,4.0,4.0,4.0,4.0,4.0,4.0,4.0,4.0,4.0,4.0,4.0,4.0,4.0,4.0,4.0,4.0,4.0,4.0,4.0,4.0,4.0,4.0,4.0,4.0,4.0,4.0,4.0,4.0,4.0,4.0,4.0,4.0,4.0,4.0,4.0,4.0,4.0,4.0,4.0,4.0,4.0,4.0,4.0,4.0,4.0,4.0,4.0,4.0,4.0,4
r13VjeHj8z0,,,,,,,,,,,,,,,,,,,,,,,,,,,,,,,,,,,,,,,,,,,,,,,,,,,,,,,,,,,,,,,,,,,,,,,,,,,,1927.0,2461.0,2522.0,2560.0,2578.0,2569.0,2599.0,2616.0,2626.0,2632.0,2638.0,2646.0,2653.0,2657.0,2661.0,2666.0,2673.0,2673.0,2681.0,2688.0,2695.0,2699.0,2703.0,2705.0,2710.0,2714.0,2718.0,2720.0,2724.0,2723.0,2729.0,2732.0,2735.0,2734.0,2735.0,2736.0,2739.0,2741.0,2743.0,2748.0,2748.0,2749.0,2751.0,2753.0,2754.0,2757.0,2761.0,2760.0,2760.0,2762.0,2769.0,2772.0,2779.0,2782.0,2784.0,2787.0,2789.0,2791.0,2793.0,2797.0,2799.0,2803.0,2803.0,2806.0,2811.0,2813.0,2814.0,2817.0,2818.0,2818.0,2824.0,2825.0,2828.0,2833.0,2836.0,2838.0,2840.0,2840.0,2843.0,2842.0,2843.0,2846.0,2846.0,2847.0,2848.0,2851.0,2851.0,2852.0,2863.0,2867.0,2865.0,2867.0,2868.0,2874.0,2874.0,2873.0,2876.0,2874.0,2875.0,2878.0,2879.0,2879.0,2881.0,2881.0,2883.0,2886.0,2887.0,2888.0,2886.0,2886.0,2888.0,2888.0,2892.0,2894.0,2894.0,2894.0,2896.0,2895.0,2896.0,2897.0,2849.0,2852.0,2854.0,2856.0,2856.0,2858.0,2859.0,2859.0,2859.0,2860.0,2860.0,2861.0,2862
YgcyK6x1ZvU,,,,,,,,,,,,,,,,,,,,,,,,,,,,,,,,,,,,,,,,,,,,,,,,,,,,,,,,,,,,,,,,,,,,,,,,,,,,29.0,31.0,31.0,32.0,34.0,35.0,35.0,35.0,36.0,36.0,36.0,37.0,37.0,37.0,38.0,38.0,38.0,38.0,38.0,38.0,38.0,41.0,42.0,42.0,42.0,42.0,42.0,42.0,43.0,43.0,43.0,43.0,43.0,43.0,43.0,43.0,43.0,43.0,43.0,43.0,43.0,43.0,43.0,43.0,43.0,43.0,43.0,43.0,43.0,43.0,43.0,43.0,43.0,43.0,43.0,43.0,43.0,43.0,43.0,43.0,43.0,43.0,43.0,43.0,43.0,45.0,45.0,45.0,45.0,45.0,45.0,45.0,45.0,45.0,45.0,45.0,45.0,45.0,45.0,45.0,45.0,45.0,45.0,45.0,46.0,46.0,46.0,46.0,46.0,46.0,46.0,46.0,46.0,46.0,46.0,46.0,46.0,46.0,46.0,46.0,46.0,46.0,46.0,46.0,46.0,46.0,46.0,46.0,46.0,46.0,46.0,46.0,46.0,46.0,46.0,46.0,46.0,46.0,46.0,46.0,46.0,46.0,46.0,46.0,46.0,46.0,46.0,46.0,46.0,46.0,46.0,46.0,46
8uV7o3STxhc,,,,,,,,,,,,,,,,,,,,,,,,,,,,,,,,,,,,,,,,,,,,,,,,,,,,,,,,,,,,,,,,,,,,,,,,,,,,0.0,0.0,0.0,0.0,0.0,0.0,0.0,0.0,0.0,0.0,0.0,0.0,0.0,0.0,0.0,0.0,0.0,0.0,0.0,0.0,0.0,0.0,0.0,0.0,0.0,0.0,0.0,0.0,0.0,0.0,0.0,0.0,0.0,0.0,0.0,0.0,0.0,0.0,0.0,0.0,0.0,0.0,0.0,0.0,0.0,0.0,0.0,0.0,0.0,0.0,0.0,0.0,0.0,0.0,0.0,0.0,0.0,0.0,0.0,0.0,0.0,0.0,0.0,0.0,0.0,0.0,0.0,0.0,0.0,0.0,0.0,0.0,0.0,0.0,0.0,0.0,0.0,0.0,0.0,0.0,0.0,0.0,0.0,0.0,0.0,0.0,0.0,0.0,0.0,0.0,0.0,0.0,0.0,0.0,0.0,0.0,0.0,0.0,0.0,0.0,0.0,0.0,0.0,0.0,0.0,0.0,0.0,0.0,0.0,0.0,0.0,0.0,0.0,0.0,0.0,0.0,0.0,0.0,0.0,0.0,0.0,0.0,0.0,0.0,0.0,0.0,0.0,0.0,0.0,0.0,0.0,0.0,0
CGketww5RLk,,,,,,,,,,,,,,,,,,,,,,,,,,,,,,,,,,,,,,,,,,,,,,,,,,,,,,,,,,,,,,,,,,,,,,,,,,,,,67.0,67.0,67.0,67.0,67.0,67.0,67.0,67.0,67.0,67.0,67.0,67.0,67.0,67.0,67.0,67.0,67.0,67.0,67.0,67.0,67.0,67.0,67.0,67.0,67.0,67.0,67.0,67.0,67.0,67.0,67.0,67.0,67.0,67.0,67.0,67.0,67.0,67.0,67.0,67.0,67.0,67.0,67.0,67.0,67.0,67.0,67.0,67.0,67.0,66.0,66.0,66.0,66.0,66.0,66.0,66.0,66.0,66.0,66.0,66.0,66.0,66.0,66.0,66.0,66.0,66.0,66.0,66.0,66.0,66.0,66.0,66.0,67.0,67.0,67.0,67.0,67.0,67.0,67.0,67.0,67.0,67.0,67.0,67.0,67.0,67.0,67.0,67.0,67.0,67.0,67.0,67.0,67.0,67.0,67.0,67.0,67.0,67.0,67.0,67.0,67.0,67.0,67.0,67.0,67.0,67.0,67.0,67.0,67.0,67.0,67.0,67.0,67.0,67.0,67.0,67.0,67.0,67.0,67.0,67.0,67.0,67.0,67.0,67.0,67.0,67.0,67.0,67.0,67.0,67.0,67.0,67
ZgeH3GkD_U0,,,,,,,,,,,,,,,,,,,,,,,,,,,,,,,,,,,,,,,,,,,,,,,,,,,,,,,,,,,,,,,,,,,,,,,,,,,,,0.0,0.0,0.0,0.0,0.0,0.0,0.0,0.0,0.0,0.0,0.0,0.0,0.0,0.0,0.0,0.0,0.0,0.0,0.0,0.0,0.0,0.0,0.0,0.0,0.0,0.0,0.0,0.0,0.0,0.0,0.0,0.0,0.0,0.0,0.0,0.0,0.0,0.0,0.0,0.0,0.0,0.0,0.0,0.0,0.0,0.0,0.0,0.0,0.0,0.0,0.0,0.0,0.0,0.0,0.0,0.0,0.0,0.0,0.0,0.0,0.0,0.0,0.0,0.0,0.0,0.0,0.0,0.0,0.0,0.0,0.0,0.0,0.0,0.0,0.0,0.0,0.0,0.0,0.0,0.0,0.0,0.0,0.0,0.0,0.0,0.0,0.0,0.0,0.0,0.0,0.0,0.0,0.0,0.0,0.0,0.0,0.0,0.0,0.0,0.0,0.0,0.0,0.0,0.0,0.0,0.0,0.0,0.0,0.0,0.0,0.0,0.0,0.0,0.0,0.0,0.0,0.0,0.0,0.0,0.0,0.0,0.0,0.0,0.0,0.0,0.0,0.0,0.0,0.0,0.0,0.0,0
icW0nFygkrM,,,,,,,,,,,,,,,,,,,,,,,,,,,,,,,,,,,,,,,,,,,,,,,,,,,,,,,,,,,,,,,,,,,,,,,,,,,,,1275.0,1278.0,1281.0,1285.0,1290.0,1293.0,1294.0,1299.0,1301.0,1303.0,1309.0,1310.0,1316.0,1316.0,1320.0,1320.0,1319.0,1321.0,1324.0,1326.0,1326.0,1327.0,1327.0,1328.0,1327.0,1327.0,1327.0,1332.0,1332.0,1332.0,1330.0,1330.0,1331.0,1331.0,1331.0,1330.0,1338.0,1339.0,1338.0,1337.0,1337.0,1337.0,1338.0,1337.0,1341.0,1342.0,1342.0,1343.0,1343.0,1346.0,1347.0,1348.0,1348.0,1349.0,1350.0,1350.0,1352.0,1353.0,1354.0,1354.0,1355.0,1355.0,1355.0,1355.0,1355.0,1354.0,1353.0,1353.0,1355.0,1356.0,1357.0,1346.0,1347.0,1347.0,1348.0,1348.0,1349.0,1348.0,1348.0,1348.0,1351.0,1359.0,1359.0,1358.0,1358.0,1358.0,1358.0,1358.0,1359.0,1361.0,1361.0,1361.0,1361.0,1358.0,1358.0,1358.0,1358.0,1358.0,1357.0,1359.0,1359.0,1359.0,1359.0,1359.0,1359.0,1359.0,1359.0,1359.0,1358.0,1359.0,1359.0,1359.0,1359.0,1359.0,1358.0,1358.0,1357.0,1357.0,1356.0,1358.0,1358.0,1360.0,1360.0,1360.0,1360.0,1362.0,1362.0,1362.0,1362.0,1363.0,1364.0,1364
icW0nFygkrM,,,,,,,,,,,,,,,,,,,,,,,,,,,,,,,,,,,,,,,,,,,,,,,,,,,,,,,,,,,,,,,,,,,,,,,,,,,,,1275.0,1278.0,1281.0,1285.0,1290.0,1293.0,1294.0,1299.0,1301.0,1303.0,1309.0,1310.0,1316.0,1316.0,1320.0,1320.0,1319.0,1321.0,1324.0,1326.0,1326.0,1327.0,1327.0,1328.0,1327.0,1327.0,1327.0,1332.0,1332.0,1332.0,1330.0,1330.0,1331.0,1331.0,1331.0,1330.0,1338.0,1339.0,1338.0,1337.0,1337.0,1337.0,1338.0,1337.0,1341.0,1342.0,1342.0,1343.0,1343.0,1346.0,1347.0,1348.0,1348.0,1349.0,1350.0,1350.0,1352.0,1353.0,1354.0,1354.0,1355.0,1355.0,1355.0,1355.0,1355.0,1354.0,1353.0,1353.0,1355.0,1356.0,1357.0,1346.0,1347.0,1347.0,1348.0,1348.0,1349.0,1348.0,1348.0,1348.0,1351.0,1359.0,1359.0,1358.0,1358.0,1358.0,1358.0,1358.0,1359.0,1361.0,1361.0,1361.0,1361.0,1358.0,1358.0,1358.0,1358.0,1358.0,1357.0,1359.0,1359.0,1359.0,1359.0,1359.0,1359.0,1359.0,1359.0,1359.0,1358.0,1359.0,1359.0,1359.0,1359.0,1359.0,1358.0,1358.0,1357.0,1357.0,1356.0,1358.0,1358.0,1360.0,1360.0,1360.0,1360.0,1362.0,1362.0,1362.0,1362.0,1363.0,1364.0,1364
IMQBEabuciY,,,,,,,,,,,,,,,,,,,,,,,,,,,,,,,,,,,,,,,,,,,,,,,,,,,,,,,,,,,,,,,,,,,,,,,,,,,,,34.0,34.0,35.0,35.0,35.0,35.0,36.0,36.0,36.0,36.0,36.0,36.0,36.0,36.0,36.0,36.0,36.0,35.0,35.0,35.0,35.0,35.0,35.0,35.0,35.0,36.0,36.0,36.0,36.0,36.0,36.0,36.0,36.0,36.0,36.0,36.0,36.0,36.0,36.0,36.0,36.0,36.0,37.0,36.0,36.0,36.0,36.0,36.0,36.0,36.0,36.0,36.0,36.0,36.0,36.0,36.0,36.0,36.0,36.0,36.0,36.0,36.0,36.0,36.0,36.0,36.0,36.0,35.0,35.0,35.0,35.0,35.0,35.0,35.0,35.0,36.0,36.0,36.0,36.0,36.0,36.0,36.0,36.0,36.0,36.0,36.0,36.0,36.0,36.0,36.0,36.0,36.0,36.0,36.0,36.0,36.0,36.0,36.0,36.0,36.0,36.0,36.0,36.0,36.0,36.0,36.0,36.0,36.0,36.0,36.0,36.0,36.0,36.0,37.0,37.0,37.0,37.0,37.0,37.0,37.0,38.0,38.0,38.0,38.0,38.0,38.0,38.0,38.0,38.0,38.0,38.0,38
5zW4P_WpJ-U,,,,,,,,,,,,,,,,,,,,,,,,,,,,,,,,,,,,,,,,,,,,,,,,,,,,,,,,,,,,,,,,,,,,,,,,,,,,,1929.0,1932.0,1940.0,1943.0,1948.0,1952.0,1957.0,1959.0,1963.0,1969.0,1970.0,1976.0,1979.0,1981.0,1980.0,1984.0,1986.0,1996.0,1998.0,2003.0,2009.0,2011.0,2014.0,2016.0,2019.0,2019.0,2020.0,2026.0,2028.0,2033.0,2037.0,2038.0,2041.0,2048.0,2050.0,2052.0,2052.0,2052.0,2055.0,2056.0,2059.0,2062.0,2064.0,2065.0,2066.0,2069.0,2069.0,2070.0,2072.0,2075.0,2077.0,2077.0,2083.0,2087.0,2090.0,2095.0,2100.0,2103.0,2106.0,2107.0,2109.0,2111.0,2114.0,2115.0,2117.0,2119.0,2122.0,2123.0,2125.0,2127.0,2130.0,2131.0,2132.0,2138.0,2139.0,2144.0,2147.0,2149.0,2149.0,2150.0,2150.0,2150.0,2151.0,2151.0,2151.0,2151.0,2152.0,2152.0,2152.0,2152.0,2154.0,2155.0,2156.0,2156.0,2153.0,2153.0,2153.0,2153.0,2153.0,2153.0,2153.0,2153.0,2153.0,2153.0,2153.0,2153.0,2154.0,2154.0,2154.0,2155.0,2154.0,2154.0,2156.0,2154.0,2155.0,2157.0,2158.0,2159.0,2159.0,2159.0,2159.0,2161.0,2163.0,2163.0,2164.0,2164.0,2167.0,2167.0,2167.0,2167.0,2167.0,2167
HQsLcakiWXo,,,,,,,,,,,,,,,,,,,,,,,,,,,,,,,,,,,,,,,,,,,,,,,,,,,,,,,,,,,,,,,,,,,,,,,,,,,,,26.0,27.0,27.0,27.0,28.0,28.0,28.0,28.0,28.0,28.0,28.0,28.0,28.0,28.0,28.0,28.0,28.0,28.0,28.0,28.0,28.0,28.0,28.0,28.0,29.0,29.0,29.0,29.0,29.0,29.0,29.0,30.0,30.0,30.0,30.0,30.0,30.0,30.0,30.0,30.0,30.0,30.0,31.0,31.0,30.0,30.0,30.0,31.0,31.0,31.0,31.0,31.0,30.0,30.0,30.0,30.0,30.0,30.0,30.0,30.0,30.0,30.0,30.0,30.0,30.0,30.0,30.0,31.0,31.0,31.0,31.0,31.0,31.0,31.0,31.0,31.0,32.0,33.0,33.0,33.0,33.0,33.0,33.0,33.0,33.0,33.0,33.0,33.0,33.0,33.0,33.0,34.0,34.0,34.0,34.0,34.0,34.0,34.0,35.0,35.0,35.0,35.0,35.0,35.0,35.0,36.0,36.0,36.0,36.0,36.0,36.0,36.0,36.0,36.0,36.0,36.0,36.0,36.0,36.0,36.0,36.0,36.0,36.0,36.0,36.0,36.0,36.0,36.0,36.0,36.0,36.0,36
6J7K9Wi8uJ4,,,,,,,,,,,,,,,,,,,,,,,,,,,,,,,,,,,,,,,,,,,,,,,,,,,,,,,,,,,,,,,,,,,,,,,,,,,,,613.0,615.0,618.0,619.0,620.0,621.0,624.0,630.0,631.0,633.0,633.0,635.0,638.0,643.0,644.0,645.0,646.0,648.0,650.0,650.0,650.0,650.0,650.0,652.0,652.0,653.0,654.0,655.0,655.0,655.0,655.0,655.0,656.0,656.0,656.0,657.0,658.0,659.0,659.0,660.0,660.0,660.0,660.0,660.0,660.0,661.0,662.0,650.0,650.0,651.0,651.0,652.0,653.0,653.0,653.0,653.0,653.0,653.0,653.0,653.0,653.0,653.0,653.0,653.0,653.0,654.0,654.0,654.0,654.0,654.0,654.0,654.0,654.0,655.0,655.0,655.0,655.0,656.0,656.0,656.0,657.0,657.0,660.0,660.0,660.0,660.0,660.0,661.0,661.0,661.0,661.0,661.0,661.0,662.0,662.0,663.0,664.0,664.0,664.0,664.0,664.0,664.0,665.0,665.0,666.0,665.0,665.0,665.0,666.0,666.0,666.0,666.0,666.0,666.0,665.0,665.0,665.0,666.0,666.0,666.0,666.0,666.0,667.0,667.0,667.0,667.0,667.0,667.0,667.0,667.0,667.0,667
MW-oLdhz8aI,,,,,,,,,,,,,,,,,,,,,,,,,,,,,,,,,,,,,,,,,,,,,,,,,,,,,,,,,,,,,,,,,,,,,,,,,,,,,70.0,70.0,70.0,70.0,70.0,70.0,70.0,71.0,72.0,72.0,72.0,72.0,72.0,72.0,72.0,73.0,73.0,73.0,73.0,74.0,74.0,75.0,75.0,75.0,77.0,77.0,79.0,79.0,80.0,80.0,80.0,80.0,80.0,81.0,81.0,81.0,81.0,81.0,81.0,81.0,81.0,81.0,80.0,80.0,80.0,80.0,80.0,80.0,80.0,80.0,80.0,80.0,80.0,80.0,81.0,81.0,81.0,81.0,81.0,81.0,81.0,81.0,81.0,81.0,81.0,81.0,81.0,81.0,82.0,82.0,82.0,82.0,82.0,82.0,82.0,82.0,82.0,82.0,82.0,82.0,82.0,82.0,82.0,82.0,82.0,82.0,82.0,82.0,82.0,82.0,82.0,82.0,82.0,82.0,82.0,82.0,82.0,82.0,82.0,82.0,82.0,82.0,82.0,82.0,83.0,83.0,83.0,83.0,83.0,83.0,83.0,83.0,83.0,83.0,83.0,83.0,83.0,83.0,83.0,83.0,83.0,83.0,85.0,85.0,86.0,86.0,86.0,86.0,86.0,86.0,86.0,86
FF5oFEcF-xY,,,,,,,,,,,,,,,,,,,,,,,,,,,,,,,,,,,,,,,,,,,,,,,,,,,,,,,,,,,,,,,,,,,,,,,,,,,,,22.0,22.0,22.0,22.0,22.0,22.0,22.0,22.0,22.0,22.0,22.0,22.0,22.0,22.0,22.0,22.0,22.0,22.0,22.0,22.0,22.0,22.0,22.0,22.0,22.0,22.0,22.0,22.0,22.0,22.0,22.0,22.0,22.0,22.0,22.0,22.0,22.0,22.0,22.0,22.0,22.0,22.0,22.0,22.0,22.0,22.0,22.0,22.0,21.0,22.0,22.0,22.0,22.0,22.0,22.0,22.0,22.0,22.0,22.0,22.0,22.0,22.0,22.0,22.0,22.0,22.0,22.0,22.0,22.0,22.0,22.0,22.0,22.0,22.0,22.0,22.0,22.0,22.0,22.0,22.0,22.0,22.0,22.0,22.0,22.0,22.0,22.0,22.0,22.0,22.0,22.0,22.0,22.0,22.0,22.0,22.0,22.0,22.0,22.0,22.0,22.0,22.0,22.0,22.0,22.0,22.0,22.0,22.0,22.0,22.0,22.0,22.0,22.0,22.0,22.0,22.0,22.0,22.0,22.0,22.0,22.0,22.0,22.0,22.0,22.0,22.0,22.0,22.0,22.0,22.0,22.0,22
KbD9w7oMXLw,,,,,,,,,,,,,,,,,,,,,,,,,,,,,,,,,,,,,,,,,,,,,,,,,,,,,,,,,,,,,,,,,,,,,,,,,,,,,2.0,2.0,2.0,2.0,2.0,2.0,3.0,3.0,3.0,3.0,3.0,3.0,3.0,3.0,3.0,3.0,3.0,3.0,3.0,3.0,3.0,3.0,3.0,3.0,3.0,3.0,3.0,3.0,3.0,3.0,3.0,3.0,3.0,3.0,3.0,3.0,3.0,3.0,3.0,3.0,3.0,3.0,3.0,3.0,3.0,3.0,3.0,3.0,3.0,3.0,3.0,3.0,3.0,3.0,3.0,3.0,3.0,3.0,3.0,3.0,3.0,3.0,3.0,3.0,3.0,3.0,3.0,3.0,3.0,3.0,3.0,3.0,3.0,3.0,3.0,3.0,3.0,3.0,3.0,3.0,3.0,3.0,3.0,3.0,3.0,3.0,3.0,3.0,3.0,3.0,3.0,3.0,3.0,3.0,3.0,3.0,3.0,3.0,3.0,3.0,3.0,3.0,3.0,3.0,3.0,3.0,3.0,3.0,3.0,3.0,3.0,3.0,3.0,3.0,3.0,3.0,3.0,3.0,3.0,3.0,3.0,3.0,3.0,3.0,3.0,3.0,3.0,3.0,3.0,3.0,3.0,3
2v_b0rBgr1s,,,,,,,,,,,,,,,,,,,,,,,,,,,,,,,,,,,,,,,,,,,,,,,,,,,,,,,,,,,,,,,,,,,,,,,,,,,,,0.0,0.0,0.0,0.0,0.0,0.0,0.0,0.0,0.0,0.0,0.0,0.0,0.0,0.0,0.0,0.0,0.0,0.0,0.0,0.0,0.0,0.0,0.0,0.0,0.0,0.0,0.0,0.0,0.0,0.0,0.0,0.0,0.0,0.0,0.0,0.0,0.0,0.0,0.0,0.0,0.0,0.0,0.0,0.0,0.0,0.0,0.0,0.0,0.0,0.0,0.0,0.0,0.0,0.0,0.0,0.0,0.0,0.0,0.0,0.0,0.0,0.0,0.0,0.0,0.0,0.0,0.0,0.0,0.0,0.0,0.0,0.0,0.0,0.0,0.0,0.0,0.0,0.0,0.0,0.0,0.0,0.0,0.0,0.0,0.0,0.0,0.0,0.0,0.0,0.0,0.0,0.0,0.0,0.0,0.0,0.0,0.0,0.0,0.0,0.0,0.0,0.0,0.0,0.0,0.0,0.0,0.0,0.0,0.0,0.0,0.0,0.0,0.0,0.0,0.0,0.0,0.0,0.0,0.0,0.0,0.0,0.0,0.0,0.0,0.0,0.0,0.0,0.0,0.0,0.0,0.0,0
mI88XaC5DiU,,,,,,,,,,,,,,,,,,,,,,,,,,,,,,,,,,,,,,,,,,,,,,,,,,,,,,,,,,,,,,,,,,,,,,,,,,,,,0.0,0.0,0.0,0.0,0.0,0.0,0.0,0.0,0.0,0.0,0.0,0.0,0.0,0.0,0.0,0.0,0.0,0.0,0.0,0.0,0.0,0.0,0.0,0.0,0.0,0.0,0.0,0.0,0.0,0.0,0.0,0.0,0.0,0.0,0.0,0.0,0.0,0.0,0.0,0.0,0.0,0.0,0.0,0.0,0.0,0.0,0.0,0.0,0.0,0.0,0.0,0.0,0.0,0.0,0.0,0.0,0.0,0.0,0.0,0.0,0.0,0.0,0.0,0.0,0.0,0.0,0.0,0.0,0.0,0.0,0.0,0.0,0.0,0.0,0.0,0.0,0.0,0.0,0.0,0.0,0.0,0.0,0.0,0.0,0.0,0.0,0.0,0.0,0.0,0.0,0.0,0.0,0.0,0.0,0.0,0.0,0.0,0.0,0.0,0.0,0.0,0.0,0.0,0.0,0.0,0.0,0.0,0.0,0.0,0.0,0.0,0.0,0.0,0.0,0.0,0.0,0.0,0.0,0.0,0.0,0.0,0.0,0.0,0.0,0.0,0.0,0.0,0.0,0.0,0.0,0.0,0
qd-CuEYh6lw,,,,,,,,,,,,,,,,,,,,,,,,,,,,,,,,,,,,,,,,,,,,,,,,,,,,,,,,,,,,,,,,,,,,,,,,,,,,,1.0,1.0,2.0,2.0,2.0,2.0,3.0,3.0,3.0,3.0,3.0,3.0,3.0,3.0,3.0,3.0,4.0,4.0,4.0,4.0,4.0,4.0,4.0,4.0,4.0,4.0,4.0,4.0,4.0,4.0,4.0,4.0,4.0,4.0,4.0,4.0,4.0,4.0,4.0,4.0,4.0,5.0,5.0,5.0,5.0,5.0,5.0,5.0,5.0,5.0,5.0,5.0,5.0,5.0,5.0,5.0,5.0,5.0,5.0,5.0,5.0,5.0,5.0,5.0,5.0,5.0,5.0,5.0,5.0,5.0,5.0,5.0,5.0,5.0,5.0,5.0,5.0,5.0,5.0,5.0,5.0,5.0,5.0,5.0,5.0,5.0,5.0,5.0,5.0,5.0,5.0,5.0,5.0,5.0,5.0,5.0,5.0,5.0,5.0,5.0,5.0,5.0,5.0,5.0,5.0,5.0,5.0,5.0,5.0,5.0,5.0,5.0,5.0,5.0,5.0,5.0,5.0,5.0,5.0,5.0,5.0,5.0,5.0,5.0,5.0,5.0,5.0,5.0,5.0,5.0,5.0,5
Y8aqyy0kpHA,,,,,,,,,,,,,,,,,,,,,,,,,,,,,,,,,,,,,,,,,,,,,,,,,,,,,,,,,,,,,,,,,,,,,,,,,,,,,64.0,70.0,73.0,74.0,76.0,78.0,78.0,79.0,81.0,81.0,81.0,81.0,81.0,81.0,83.0,83.0,84.0,85.0,85.0,85.0,86.0,86.0,86.0,87.0,87.0,88.0,88.0,88.0,88.0,88.0,88.0,88.0,88.0,88.0,88.0,88.0,88.0,89.0,89.0,90.0,90.0,91.0,91.0,91.0,91.0,91.0,90.0,90.0,90.0,90.0,91.0,91.0,91.0,91.0,91.0,91.0,91.0,91.0,91.0,91.0,92.0,92.0,92.0,92.0,93.0,93.0,94.0,94.0,95.0,95.0,95.0,91.0,91.0,91.0,93.0,93.0,93.0,93.0,93.0,93.0,93.0,93.0,93.0,93.0,93.0,94.0,94.0,94.0,94.0,94.0,94.0,94.0,94.0,94.0,94.0,95.0,95.0,95.0,95.0,95.0,95.0,95.0,95.0,95.0,95.0,95.0,95.0,93.0,93.0,93.0,93.0,93.0,93.0,93.0,93.0,93.0,93.0,93.0,93.0,93.0,93.0,93.0,93.0,93.0,93.0,93.0,93.0,93.0,94.0,94.0,94.0,94
2SHkpzwi_-o,,,,,,,,,,,,,,,,,,,,,,,,,,,,,,,,,,,,,,,,,,,,,,,,,,,,,,,,,,,,,,,,,,,,,,,,,,,,,127.0,162.0,174.0,184.0,192.0,198.0,204.0,207.0,211.0,213.0,215.0,215.0,216.0,216.0,216.0,218.0,218.0,219.0,219.0,219.0,220.0,220.0,220.0,220.0,220.0,223.0,223.0,223.0,223.0,223.0,223.0,224.0,224.0,224.0,224.0,224.0,224.0,223.0,223.0,223.0,223.0,224.0,224.0,225.0,225.0,226.0,225.0,225.0,225.0,225.0,225.0,225.0,225.0,226.0,226.0,229.0,230.0,230.0,230.0,230.0,229.0,229.0,230.0,231.0,232.0,232.0,232.0,232.0,232.0,232.0,232.0,231.0,232.0,232.0,232.0,232.0,232.0,232.0,232.0,232.0,232.0,233.0,233.0,233.0,233.0,233.0,233.0,233.0,233.0,233.0,235.0,235.0,235.0,236.0,236.0,237.0,237.0,237.0,237.0,237.0,237.0,238.0,238.0,238.0,239.0,239.0,239.0,239.0,240.0,240.0,240.0,240.0,240.0,240.0,240.0,240.0,240.0,240.0,240.0,240.0,240.0,240.0,240.0,240.0,240.0,240.0,239.0,239.0,237.0,237.0,237.0,237
E9PARNJYNM0,,,,,,,,,,,,,,,,,,,,,,,,,,,,,,,,,,,,,,,,,,,,,,,,,,,,,,,,,,,,,,,,,,,,,,,,,,,,,8.0,10.0,10.0,11.0,12.0,12.0,12.0,13.0,13.0,13.0,13.0,13.0,13.0,13.0,13.0,13.0,13.0,13.0,13.0,13.0,13.0,13.0,13.0,13.0,13.0,13.0,13.0,13.0,13.0,14.0,14.0,15.0,15.0,15.0,15.0,17.0,17.0,17.0,18.0,18.0,18.0,18.0,18.0,18.0,18.0,18.0,18.0,18.0,18.0,18.0,18.0,18.0,18.0,18.0,18.0,18.0,18.0,18.0,18.0,18.0,18.0,18.0,18.0,18.0,18.0,18.0,18.0,18.0,18.0,18.0,18.0,18.0,18.0,18.0,18.0,18.0,18.0,18.0,18.0,18.0,18.0,18.0,18.0,18.0,18.0,18.0,18.0,18.0,18.0,18.0,18.0,18.0,18.0,18.0,18.0,19.0,19.0,19.0,19.0,19.0,19.0,19.0,19.0,19.0,19.0,19.0,19.0,19.0,20.0,20.0,20.0,20.0,20.0,20.0,20.0,20.0,20.0,20.0,20.0,20.0,20.0,20.0,20.0,20.0,20.0,20.0,20.0,20.0,20.0,20.0,20.0,20
pFKNeC5-MiM,,,,,,,,,,,,,,,,,,,,,,,,,,,,,,,,,,,,,,,,,,,,,,,,,,,,,,,,,,,,,,,,,,,,,,,,,,,,,,,459.0,460.0,460.0,461.0,463.0,466.0,467.0,468.0,470.0,471.0,472.0,472.0,472.0,475.0,475.0,475.0,475.0,476.0,476.0,476.0,476.0,476.0,478.0,478.0,478.0,478.0,478.0,478.0,479.0,479.0,479.0,479.0,480.0,481.0,481.0,482.0,483.0,483.0,483.0,483.0,483.0,483.0,484.0,484.0,484.0,484.0,484.0,484.0,484.0,484.0,484.0,484.0,484.0,484.0,484.0,485.0,484.0,484.0,485.0,485.0,485.0,486.0,487.0,488.0,488.0,489.0,490.0,489.0,482.0,482.0,482.0,482.0,482.0,482.0,482.0,482.0,482.0,482.0,482.0,479.0,479.0,479.0,480.0,480.0,480.0,480.0,481.0,481.0,481.0,481.0,481.0,481.0,481.0,481.0,481.0,481.0,481.0,481.0,481.0,481.0,481.0,481.0,481.0,481.0,481.0,481.0,481.0,481.0,477.0,477.0,477.0,477.0,476.0,476.0,476.0,476.0,476.0,477.0,477.0,477.0,478.0,478.0,478.0,478.0,478.0,478.0,478.0,478.0,478.0,478
FG5cO26pzb4,,,,,,,,,,,,,,,,,,,,,,,,,,,,,,,,,,,,,,,,,,,,,,,,,,,,,,,,,,,,,,,,,,,,,,,,,,,,,,,0.0,0.0,0.0,0.0,0.0,0.0,0.0,0.0,0.0,0.0,0.0,0.0,0.0,0.0,0.0,0.0,0.0,0.0,0.0,0.0,0.0,0.0,0.0,0.0,0.0,0.0,0.0,0.0,0.0,0.0,0.0,0.0,0.0,0.0,0.0,0.0,0.0,0.0,0.0,0.0,0.0,0.0,0.0,0.0,0.0,0.0,0.0,0.0,0.0,0.0,0.0,0.0,0.0,0.0,0.0,0.0,0.0,0.0,0.0,0.0,0.0,0.0,0.0,0.0,0.0,0.0,0.0,0.0,0.0,0.0,0.0,0.0,0.0,0.0,0.0,0.0,0.0,0.0,0.0,0.0,0.0,0.0,0.0,0.0,0.0,0.0,0.0,0.0,0.0,0.0,0.0,0.0,0.0,0.0,0.0,0.0,0.0,0.0,0.0,0.0,0.0,0.0,0.0,0.0,0.0,0.0,0.0,0.0,0.0,0.0,0.0,0.0,0.0,0.0,0.0,0.0,0.0,0.0,0.0,0.0,0.0,0.0,0.0,0.0,0.0,0.0,0.0,0.0,0.0,0
JFhVuvzWEVI,,,,,,,,,,,,,,,,,,,,,,,,,,,,,,,,,,,,,,,,,,,,,,,,,,,,,,,,,,,,,,,,,,,,,,,,,,,,,,,20.0,37.0,50.0,62.0,72.0,77.0,91.0,98.0,109.0,118.0,124.0,124.0,124.0,125.0,125.0,126.0,127.0,127.0,127.0,128.0,128.0,128.0,129.0,129.0,130.0,130.0,130.0,130.0,131.0,131.0,131.0,131.0,131.0,131.0,131.0,131.0,131.0,131.0,131.0,131.0,131.0,131.0,131.0,131.0,131.0,131.0,131.0,131.0,131.0,131.0,131.0,131.0,131.0,131.0,131.0,131.0,131.0,131.0,131.0,131.0,131.0,131.0,131.0,131.0,131.0,131.0,131.0,131.0,131.0,131.0,131.0,131.0,131.0,131.0,131.0,131.0,131.0,131.0,131.0,131.0,131.0,132.0,132.0,132.0,132.0,132.0,132.0,132.0,132.0,132.0,132.0,132.0,132.0,132.0,132.0,132.0,132.0,132.0,132.0,132.0,132.0,132.0,132.0,132.0,132.0,132.0,132.0,132.0,132.0,132.0,132.0,132.0,132.0,132.0,132.0,132.0,132.0,132.0,132.0,132.0,132.0,132.0,132.0,132.0,132.0,132.0,132.0,132.0,132.0,132
lUJ3JEAp-II,,,,,,,,,,,,,,,,,,,,,,,,,,,,,,,,,,,,,,,,,,,,,,,,,,,,,,,,,,,,,,,,,,,,,,,,,,,,,,,2423.0,3059.0,3290.0,3417.0,3492.0,3541.0,3563.0,3585.0,3604.0,3623.0,3637.0,3647.0,3654.0,3656.0,3662.0,3664.0,3663.0,3667.0,3674.0,3681.0,3683.0,3686.0,3689.0,3689.0,3690.0,3690.0,3693.0,3695.0,3696.0,3695.0,3695.0,3697.0,3699.0,3699.0,3699.0,3698.0,3698.0,3698.0,3699.0,3700.0,3701.0,3701.0,3702.0,3704.0,3703.0,3704.0,3705.0,3705.0,3705.0,3705.0,3708.0,3708.0,3709.0,3712.0,3714.0,3714.0,3714.0,3714.0,3714.0,3715.0,3715.0,3715.0,3716.0,3717.0,3717.0,3715.0,3715.0,3715.0,3715.0,3715.0,3716.0,3715.0,3714.0,3720.0,3721.0,3721.0,3722.0,3723.0,3722.0,3722.0,3724.0,3723.0,3723.0,3724.0,3724.0,3724.0,3723.0,3724.0,3723.0,3723.0,3724.0,3724.0,3723.0,3723.0,3723.0,3723.0,3722.0,3722.0,3723.0,3723.0,3723.0,3726.0,3728.0,3728.0,3731.0,3731.0,3732.0,3732.0,3736.0,3736.0,3736.0,3737.0,3738.0,3738.0,3739.0,3740.0,3740.0,3740.0,3740.0,3740.0,3739.0,3738.0,3740.0,3740.0,3740.0,3741.0,3740.0,3740.0,3740.0,3740
Wo4cQlVHPFc,,,,,,,,,,,,,,,,,,,,,,,,,,,,,,,,,,,,,,,,,,,,,,,,,,,,,,,,,,,,,,,,,,,,,,,,,,,,,,,10.0,10.0,10.0,10.0,10.0,10.0,10.0,10.0,10.0,10.0,10.0,10.0,10.0,10.0,10.0,10.0,10.0,10.0,10.0,10.0,10.0,10.0,10.0,10.0,10.0,10.0,10.0,10.0,10.0,10.0,10.0,10.0,10.0,10.0,10.0,10.0,10.0,10.0,10.0,10.0,10.0,10.0,10.0,10.0,10.0,10.0,10.0,10.0,10.0,10.0,10.0,10.0,10.0,10.0,10.0,10.0,10.0,10.0,10.0,10.0,10.0,11.0,11.0,11.0,11.0,11.0,11.0,11.0,11.0,11.0,11.0,11.0,11.0,11.0,11.0,11.0,11.0,11.0,11.0,11.0,11.0,11.0,11.0,11.0,11.0,11.0,11.0,11.0,11.0,11.0,11.0,11.0,11.0,11.0,11.0,11.0,11.0,11.0,11.0,11.0,11.0,11.0,11.0,11.0,11.0,11.0,11.0,11.0,11.0,11.0,11.0,11.0,11.0,11.0,11.0,11.0,11.0,11.0,11.0,11.0,11.0,11.0,11.0,11.0,11.0,11.0,11.0,11.0,11.0,11
DiS9MZV2ZuI,,,,,,,,,,,,,,,,,,,,,,,,,,,,,,,,,,,,,,,,,,,,,,,,,,,,,,,,,,,,,,,,,,,,,,,,,,,,,,,157.0,168.0,187.0,194.0,199.0,201.0,202.0,202.0,203.0,203.0,204.0,204.0,204.0,204.0,204.0,204.0,204.0,204.0,205.0,205.0,205.0,205.0,205.0,205.0,206.0,206.0,206.0,206.0,207.0,208.0,207.0,207.0,207.0,207.0,208.0,208.0,208.0,208.0,209.0,209.0,209.0,209.0,209.0,208.0,208.0,209.0,209.0,209.0,209.0,209.0,209.0,209.0,209.0,209.0,210.0,210.0,210.0,210.0,210.0,210.0,210.0,210.0,210.0,210.0,210.0,210.0,211.0,211.0,211.0,211.0,211.0,211.0,211.0,211.0,211.0,211.0,211.0,211.0,211.0,208.0,208.0,208.0,207.0,207.0,207.0,207.0,207.0,207.0,207.0,207.0,207.0,207.0,207.0,207.0,207.0,207.0,207.0,207.0,207.0,207.0,207.0,207.0,207.0,207.0,207.0,207.0,208.0,208.0,208.0,208.0,208.0,208.0,208.0,208.0,208.0,208.0,208.0,208.0,208.0,208.0,208.0,208.0,208.0,208.0,208.0,208.0,208.0,208.0,208.0,208
NlQlHpSq9Tk,,,,,,,,,,,,,,,,,,,,,,,,,,,,,,,,,,,,,,,,,,,,,,,,,,,,,,,,,,,,,,,,,,,,,,,,,,,,,,,0.0,0.0,0.0,0.0,0.0,0.0,0.0,0.0,0.0,0.0,0.0,0.0,0.0,0.0,0.0,0.0,0.0,0.0,0.0,0.0,0.0,0.0,0.0,0.0,0.0,0.0,0.0,0.0,0.0,0.0,0.0,0.0,0.0,0.0,0.0,0.0,0.0,0.0,0.0,0.0,0.0,0.0,0.0,0.0,0.0,0.0,0.0,0.0,0.0,0.0,0.0,0.0,0.0,0.0,0.0,0.0,0.0,0.0,0.0,0.0,0.0,0.0,0.0,0.0,0.0,0.0,0.0,0.0,0.0,0.0,0.0,0.0,0.0,0.0,0.0,0.0,0.0,0.0,0.0,0.0,0.0,0.0,0.0,0.0,0.0,0.0,0.0,0.0,0.0,0.0,0.0,0.0,0.0,0.0,0.0,0.0,0.0,0.0,0.0,0.0,0.0,0.0,0.0,0.0,0.0,0.0,0.0,0.0,0.0,0.0,0.0,0.0,0.0,0.0,0.0,0.0,0.0,0.0,0.0,0.0,0.0,0.0,0.0,0.0,0.0,0.0,0.0,0.0,0.0,0
ACPODVhhACY,,,,,,,,,,,,,,,,,,,,,,,,,,,,,,,,,,,,,,,,,,,,,,,,,,,,,,,,,,,,,,,,,,,,,,,,,,,,,,,,968.0,968.0,974.0,974.0,975.0,977.0,980.0,980.0,980.0,981.0,981.0,981.0,981.0,981.0,983.0,983.0,984.0,985.0,985.0,985.0,985.0,985.0,985.0,986.0,986.0,986.0,986.0,986.0,987.0,987.0,987.0,987.0,987.0,987.0,987.0,988.0,988.0,988.0,991.0,991.0,993.0,997.0,997.0,996.0,997.0,997.0,997.0,998.0,998.0,998.0,999.0,1002.0,1002.0,1003.0,1003.0,1004.0,1017.0,1037.0,1039.0,1040.0,1040.0,1041.0,1042.0,1043.0,1043.0,1043.0,1043.0,1043.0,1044.0,1044.0,1044.0,1044.0,1044.0,1044.0,1045.0,1045.0,1045.0,1045.0,1045.0,1045.0,1045.0,1045.0,1045.0,1045.0,1045.0,1045.0,1045.0,1045.0,1046.0,1046.0,1054.0,1062.0,1067.0,1068.0,1068.0,1069.0,1070.0,1070.0,1071.0,1072.0,1073.0,1076.0,1077.0,1077.0,1077.0,1077.0,1078.0,1079.0,1080.0,1080.0,1080.0,1080.0,1080.0,1081.0,1082.0,1083.0,1083.0,1085.0,1085.0,1083.0,1084.0,1085.0,1088.0,1088.0,1089.0,1089.0,1089.0,1089.0,1089
8a90HBQs3FU,,,,,,,,,,,,,,,,,,,,,,,,,,,,,,,,,,,,,,,,,,,,,,,,,,,,,,,,,,,,,,,,,,,,,,,,,,,,,,,,,127.0,241.0,285.0,324.0,339.0,349.0,361.0,370.0,377.0,383.0,386.0,392.0,396.0,402.0,402.0,405.0,406.0,409.0,410.0,412.0,413.0,416.0,417.0,419.0,422.0,423.0,425.0,425.0,425.0,425.0,428.0,430.0,431.0,432.0,432.0,432.0,435.0,435.0,435.0,435.0,435.0,435.0,436.0,436.0,436.0,436.0,436.0,438.0,438.0,438.0,440.0,441.0,442.0,442.0,443.0,443.0,443.0,443.0,443.0,443.0,443.0,444.0,444.0,444.0,444.0,444.0,445.0,445.0,445.0,445.0,445.0,445.0,445.0,445.0,446.0,446.0,446.0,446.0,447.0,447.0,447.0,446.0,446.0,446.0,446.0,447.0,447.0,450.0,450.0,450.0,450.0,450.0,450.0,451.0,451.0,451.0,451.0,451.0,451.0,451.0,453.0,453.0,453.0,453.0,453.0,453.0,453.0,453.0,453.0,453.0,453.0,453.0,453.0,453.0,455.0,457.0,457.0,457.0,457.0,458.0,458.0,458.0,458.0,458.0,458.0,458.0,458.0,458
x0FwbTiD3iA,,,,,,,,,,,,,,,,,,,,,,,,,,,,,,,,,,,,,,,,,,,,,,,,,,,,,,,,,,,,,,,,,,,,,,,,,,,,,,,,,10704.0,16377.0,18604.0,20187.0,21142.0,21957.0,22907.0,23517.0,23848.0,24129.0,24323.0,24515.0,24619.0,24742.0,24875.0,24974.0,25059.0,25128.0,25181.0,25227.0,25273.0,25321.0,25344.0,25398.0,25438.0,25475.0,25506.0,25541.0,25569.0,25605.0,25641.0,25679.0,25707.0,25714.0,25749.0,25757.0,25784.0,25815.0,25853.0,25885.0,25896.0,25879.0,25905.0,25913.0,25901.0,25914.0,25935.0,25960.0,25984.0,26010.0,26046.0,26055.0,26076.0,26094.0,26120.0,26134.0,26177.0,26213.0,26214.0,26237.0,26271.0,26319.0,26374.0,26397.0,26425.0,26460.0,26499.0,26519.0,26537.0,26559.0,26576.0,26577.0,26591.0,26611.0,26629.0,26650.0,26668.0,26682.0,26695.0,26708.0,26737.0,26753.0,26760.0,26773.0,26786.0,26806.0,26814.0,26829.0,26857.0,26871.0,26883.0,26897.0,26910.0,26925.0,26940.0,26947.0,26964.0,26985.0,27000.0,27012.0,27019.0,27053.0,27058.0,27066.0,27079.0,27112.0,27129.0,27148.0,27164.0,27172.0,27186.0,27198.0,27219.0,27216.0,27227.0,27240.0,27255.0,27259.0,27281.0,27288.0,27299.0,27312.0,27328.0,27339.0,27344.0,27359.0,27368.0,27377
y8omlVISMfU,,,,,,,,,,,,,,,,,,,,,,,,,,,,,,,,,,,,,,,,,,,,,,,,,,,,,,,,,,,,,,,,,,,,,,,,,,,,,,,,,70.0,74.0,74.0,75.0,75.0,76.0,76.0,76.0,77.0,77.0,77.0,77.0,77.0,78.0,78.0,78.0,78.0,78.0,78.0,78.0,78.0,78.0,78.0,78.0,78.0,78.0,78.0,78.0,78.0,78.0,78.0,78.0,78.0,78.0,78.0,78.0,78.0,78.0,78.0,78.0,78.0,78.0,78.0,78.0,78.0,78.0,78.0,78.0,78.0,78.0,78.0,78.0,78.0,78.0,78.0,78.0,78.0,78.0,78.0,78.0,78.0,78.0,78.0,78.0,78.0,78.0,78.0,78.0,78.0,78.0,79.0,79.0,79.0,79.0,79.0,79.0,79.0,79.0,79.0,79.0,79.0,79.0,79.0,79.0,79.0,79.0,79.0,79.0,79.0,79.0,79.0,79.0,79.0,79.0,79.0,79.0,79.0,79.0,79.0,79.0,79.0,79.0,79.0,79.0,79.0,79.0,79.0,79.0,79.0,79.0,79.0,79.0,79.0,79.0,79.0,79.0,79.0,79.0,79.0,79.0,79.0,79.0,79.0,79.0,79.0,79.0,79.0,79
JrXdLoA8L7Y,,,,,,,,,,,,,,,,,,,,,,,,,,,,,,,,,,,,,,,,,,,,,,,,,,,,,,,,,,,,,,,,,,,,,,,,,,,,,,,,,0.0,0.0,0.0,0.0,0.0,0.0,0.0,0.0,0.0,1.0,3.0,3.0,5.0,6.0,7.0,7.0,8.0,8.0,9.0,9.0,9.0,9.0,9.0,9.0,9.0,9.0,9.0,9.0,9.0,9.0,9.0,9.0,9.0,9.0,10.0,10.0,10.0,10.0,10.0,10.0,10.0,10.0,10.0,10.0,10.0,10.0,10.0,10.0,10.0,10.0,10.0,10.0,10.0,10.0,10.0,10.0,10.0,10.0,10.0,10.0,10.0,10.0,10.0,10.0,10.0,10.0,10.0,10.0,10.0,10.0,10.0,9.0,9.0,11.0,11.0,11.0,11.0,11.0,11.0,11.0,11.0,11.0,11.0,11.0,11.0,11.0,11.0,11.0,11.0,11.0,11.0,11.0,11.0,11.0,11.0,11.0,11.0,11.0,11.0,11.0,11.0,11.0,11.0,11.0,11.0,11.0,11.0,11.0,11.0,11.0,11.0,11.0,11.0,11.0,11.0,11.0,11.0,11.0,11.0,11.0,11.0,11.0,11.0,11.0,11.0,11.0,11.0,11
MH04dQ-1wY8,,,,,,,,,,,,,,,,,,,,,,,,,,,,,,,,,,,,,,,,,,,,,,,,,,,,,,,,,,,,,,,,,,,,,,,,,,,,,,,,,45.0,59.0,62.0,65.0,77.0,78.0,78.0,78.0,78.0,79.0,79.0,79.0,79.0,79.0,79.0,80.0,80.0,80.0,80.0,80.0,80.0,80.0,81.0,81.0,81.0,81.0,81.0,81.0,81.0,82.0,82.0,82.0,82.0,82.0,82.0,82.0,82.0,82.0,82.0,83.0,83.0,84.0,84.0,84.0,84.0,84.0,84.0,84.0,84.0,84.0,84.0,84.0,84.0,84.0,84.0,85.0,85.0,85.0,85.0,85.0,85.0,85.0,85.0,85.0,85.0,85.0,86.0,86.0,86.0,86.0,86.0,86.0,86.0,86.0,86.0,86.0,86.0,86.0,86.0,86.0,86.0,86.0,86.0,86.0,86.0,86.0,86.0,86.0,86.0,86.0,86.0,86.0,86.0,86.0,86.0,86.0,86.0,86.0,86.0,86.0,86.0,86.0,86.0,86.0,86.0,86.0,86.0,86.0,86.0,86.0,86.0,86.0,86.0,86.0,86.0,86.0,86.0,86.0,86.0,86.0,86.0,86.0,86.0,86.0,85.0,85.0,85.0,85
J7OhGsGbaM4,,,,,,,,,,,,,,,,,,,,,,,,,,,,,,,,,,,,,,,,,,,,,,,,,,,,,,,,,,,,,,,,,,,,,,,,,,,,,,,,,498.0,780.0,897.0,918.0,1005.0,1064.0,1108.0,1155.0,1193.0,1233.0,1269.0,1289.0,1311.0,1324.0,1330.0,1330.0,1342.0,1353.0,1362.0,1364.0,1367.0,1370.0,1374.0,1379.0,1384.0,1389.0,1390.0,1393.0,1395.0,1396.0,1402.0,1404.0,1408.0,1410.0,1412.0,1414.0,1414.0,1414.0,1414.0,1414.0,1415.0,1415.0,1415.0,1419.0,1420.0,1420.0,1419.0,1420.0,1422.0,1423.0,1424.0,1423.0,1423.0,1424.0,1424.0,1424.0,1425.0,1426.0,1426.0,1426.0,1427.0,1427.0,1427.0,1429.0,1431.0,1432.0,1434.0,1435.0,1437.0,1437.0,1438.0,1441.0,1443.0,1445.0,1447.0,1448.0,1448.0,1352.0,1352.0,1352.0,1352.0,1351.0,1351.0,1351.0,1351.0,1351.0,1351.0,1352.0,1353.0,1352.0,1352.0,1354.0,1353.0,1353.0,1353.0,1357.0,1357.0,1359.0,1359.0,1358.0,1359.0,1361.0,1363.0,1363.0,1364.0,1365.0,1366.0,1367.0,1367.0,1366.0,1367.0,1367.0,1367.0,1367.0,1367.0,1368.0,1368.0,1368.0,1368.0,1368.0,1368.0,1368.0,1371.0,1372.0,1373.0,1371.0,1371.0,1371
SVtiAnU7JnM,,,,,,,,,,,,,,,,,,,,,,,,,,,,,,,,,,,,,,,,,,,,,,,,,,,,,,,,,,,,,,,,,,,,,,,,,,,,,,,,,558.0,883.0,1097.0,1265.0,1441.0,1539.0,1629.0,1710.0,1744.0,1776.0,1800.0,1825.0,1865.0,1904.0,1934.0,1950.0,1973.0,1996.0,2015.0,2043.0,2080.0,2110.0,2133.0,2144.0,2157.0,2170.0,2186.0,2202.0,2222.0,2234.0,2253.0,2265.0,2276.0,2291.0,2304.0,2319.0,2333.0,2358.0,2377.0,2400.0,2417.0,2431.0,2440.0,2447.0,2458.0,2461.0,2468.0,2479.0,2489.0,2499.0,2500.0,2501.0,2502.0,2502.0,2502.0,2504.0,2505.0,2505.0,2505.0,2506.0,2506.0,2506.0,2506.0,2506.0,2506.0,2507.0,2507.0,2507.0,2507.0,2507.0,2507.0,2507.0,2508.0,2508.0,2508.0,2508.0,2509.0,2509.0,2511.0,2512.0,2512.0,2512.0,2513.0,2513.0,2513.0,2514.0,2514.0,2514.0,2514.0,2514.0,2513.0,2513.0,2513.0,2513.0,2513.0,2513.0,2513.0,2513.0,2513.0,2512.0,2513.0,2513.0,2507.0,2507.0,2507.0,2507.0,2507.0,2507.0,2507.0,2507.0,2507.0,2507.0,2507.0,2507.0,2509.0,2509.0,2509.0,2509.0,2508.0,2508.0,2508.0,2508.0,2507.0,2507.0,2507.0,2507.0,2507.0,2507
P2llSm9tZvA,,,,,,,,,,,,,,,,,,,,,,,,,,,,,,,,,,,,,,,,,,,,,,,,,,,,,,,,,,,,,,,,,,,,,,,,,,,,,,,,,,2613.0,2765.0,2856.0,2903.0,2933.0,2958.0,2982.0,3003.0,3033.0,3048.0,3055.0,3068.0,3081.0,3090.0,3103.0,3110.0,3119.0,3126.0,3128.0,3134.0,3139.0,3140.0,3145.0,3156.0,3158.0,3161.0,3164.0,3172.0,3174.0,3182.0,3190.0,3194.0,3195.0,3200.0,3201.0,3204.0,3212.0,3215.0,3227.0,3234.0,3238.0,3243.0,3252.0,3257.0,3264.0,3271.0,3282.0,3292.0,3297.0,3299.0,3304.0,3305.0,3306.0,3307.0,3308.0,3308.0,3309.0,3309.0,3310.0,3314.0,3314.0,3315.0,3317.0,3316.0,3317.0,3318.0,3324.0,3325.0,3329.0,3329.0,3332.0,3334.0,3334.0,3335.0,3334.0,3337.0,3334.0,3334.0,3335.0,3336.0,3339.0,3339.0,3344.0,3344.0,3344.0,3350.0,3350.0,3352.0,3355.0,3355.0,3356.0,3355.0,3357.0,3358.0,3359.0,3359.0,3361.0,3361.0,3359.0,3361.0,3361.0,3361.0,3363.0,3364.0,3364.0,3365.0,3365.0,3366.0,3368.0,3370.0,3370.0,3370.0,3373.0,3373.0,3376.0,3378.0,3380.0,3380.0,3380.0,3094.0,3094.0,3094.0,3096.0,3095.0,3093.0,3094.0,3095
DdGXfZaSpwY,,,,,,,,,,,,,,,,,,,,,,,,,,,,,,,,,,,,,,,,,,,,,,,,,,,,,,,,,,,,,,,,,,,,,,,,,,,,,,,,,,632.0,633.0,633.0,634.0,635.0,637.0,638.0,643.0,643.0,645.0,645.0,646.0,647.0,648.0,648.0,649.0,649.0,651.0,651.0,651.0,652.0,654.0,654.0,654.0,655.0,656.0,657.0,657.0,658.0,658.0,658.0,658.0,658.0,658.0,658.0,658.0,658.0,658.0,658.0,657.0,657.0,655.0,655.0,656.0,656.0,655.0,655.0,655.0,655.0,655.0,656.0,656.0,656.0,660.0,661.0,661.0,661.0,661.0,661.0,661.0,661.0,663.0,663.0,663.0,663.0,663.0,663.0,665.0,665.0,665.0,665.0,665.0,665.0,665.0,665.0,665.0,665.0,665.0,665.0,665.0,667.0,667.0,667.0,667.0,667.0,667.0,667.0,667.0,666.0,666.0,665.0,665.0,665.0,665.0,666.0,667.0,667.0,667.0,668.0,671.0,672.0,672.0,672.0,673.0,673.0,673.0,674.0,674.0,675.0,675.0,675.0,675.0,675.0,675.0,675.0,675.0,676.0,676.0,676.0,676.0,676.0,676.0,676.0,676.0,676.0,676.0,676
ZTXWmB--TUA,,,,,,,,,,,,,,,,,,,,,,,,,,,,,,,,,,,,,,,,,,,,,,,,,,,,,,,,,,,,,,,,,,,,,,,,,,,,,,,,,,58.0,62.0,65.0,66.0,69.0,73.0,73.0,73.0,74.0,74.0,80.0,81.0,82.0,85.0,86.0,91.0,95.0,101.0,105.0,107.0,110.0,111.0,115.0,115.0,118.0,120.0,121.0,121.0,122.0,124.0,127.0,127.0,130.0,134.0,137.0,145.0,151.0,153.0,155.0,159.0,166.0,171.0,178.0,181.0,190.0,196.0,202.0,212.0,214.0,221.0,225.0,228.0,231.0,234.0,245.0,249.0,253.0,257.0,260.0,262.0,269.0,274.0,277.0,283.0,292.0,296.0,301.0,310.0,312.0,317.0,324.0,331.0,333.0,333.0,340.0,350.0,353.0,357.0,361.0,368.0,374.0,380.0,383.0,402.0,405.0,406.0,408.0,414.0,424.0,426.0,427.0,427.0,429.0,434.0,442.0,445.0,444.0,447.0,450.0,452.0,456.0,462.0,462.0,464.0,468.0,468.0,474.0,476.0,478.0,486.0,487.0,491.0,493.0,493.0,497.0,501.0,510.0,514.0,523.0,528.0,528.0,532.0,540.0,544.0,550.0,550.0,554
TUHZKn78E5I,,,,,,,,,,,,,,,,,,,,,,,,,,,,,,,,,,,,,,,,,,,,,,,,,,,,,,,,,,,,,,,,,,,,,,,,,,,,,,,,,,,577.0,938.0,1106.0,1228.0,1310.0,1406.0,1478.0,1523.0,1569.0,1627.0,1652.0,1678.0,1700.0,1715.0,1729.0,1740.0,1753.0,1779.0,1801.0,1810.0,1819.0,1834.0,1850.0,1868.0,1886.0,1915.0,1932.0,1946.0,1960.0,1970.0,1976.0,2000.0,2015.0,2031.0,2046.0,2064.0,2073.0,2093.0,2120.0,2136.0,2149.0,2162.0,2178.0,2198.0,2209.0,2220.0,2227.0,2245.0,2259.0,2277.0,2287.0,2305.0,2319.0,2343.0,2350.0,2371.0,2382.0,2391.0,2412.0,2436.0,2446.0,2453.0,2468.0,2482.0,2501.0,2516.0,2534.0,2548.0,2560.0,2576.0,2587.0,2599.0,2609.0,2632.0,2640.0,2658.0,2669.0,2687.0,2706.0,2719.0,2744.0,2758.0,2772.0,2778.0,2781.0,2797.0,2815.0,2817.0,2819.0,2821.0,2851.0,2867.0,2880.0,2888.0,2897.0,2913.0,2919.0,2929.0,2939.0,2947.0,2954.0,2955.0,2959.0,3001.0,3029.0,3041.0,3058.0,3075.0,3094.0,3104.0,3122.0,3141.0,3154.0,3179.0,3199.0,3222.0,3243.0,3250.0,3266.0,3274.0,3287.0,3305.0,3308.0,3311.0,3316.0,3318
swuhhziz3dM,,,,,,,,,,,,,,,,,,,,,,,,,,,,,,,,,,,,,,,,,,,,,,,,,,,,,,,,,,,,,,,,,,,,,,,,,,,,,,,,,,,21476.0,26430.0,27337.0,27792.0,28064.0,28268.0,28407.0,28523.0,28652.0,28724.0,28827.0,28881.0,28971.0,29043.0,29079.0,29104.0,29124.0,29159.0,29197.0,29229.0,29259.0,29278.0,29288.0,29299.0,29315.0,29330.0,29344.0,29354.0,29373.0,29387.0,29403.0,29409.0,29424.0,29430.0,29439.0,29442.0,29460.0,29464.0,29463.0,29331.0,29345.0,29359.0,29358.0,29367.0,29383.0,29389.0,29401.0,29413.0,29417.0,29418.0,29419.0,29426.0,29433.0,29437.0,29442.0,29441.0,29455.0,29464.0,29483.0,29475.0,29482.0,29486.0,29498.0,29506.0,29513.0,29521.0,29527.0,29530.0,29535.0,29546.0,29551.0,29555.0,29557.0,29562.0,29568.0,29574.0,29573.0,29571.0,29581.0,29588.0,29586.0,29597.0,29599.0,29601.0,29609.0,29614.0,29614.0,29617.0,29614.0,29619.0,29616.0,29624.0,29628.0,29643.0,29645.0,29647.0,29647.0,29657.0,29649.0,29648.0,29651.0,29651.0,29654.0,29650.0,29642.0,29640.0,29645.0,29644.0,29639.0,29637.0,29633.0,29632.0,29632.0,29634.0,29642.0,29638.0,29605.0,29605.0,29594.0,29591.0,29594.0,29595.0,29591.0,29593.0,29599.0,29604
pLKOEfMc09E,,,,,,,,,,,,,,,,,,,,,,,,,,,,,,,,,,,,,,,,,,,,,,,,,,,,,,,,,,,,,,,,,,,,,,,,,,,,,,,,,,,885.0,1512.0,1790.0,1976.0,2156.0,2316.0,2413.0,2500.0,2546.0,2574.0,2592.0,2608.0,2613.0,2624.0,2626.0,2636.0,2645.0,2648.0,2654.0,2658.0,2662.0,2664.0,2669.0,2672.0,2676.0,2682.0,2686.0,2693.0,2695.0,2697.0,2700.0,2703.0,2707.0,2706.0,2709.0,2710.0,2712.0,2718.0,2719.0,2710.0,2710.0,2712.0,2712.0,2714.0,2714.0,2714.0,2716.0,2716.0,2720.0,2720.0,2721.0,2722.0,2723.0,2724.0,2723.0,2725.0,2726.0,2728.0,2730.0,2731.0,2731.0,2731.0,2731.0,2731.0,2731.0,2735.0,2736.0,2737.0,2738.0,2739.0,2739.0,2743.0,2749.0,2756.0,2758.0,2759.0,2759.0,2762.0,2764.0,2766.0,2767.0,2768.0,2768.0,2768.0,2769.0,2768.0,2768.0,2768.0,2768.0,2768.0,2767.0,2767.0,2767.0,2767.0,2767.0,2767.0,2767.0,2767.0,2767.0,2767.0,2767.0,2767.0,2767.0,2767.0,2767.0,2768.0,2769.0,2769.0,2769.0,2769.0,2769.0,2769.0,2770.0,2770.0,2771.0,2771.0,2774.0,2774.0,2775.0,2776.0,2778.0,2778.0,2780.0,2780.0,2780.0,2780
x4ofq8se8B0,,,,,,,,,,,,,,,,,,,,,,,,,,,,,,,,,,,,,,,,,,,,,,,,,,,,,,,,,,,,,,,,,,,,,,,,,,,,,,,,,,,0.0,0.0,0.0,0.0,0.0,0.0,0.0,0.0,0.0,0.0,0.0,0.0,0.0,0.0,0.0,0.0,0.0,0.0,0.0,0.0,0.0,0.0,0.0,0.0,0.0,0.0,0.0,0.0,0.0,0.0,0.0,0.0,0.0,0.0,0.0,0.0,0.0,0.0,0.0,0.0,0.0,0.0,0.0,0.0,0.0,0.0,0.0,0.0,0.0,0.0,0.0,0.0,0.0,0.0,0.0,0.0,0.0,0.0,0.0,0.0,0.0,0.0,0.0,0.0,0.0,0.0,0.0,0.0,0.0,0.0,0.0,0.0,0.0,0.0,0.0,0.0,0.0,0.0,0.0,0.0,0.0,0.0,0.0,0.0,0.0,0.0,0.0,0.0,0.0,0.0,0.0,0.0,0.0,0.0,0.0,0.0,0.0,0.0,0.0,0.0,0.0,0.0,0.0,0.0,0.0,0.0,0.0,0.0,0.0,0.0,0.0,0.0,0.0,0.0,0.0,0.0,0.0,0.0,0.0,0.0,0.0,0.0,0.0,0.0,0.0,0
qN0QYe1lMnk,,,,,,,,,,,,,,,,,,,,,,,,,,,,,,,,,,,,,,,,,,,,,,,,,,,,,,,,,,,,,,,,,,,,,,,,,,,,,,,,,,,26.0,37.0,40.0,40.0,40.0,40.0,44.0,45.0,45.0,45.0,45.0,45.0,45.0,46.0,46.0,46.0,46.0,46.0,46.0,46.0,46.0,46.0,46.0,46.0,46.0,47.0,47.0,47.0,48.0,48.0,48.0,48.0,48.0,48.0,48.0,48.0,48.0,48.0,48.0,48.0,48.0,48.0,48.0,48.0,48.0,49.0,49.0,49.0,50.0,50.0,50.0,50.0,50.0,50.0,50.0,50.0,50.0,50.0,50.0,50.0,50.0,51.0,51.0,51.0,52.0,52.0,52.0,52.0,52.0,53.0,53.0,53.0,53.0,53.0,53.0,53.0,53.0,53.0,53.0,53.0,53.0,53.0,54.0,54.0,54.0,54.0,54.0,54.0,54.0,54.0,54.0,54.0,55.0,55.0,55.0,55.0,55.0,55.0,55.0,55.0,55.0,55.0,55.0,55.0,55.0,55.0,55.0,55.0,55.0,55.0,55.0,55.0,55.0,55.0,55.0,55.0,55.0,55.0,55.0,55.0,55.0,55.0,55.0,55.0,55.0,55
kG68WXnzSbQ,,,,,,,,,,,,,,,,,,,,,,,,,,,,,,,,,,,,,,,,,,,,,,,,,,,,,,,,,,,,,,,,,,,,,,,,,,,,,,,,,,,1574.0,2102.0,2251.0,2336.0,2363.0,2395.0,2421.0,2446.0,2463.0,2472.0,2476.0,2488.0,2495.0,2506.0,2514.0,2518.0,2528.0,2531.0,2541.0,2552.0,2554.0,2561.0,2566.0,2585.0,2592.0,2594.0,2595.0,2596.0,2603.0,2606.0,2607.0,2610.0,2611.0,2612.0,2617.0,2618.0,2618.0,2625.0,2625.0,2625.0,2625.0,2627.0,2628.0,2629.0,2633.0,2636.0,2636.0,2637.0,2640.0,2642.0,2643.0,2646.0,2646.0,2647.0,2647.0,2651.0,2651.0,2652.0,2655.0,2656.0,2658.0,2657.0,2660.0,2663.0,2664.0,2663.0,2663.0,2663.0,2657.0,2658.0,2659.0,2660.0,2661.0,2661.0,2661.0,2661.0,2661.0,2662.0,2663.0,2664.0,2665.0,2667.0,2667.0,2667.0,2668.0,2668.0,2668.0,2668.0,2669.0,2669.0,2667.0,2668.0,2670.0,2670.0,2670.0,2672.0,2672.0,2672.0,2671.0,2674.0,2674.0,2675.0,2674.0,2674.0,2675.0,2676.0,2676.0,2678.0,2678.0,2678.0,2679.0,2679.0,2680.0,2680.0,2681.0,2681.0,2683.0,2683.0,2684.0,2685.0,2686.0,2686.0,2687.0,2688.0,2687.0,2687
tExRQj5h5H0,,,,,,,,,,,,,,,,,,,,,,,,,,,,,,,,,,,,,,,,,,,,,,,,,,,,,,,,,,,,,,,,,,,,,,,,,,,,,,,,,,,174.0,180.0,186.0,217.0,228.0,230.0,232.0,234.0,234.0,234.0,236.0,237.0,236.0,236.0,236.0,236.0,237.0,238.0,237.0,237.0,237.0,237.0,237.0,237.0,237.0,237.0,237.0,238.0,238.0,238.0,238.0,238.0,238.0,238.0,238.0,238.0,238.0,238.0,238.0,238.0,238.0,238.0,238.0,238.0,238.0,238.0,238.0,238.0,238.0,238.0,238.0,238.0,238.0,238.0,239.0,239.0,239.0,239.0,239.0,239.0,239.0,239.0,239.0,239.0,239.0,239.0,239.0,239.0,240.0,242.0,242.0,242.0,242.0,242.0,242.0,242.0,242.0,242.0,242.0,242.0,243.0,243.0,243.0,243.0,243.0,243.0,244.0,244.0,245.0,221.0,221.0,221.0,221.0,221.0,221.0,221.0,221.0,223.0,223.0,223.0,223.0,223.0,224.0,224.0,226.0,226.0,226.0,226.0,226.0,227.0,228.0,228.0,228.0,228.0,228.0,228.0,228.0,228.0,228.0,228.0,228.0,228.0,228.0,228.0,228.0,228
A8VJqH1emaw,,,,,,,,,,,,,,,,,,,,,,,,,,,,,,,,,,,,,,,,,,,,,,,,,,,,,,,,,,,,,,,,,,,,,,,,,,,,,,,,,,,,,,,,,,,,,,,,,,,,,,,,,,,,,,,,,,,,,,,,,,,,,,,,,,,,,,,,,,,,,,,,,,,,,,,,,,,,,,,,,,,,,,,,,,,,,,,,,,,,,,,,,,,,,,,,,,,,,,,,,,,,,,,,
5IpijccabU4,,,,,,,,,,,,,,,,,,,,,,,,,,,,,,,,,,,,,,,,,,,,,,,,,,,,,,,,,,,,,,,,,,,,,,,,,,,,,,,,,,,426.0,473.0,502.0,518.0,525.0,526.0,530.0,535.0,538.0,538.0,538.0,540.0,543.0,545.0,552.0,553.0,554.0,554.0,558.0,558.0,559.0,559.0,559.0,560.0,560.0,560.0,561.0,562.0,564.0,564.0,562.0,562.0,563.0,563.0,564.0,564.0,564.0,564.0,564.0,564.0,564.0,564.0,564.0,564.0,564.0,564.0,564.0,564.0,564.0,564.0,564.0,564.0,564.0,564.0,564.0,564.0,564.0,564.0,564.0,564.0,565.0,565.0,565.0,567.0,567.0,567.0,567.0,567.0,567.0,567.0,567.0,568.0,569.0,569.0,569.0,569.0,569.0,569.0,569.0,569.0,569.0,569.0,569.0,570.0,570.0,570.0,570.0,570.0,570.0,571.0,571.0,571.0,571.0,571.0,571.0,572.0,572.0,572.0,572.0,572.0,572.0,572.0,572.0,572.0,572.0,572.0,572.0,572.0,572.0,572.0,572.0,572.0,572.0,572.0,572.0,572.0,572.0,572.0,572.0,572.0,572.0,572.0,572.0,572.0,572.0,572
kG68WXnzSbQ,,,,,,,,,,,,,,,,,,,,,,,,,,,,,,,,,,,,,,,,,,,,,,,,,,,,,,,,,,,,,,,,,,,,,,,,,,,,,,,,,,,1574.0,2102.0,2251.0,2336.0,2363.0,2395.0,2421.0,2446.0,2463.0,2472.0,2476.0,2488.0,2495.0,2506.0,2514.0,2518.0,2528.0,2531.0,2541.0,2552.0,2554.0,2561.0,2566.0,2585.0,2592.0,2594.0,2595.0,2596.0,2603.0,2606.0,2607.0,2610.0,2611.0,2612.0,2617.0,2618.0,2618.0,2625.0,2625.0,2625.0,2625.0,2627.0,2628.0,2629.0,2633.0,2636.0,2636.0,2637.0,2640.0,2642.0,2643.0,2646.0,2646.0,2647.0,2647.0,2651.0,2651.0,2652.0,2655.0,2656.0,2658.0,2657.0,2660.0,2663.0,2664.0,2663.0,2663.0,2663.0,2657.0,2658.0,2659.0,2660.0,2661.0,2661.0,2661.0,2661.0,2661.0,2662.0,2663.0,2664.0,2665.0,2667.0,2667.0,2667.0,2668.0,2668.0,2668.0,2668.0,2669.0,2669.0,2667.0,2668.0,2670.0,2670.0,2670.0,2672.0,2672.0,2672.0,2671.0,2674.0,2674.0,2675.0,2674.0,2674.0,2675.0,2676.0,2676.0,2678.0,2678.0,2678.0,2679.0,2679.0,2680.0,2680.0,2681.0,2681.0,2683.0,2683.0,2684.0,2685.0,2686.0,2686.0,2687.0,2688.0,2687.0,2687
wLjzdSye6Rg,,,,,,,,,,,,,,,,,,,,,,,,,,,,,,,,,,,,,,,,,,,,,,,,,,,,,,,,,,,,,,,,,,,,,,,,,,,,,,,,,,,,0.0,0.0,0.0,0.0,0.0,0.0,0.0,0.0,0.0,0.0,0.0,0.0,0.0,0.0,0.0,0.0,0.0,0.0,0.0,0.0,0.0,0.0,0.0,0.0,0.0,0.0,0.0,0.0,0.0,0.0,0.0,0.0,0.0,0.0,0.0,0.0,0.0,0.0,0.0,0.0,0.0,0.0,0.0,0.0,0.0,0.0,0.0,0.0,0.0,0.0,0.0,0.0,0.0,0.0,0.0,0.0,0.0,0.0,0.0,0.0,0.0,0.0,0.0,0.0,0.0,0.0,0.0,0.0,0.0,0.0,0.0,0.0,0.0,0.0,0.0,0.0,0.0,0.0,0.0,0.0,0.0,0.0,0.0,0.0,0.0,0.0,0.0,0.0,0.0,0.0,0.0,0.0,0.0,0.0,0.0,0.0,0.0,0.0,0.0,0.0,0.0,0.0,0.0,0.0,0.0,0.0,0.0,0.0,0.0,0.0,0.0,0.0,0.0,0.0,0.0,0.0,0.0,0.0,0.0,0.0,0.0,0.0,0.0,0.0,0
VS5tx9LrLo0,,,,,,,,,,,,,,,,,,,,,,,,,,,,,,,,,,,,,,,,,,,,,,,,,,,,,,,,,,,,,,,,,,,,,,,,,,,,,,,,,,,,566.0,773.0,840.0,878.0,925.0,951.0,977.0,989.0,1001.0,1015.0,1021.0,1027.0,1032.0,1035.0,1037.0,1037.0,1040.0,1040.0,1042.0,1042.0,1043.0,1043.0,1043.0,1044.0,1044.0,1045.0,1047.0,1050.0,1051.0,1055.0,1054.0,1056.0,1056.0,1056.0,1057.0,1058.0,1058.0,1059.0,1058.0,1059.0,1061.0,1061.0,1062.0,1064.0,1064.0,1064.0,1063.0,1065.0,1065.0,1066.0,1067.0,1068.0,1069.0,1069.0,1069.0,1069.0,1070.0,1070.0,1070.0,1071.0,1072.0,1073.0,1074.0,1076.0,1077.0,1077.0,1077.0,1077.0,1077.0,1078.0,1077.0,1079.0,1079.0,1081.0,1082.0,1083.0,1085.0,1086.0,1087.0,1087.0,1087.0,1088.0,1089.0,1090.0,1091.0,1090.0,1091.0,1091.0,1094.0,1095.0,1096.0,1097.0,1098.0,1098.0,1100.0,1100.0,1100.0,1100.0,1101.0,1101.0,1102.0,1102.0,1102.0,1102.0,1102.0,1101.0,1102.0,1102.0,1103.0,1103.0,1103.0,1103.0,1104.0,1104.0,1104.0,1104.0,1104.0,1104.0,1104.0,1104.0,1104.0,1104.0,1104.0,1104.0,1104
C9OxiWmYSyM,,,,,,,,,,,,,,,,,,,,,,,,,,,,,,,,,,,,,,,,,,,,,,,,,,,,,,,,,,,,,,,,,,,,,,,,,,,,,,,,,,,,0.0,0.0,0.0,0.0,0.0,0.0,0.0,0.0,0.0,0.0,0.0,0.0,0.0,0.0,0.0,0.0,0.0,0.0,0.0,1.0,3.0,6.0,6.0,6.0,7.0,8.0,8.0,8.0,9.0,10.0,10.0,12.0,12.0,12.0,12.0,12.0,12.0,15.0,16.0,16.0,16.0,16.0,16.0,16.0,16.0,16.0,16.0,16.0,16.0,16.0,16.0,17.0,17.0,17.0,19.0,19.0,19.0,19.0,20.0,21.0,21.0,22.0,22.0,22.0,22.0,22.0,22.0,22.0,22.0,22.0,22.0,22.0,22.0,22.0,22.0,22.0,22.0,23.0,23.0,23.0,23.0,23.0,23.0,23.0,23.0,23.0,23.0,23.0,23.0,23.0,23.0,23.0,23.0,23.0,23.0,24.0,24.0,24.0,24.0,24.0,24.0,0.0,24.0,24.0,24.0,25.0,25.0,25.0,25.0,25.0,25.0,25.0,25.0,25.0,25.0,25.0,25.0,26.0,26.0,26.0,26.0,27.0,27.0,27.0,27
QPp3WTt0ivM,,,,,,,,,,,,,,,,,,,,,,,,,,,,,,,,,,,,,,,,,,,,,,,,,,,,,,,,,,,,,,,,,,,,,,,,,,,,,,,,,,,,34.0,35.0,36.0,35.0,35.0,35.0,35.0,35.0,35.0,35.0,35.0,35.0,35.0,35.0,35.0,35.0,35.0,35.0,35.0,35.0,35.0,35.0,35.0,35.0,35.0,35.0,35.0,35.0,35.0,35.0,35.0,35.0,35.0,35.0,36.0,36.0,36.0,36.0,36.0,36.0,36.0,36.0,36.0,36.0,36.0,36.0,36.0,36.0,36.0,36.0,36.0,36.0,36.0,36.0,36.0,36.0,36.0,36.0,36.0,36.0,36.0,36.0,36.0,36.0,36.0,36.0,36.0,36.0,36.0,36.0,36.0,36.0,36.0,36.0,36.0,36.0,36.0,36.0,36.0,36.0,36.0,36.0,36.0,36.0,36.0,36.0,36.0,36.0,36.0,36.0,36.0,36.0,36.0,36.0,36.0,36.0,36.0,36.0,36.0,36.0,36.0,36.0,36.0,36.0,36.0,36.0,36.0,36.0,36.0,36.0,36.0,36.0,36.0,36.0,36.0,36.0,36.0,36.0,36.0,36.0,36.0,36.0,36.0,36.0,36
qg4KF1DQuuk,,,,,,,,,,,,,,,,,,,,,,,,,,,,,,,,,,,,,,,,,,,,,,,,,,,,,,,,,,,,,,,,,,,,,,,,,,,,,,,,,,,,0.0,0.0,0.0,0.0,0.0,0.0,0.0,0.0,0.0,0.0,0.0,0.0,0.0,0.0,0.0,0.0,0.0,0.0,0.0,0.0,5.0,12.0,15.0,18.0,21.0,26.0,26.0,28.0,32.0,35.0,35.0,36.0,36.0,37.0,37.0,37.0,37.0,37.0,37.0,37.0,37.0,38.0,38.0,39.0,39.0,39.0,39.0,40.0,40.0,40.0,41.0,43.0,44.0,44.0,44.0,44.0,44.0,44.0,44.0,45.0,45.0,45.0,45.0,45.0,45.0,46.0,48.0,48.0,49.0,49.0,49.0,50.0,50.0,50.0,50.0,50.0,50.0,50.0,50.0,50.0,50.0,50.0,50.0,50.0,50.0,50.0,50.0,50.0,50.0,50.0,51.0,52.0,53.0,53.0,53.0,53.0,54.0,54.0,54.0,54.0,54.0,54.0,55.0,55.0,56.0,57.0,57.0,58.0,58.0,58.0,58.0,58.0,58.0,58.0,58.0,58.0,58.0,58.0,58.0,58.0,58.0,58.0,58.0,58.0,58
wu7b0oYIMG4,,,,,,,,,,,,,,,,,,,,,,,,,,,,,,,,,,,,,,,,,,,,,,,,,,,,,,,,,,,,,,,,,,,,,,,,,,,,,,,,,,,,59.0,93.0,98.0,106.0,113.0,113.0,114.0,123.0,125.0,130.0,131.0,132.0,132.0,133.0,134.0,138.0,138.0,138.0,138.0,138.0,139.0,139.0,139.0,139.0,139.0,139.0,139.0,139.0,139.0,139.0,139.0,139.0,139.0,139.0,139.0,139.0,140.0,140.0,140.0,140.0,140.0,140.0,140.0,140.0,140.0,140.0,140.0,140.0,140.0,140.0,140.0,140.0,140.0,140.0,141.0,141.0,141.0,141.0,141.0,141.0,141.0,141.0,141.0,141.0,141.0,141.0,141.0,142.0,142.0,142.0,139.0,139.0,139.0,139.0,139.0,139.0,139.0,139.0,138.0,138.0,138.0,138.0,138.0,138.0,138.0,138.0,138.0,138.0,138.0,138.0,138.0,138.0,138.0,138.0,139.0,139.0,139.0,139.0,139.0,139.0,140.0,140.0,140.0,140.0,140.0,140.0,140.0,140.0,140.0,140.0,140.0,140.0,140.0,140.0,140.0,140.0,140.0,140.0,140.0,140.0,140.0,140.0,140.0,141.0,141
msOGCJC-EgI,,,,,,,,,,,,,,,,,,,,,,,,,,,,,,,,,,,,,,,,,,,,,,,,,,,,,,,,,,,,,,,,,,,,,,,,,,,,,,,,,,,,38.0,80.0,97.0,102.0,105.0,107.0,110.0,112.0,113.0,114.0,114.0,114.0,115.0,116.0,121.0,123.0,123.0,123.0,124.0,125.0,125.0,127.0,127.0,127.0,127.0,127.0,127.0,127.0,127.0,127.0,127.0,127.0,127.0,127.0,127.0,127.0,127.0,128.0,128.0,128.0,128.0,130.0,130.0,130.0,130.0,130.0,130.0,130.0,130.0,130.0,130.0,130.0,130.0,130.0,130.0,130.0,130.0,130.0,130.0,130.0,130.0,130.0,129.0,129.0,129.0,129.0,129.0,129.0,152.0,152.0,152.0,152.0,152.0,154.0,154.0,154.0,154.0,154.0,154.0,154.0,154.0,154.0,154.0,154.0,154.0,154.0,154.0,154.0,154.0,154.0,154.0,154.0,154.0,154.0,154.0,154.0,154.0,154.0,154.0,154.0,154.0,154.0,154.0,154.0,154.0,154.0,154.0,154.0,154.0,154.0,154.0,154.0,154.0,154.0,154.0,154.0,154.0,154.0,155.0,157.0,157.0,157.0,157.0,157.0,157
b4iVv91Z6lY,,,,,,,,,,,,,,,,,,,,,,,,,,,,,,,,,,,,,,,,,,,,,,,,,,,,,,,,,,,,,,,,,,,,,,,,,,,,,,,,,,,,968956.0,982034.0,993786.0,1004751.0,1016736.0,1026305.0,1034032.0,1041709.0,1045959.0,1050754.0,1054814.0,1058788.0,1063261.0,1067960.0,1070939.0,1073204.0,1076467.0,1079572.0,1082840.0,1087594.0,1093962.0,1097090.0,1099246.0,1100624.0,1102370.0,1101144.0,1102537.0,1104077.0,1099034.0,1100263.0,1101230.0,1102708.0,1103925.0,1105203.0,1106544.0,1107295.0,1108124.0,1108806.0,1108480.0,1109398.0,1110355.0,1111055.0,1111810.0,1112383.0,1112940.0,1112974.0,1113520.0,1114295.0,1114884.0,1115400.0,1116043.0,1116693.0,1117545.0,1118345.0,1118873.0,1119416.0,1120074.0,1120631.0,1120706.0,1121763.0,1122215.0,1123057.0,1123800.0,1124387.0,1125018.0,1125366.0,1126128.0,1126650.0,1127173.0,1127631.0,1128130.0,1128634.0,1129097.0,1129644.0,1130266.0,1130881.0,1131502.0,1131858.0,1132453.0,1133087.0,1133398.0,1133693.0,1134113.0,1133811.0,1134052.0,1134410.0,1134777.0,1134898.0,1135107.0,1135365.0,1135643.0,1135816.0,1136113.0,1136317.0,1136433.0,1136792.0,1136802.0,1136931.0,1137229.0,1137586.0,1137745.0,1138122.0,1138432.0,1138604.0,1138762.0,1139117.0,1139418.0,1139012.0,1139243.0,1139333.0,1139339.0,1139713.0,1139877.0,1140158.0,1140405.0,1140824.0,1140950.0,1140845.0,1141134.0,1141179.0,1141336.0,1141433.0,1141600.0,1141819.0,1142032
KYAsgMDTu6c,,,,,,,,,,,,,,,,,,,,,,,,,,,,,,,,,,,,,,,,,,,,,,,,,,,,,,,,,,,,,,,,,,,,,,,,,,,,,,,,,,,,10.0,11.0,11.0,11.0,12.0,12.0,12.0,12.0,12.0,12.0,12.0,12.0,12.0,12.0,12.0,12.0,12.0,12.0,12.0,13.0,13.0,13.0,13.0,13.0,13.0,13.0,13.0,13.0,13.0,13.0,14.0,14.0,14.0,14.0,14.0,14.0,14.0,14.0,14.0,14.0,14.0,14.0,14.0,14.0,14.0,14.0,14.0,14.0,14.0,14.0,14.0,14.0,14.0,14.0,14.0,14.0,14.0,14.0,14.0,14.0,14.0,14.0,14.0,14.0,14.0,14.0,14.0,14.0,14.0,14.0,14.0,14.0,14.0,14.0,14.0,14.0,14.0,14.0,14.0,14.0,14.0,14.0,14.0,14.0,14.0,14.0,14.0,14.0,14.0,14.0,14.0,14.0,14.0,14.0,14.0,14.0,14.0,14.0,14.0,14.0,14.0,14.0,14.0,14.0,14.0,14.0,14.0,14.0,14.0,14.0,15.0,15.0,15.0,15.0,15.0,15.0,15.0,15.0,15.0,15.0,15.0,15.0,15.0,15.0,15
6At0eXB8PTQ,,,,,,,,,,,,,,,,,,,,,,,,,,,,,,,,,,,,,,,,,,,,,,,,,,,,,,,,,,,,,,,,,,,,,,,,,,,,,,,,,,,,32.0,60.0,72.0,75.0,78.0,80.0,82.0,86.0,88.0,90.0,92.0,93.0,97.0,98.0,98.0,104.0,105.0,107.0,107.0,108.0,108.0,108.0,108.0,108.0,108.0,110.0,110.0,110.0,111.0,111.0,113.0,114.0,113.0,113.0,113.0,113.0,113.0,113.0,113.0,113.0,113.0,113.0,113.0,115.0,115.0,115.0,115.0,115.0,115.0,115.0,115.0,115.0,116.0,116.0,116.0,116.0,116.0,116.0,116.0,116.0,116.0,116.0,116.0,116.0,116.0,117.0,117.0,117.0,118.0,118.0,118.0,118.0,118.0,118.0,119.0,119.0,119.0,119.0,119.0,118.0,118.0,118.0,118.0,118.0,118.0,118.0,118.0,118.0,118.0,118.0,119.0,119.0,119.0,119.0,119.0,119.0,119.0,119.0,119.0,119.0,119.0,118.0,118.0,118.0,118.0,117.0,117.0,117.0,117.0,117.0,117.0,117.0,117.0,117.0,117.0,117.0,117.0,117.0,117.0,117.0,117.0,117.0,117.0,117.0,117
RHKpIJbwIa8,,,,,,,,,,,,,,,,,,,,,,,,,,,,,,,,,,,,,,,,,,,,,,,,,,,,,,,,,,,,,,,,,,,,,,,,,,,,,,,,,,,,0.0,0.0,0.0,0.0,0.0,0.0,0.0,0.0,0.0,0.0,0.0,0.0,0.0,0.0,0.0,0.0,0.0,0.0,0.0,0.0,0.0,0.0,0.0,0.0,0.0,0.0,0.0,0.0,0.0,0.0,0.0,0.0,0.0,0.0,0.0,0.0,0.0,0.0,0.0,0.0,0.0,0.0,0.0,0.0,0.0,0.0,0.0,0.0,0.0,0.0,0.0,0.0,0.0,0.0,0.0,0.0,0.0,0.0,0.0,0.0,0.0,0.0,0.0,0.0,0.0,0.0,0.0,0.0,0.0,0.0,0.0,0.0,0.0,0.0,0.0,0.0,0.0,0.0,0.0,0.0,0.0,0.0,0.0,0.0,0.0,0.0,0.0,0.0,0.0,0.0,0.0,0.0,0.0,0.0,0.0,0.0,0.0,0.0,0.0,0.0,0.0,0.0,0.0,0.0,0.0,0.0,0.0,0.0,0.0,0.0,0.0,0.0,0.0,0.0,0.0,0.0,0.0,0.0,0.0,0.0,0.0,0.0,0.0,0.0,0
kS0lwh7obpA,,,,,,,,,,,,,,,,,,,,,,,,,,,,,,,,,,,,,,,,,,,,,,,,,,,,,,,,,,,,,,,,,,,,,,,,,,,,,,,,,,,,5.0,6.0,9.0,9.0,9.0,9.0,10.0,11.0,11.0,11.0,11.0,11.0,11.0,11.0,12.0,12.0,12.0,12.0,12.0,12.0,12.0,12.0,12.0,12.0,12.0,12.0,12.0,12.0,13.0,13.0,13.0,13.0,13.0,13.0,13.0,13.0,13.0,13.0,13.0,13.0,13.0,13.0,13.0,13.0,13.0,13.0,14.0,14.0,14.0,14.0,14.0,14.0,14.0,14.0,14.0,14.0,14.0,14.0,14.0,14.0,14.0,14.0,14.0,14.0,14.0,14.0,14.0,14.0,14.0,14.0,14.0,14.0,14.0,14.0,14.0,14.0,14.0,14.0,14.0,14.0,14.0,14.0,14.0,14.0,14.0,14.0,14.0,14.0,14.0,14.0,14.0,14.0,14.0,14.0,14.0,14.0,14.0,14.0,14.0,14.0,14.0,14.0,15.0,15.0,15.0,15.0,15.0,15.0,15.0,15.0,15.0,15.0,15.0,15.0,15.0,15.0,15.0,15.0,15.0,15.0,15.0,15.0,15.0,15.0,15
jvOFx6wOkg0,,,,,,,,,,,,,,,,,,,,,,,,,,,,,,,,,,,,,,,,,,,,,,,,,,,,,,,,,,,,,,,,,,,,,,,,,,,,,,,,,,,,0.0,0.0,0.0,0.0,0.0,0.0,0.0,0.0,0.0,0.0,0.0,0.0,0.0,0.0,0.0,0.0,0.0,0.0,0.0,0.0,0.0,0.0,0.0,0.0,0.0,0.0,0.0,0.0,0.0,0.0,0.0,0.0,0.0,0.0,0.0,0.0,0.0,0.0,0.0,0.0,0.0,0.0,0.0,0.0,0.0,0.0,0.0,0.0,0.0,0.0,0.0,0.0,0.0,0.0,0.0,0.0,0.0,0.0,0.0,0.0,0.0,0.0,0.0,0.0,0.0,0.0,0.0,0.0,0.0,0.0,0.0,0.0,0.0,0.0,0.0,0.0,0.0,0.0,0.0,0.0,0.0,0.0,0.0,0.0,0.0,0.0,0.0,0.0,0.0,0.0,0.0,0.0,0.0,0.0,0.0,0.0,0.0,0.0,0.0,0.0,0.0,0.0,0.0,0.0,0.0,0.0,0.0,0.0,0.0,0.0,0.0,0.0,0.0,0.0,0.0,0.0,0.0,0.0,0.0,0.0,0.0,0.0,0.0,0.0,0
1Ni-fIXHqE8,,,,,,,,,,,,,,,,,,,,,,,,,,,,,,,,,,,,,,,,,,,,,,,,,,,,,,,,,,,,,,,,,,,,,,,,,,,,,,,,,,,,39.0,56.0,60.0,67.0,72.0,74.0,75.0,75.0,77.0,79.0,82.0,86.0,87.0,88.0,88.0,88.0,89.0,90.0,90.0,90.0,90.0,89.0,90.0,90.0,90.0,90.0,91.0,93.0,97.0,97.0,97.0,98.0,99.0,98.0,98.0,99.0,100.0,100.0,100.0,101.0,101.0,101.0,101.0,101.0,101.0,103.0,103.0,103.0,104.0,104.0,104.0,104.0,104.0,104.0,105.0,105.0,105.0,105.0,105.0,107.0,107.0,108.0,108.0,108.0,108.0,108.0,108.0,108.0,108.0,109.0,109.0,109.0,109.0,109.0,109.0,109.0,109.0,109.0,109.0,109.0,109.0,109.0,109.0,110.0,110.0,110.0,110.0,110.0,111.0,111.0,111.0,111.0,111.0,111.0,111.0,111.0,112.0,112.0,111.0,111.0,111.0,111.0,112.0,112.0,112.0,112.0,112.0,112.0,112.0,112.0,112.0,112.0,112.0,112.0,112.0,112.0,113.0,113.0,113.0,113.0,113.0,113.0,113.0,113.0,113
2_tA7-GQH1A,,,,,,,,,,,,,,,,,,,,,,,,,,,,,,,,,,,,,,,,,,,,,,,,,,,,,,,,,,,,,,,,,,,,,,,,,,,,,,,,,,,,,172.0,197.0,202.0,208.0,211.0,214.0,216.0,216.0,218.0,220.0,220.0,221.0,217.0,217.0,217.0,218.0,218.0,218.0,218.0,218.0,219.0,219.0,219.0,220.0,221.0,222.0,222.0,223.0,223.0,223.0,224.0,224.0,224.0,224.0,224.0,225.0,225.0,225.0,226.0,226.0,227.0,227.0,227.0,227.0,227.0,227.0,227.0,267.0,269.0,269.0,270.0,270.0,270.0,270.0,268.0,269.0,231.0,231.0,231.0,231.0,231.0,231.0,231.0,231.0,231.0,231.0,231.0,231.0,231.0,231.0,231.0,233.0,233.0,233.0,233.0,233.0,233.0,233.0,233.0,233.0,233.0,233.0,233.0,233.0,233.0,233.0,234.0,234.0,234.0,234.0,234.0,235.0,235.0,235.0,235.0,236.0,236.0,236.0,236.0,236.0,236.0,236.0,236.0,237.0,237.0,237.0,237.0,237.0,237.0,237.0,237.0,237.0,237.0,237.0,237.0,237.0,237.0,236.0,236.0,236.0,236.0,237.0,237.0,237
MaCtXQwta_E,,,,,,,,,,,,,,,,,,,,,,,,,,,,,,,,,,,,,,,,,,,,,,,,,,,,,,,,,,,,,,,,,,,,,,,,,,,,,,,,,,,,,0.0,0.0,0.0,0.0,0.0,0.0,0.0,0.0,0.0,0.0,0.0,0.0,0.0,0.0,0.0,0.0,0.0,0.0,0.0,0.0,0.0,0.0,0.0,0.0,0.0,0.0,0.0,0.0,0.0,0.0,0.0,0.0,0.0,0.0,0.0,0.0,0.0,0.0,0.0,0.0,0.0,0.0,0.0,0.0,0.0,0.0,0.0,0.0,0.0,0.0,0.0,0.0,0.0,0.0,0.0,0.0,0.0,0.0,0.0,0.0,0.0,0.0,0.0,0.0,0.0,0.0,0.0,0.0,0.0,0.0,0.0,0.0,0.0,0.0,0.0,0.0,0.0,0.0,0.0,0.0,0.0,0.0,0.0,0.0,0.0,0.0,0.0,0.0,0.0,0.0,0.0,0.0,0.0,0.0,0.0,0.0,0.0,0.0,0.0,0.0,0.0,0.0,0.0,0.0,0.0,0.0,0.0,0.0,0.0,0.0,0.0,0.0,0.0,0.0,0.0,0.0,0.0,0.0,0.0,0.0,0.0,0.0,0.0,0
SZlfyoPC_c8,,,,,,,,,,,,,,,,,,,,,,,,,,,,,,,,,,,,,,,,,,,,,,,,,,,,,,,,,,,,,,,,,,,,,,,,,,,,,,,,,,,,,44.0,74.0,90.0,92.0,97.0,102.0,105.0,105.0,109.0,110.0,110.0,111.0,112.0,113.0,114.0,115.0,115.0,116.0,118.0,118.0,120.0,122.0,122.0,122.0,124.0,126.0,127.0,128.0,133.0,133.0,133.0,134.0,134.0,134.0,134.0,134.0,134.0,134.0,134.0,135.0,135.0,135.0,135.0,135.0,135.0,135.0,135.0,135.0,135.0,135.0,135.0,135.0,135.0,135.0,136.0,137.0,137.0,137.0,137.0,137.0,137.0,137.0,137.0,137.0,137.0,137.0,137.0,137.0,137.0,137.0,137.0,137.0,137.0,137.0,137.0,137.0,137.0,137.0,137.0,137.0,138.0,139.0,139.0,139.0,139.0,139.0,139.0,139.0,139.0,139.0,139.0,139.0,139.0,141.0,141.0,141.0,141.0,141.0,141.0,141.0,141.0,141.0,141.0,141.0,141.0,141.0,141.0,142.0,142.0,142.0,142.0,142.0,142.0,142.0,142.0,142.0,142.0,142.0,142.0,142.0,142.0,142.0,142.0,142
bQtykP25A-g,,,,,,,,,,,,,,,,,,,,,,,,,,,,,,,,,,,,,,,,,,,,,,,,,,,,,,,,,,,,,,,,,,,,,,,,,,,,,,,,,,,,,60.0,320.0,451.0,551.0,614.0,664.0,716.0,743.0,758.0,765.0,781.0,793.0,816.0,830.0,842.0,860.0,872.0,877.0,881.0,885.0,888.0,893.0,895.0,897.0,898.0,900.0,902.0,905.0,909.0,912.0,915.0,917.0,922.0,924.0,926.0,927.0,930.0,931.0,935.0,936.0,936.0,938.0,941.0,944.0,945.0,945.0,950.0,952.0,953.0,956.0,956.0,958.0,959.0,959.0,959.0,962.0,962.0,963.0,966.0,967.0,970.0,971.0,973.0,975.0,976.0,979.0,980.0,984.0,986.0,988.0,990.0,991.0,995.0,995.0,997.0,998.0,1001.0,1002.0,1002.0,1002.0,1003.0,1005.0,1008.0,1008.0,1008.0,1012.0,1012.0,1013.0,1014.0,1015.0,1015.0,1017.0,1017.0,1019.0,1020.0,1023.0,1025.0,1026.0,1028.0,1028.0,1029.0,1030.0,1031.0,1031.0,1033.0,1033.0,1034.0,1035.0,1037.0,1038.0,1038.0,1038.0,1039.0,1039.0,1040.0,1038.0,1039.0,1039.0,1041.0,1041.0,1045.0,1045.0,1046.0,1047
8j5WQOjY34Q,,,,,,,,,,,,,,,,,,,,,,,,,,,,,,,,,,,,,,,,,,,,,,,,,,,,,,,,,,,,,,,,,,,,,,,,,,,,,,,,,,,,,30.0,42.0,52.0,60.0,64.0,71.0,77.0,88.0,90.0,96.0,103.0,106.0,111.0,112.0,116.0,119.0,121.0,123.0,122.0,125.0,126.0,126.0,131.0,135.0,137.0,143.0,144.0,145.0,148.0,148.0,149.0,149.0,151.0,150.0,150.0,150.0,150.0,150.0,150.0,151.0,151.0,154.0,154.0,155.0,156.0,156.0,156.0,156.0,157.0,157.0,157.0,157.0,157.0,157.0,158.0,158.0,158.0,158.0,159.0,159.0,159.0,159.0,160.0,160.0,160.0,161.0,161.0,161.0,161.0,161.0,161.0,161.0,162.0,162.0,162.0,162.0,162.0,162.0,162.0,162.0,164.0,164.0,164.0,165.0,166.0,166.0,166.0,166.0,166.0,166.0,166.0,166.0,166.0,166.0,166.0,166.0,166.0,165.0,165.0,165.0,165.0,165.0,165.0,165.0,165.0,165.0,165.0,165.0,165.0,165.0,165.0,165.0,165.0,165.0,166.0,167.0,167.0,167.0,167.0,167.0,167.0,167.0,167.0,167
XmXy-4oN5Lc,,,,,,,,,,,,,,,,,,,,,,,,,,,,,,,,,,,,,,,,,,,,,,,,,,,,,,,,,,,,,,,,,,,,,,,,,,,,,,,,,,,,,0.0,0.0,0.0,0.0,0.0,0.0,0.0,0.0,0.0,0.0,0.0,0.0,0.0,0.0,0.0,0.0,0.0,0.0,0.0,0.0,0.0,0.0,0.0,0.0,0.0,0.0,0.0,0.0,0.0,0.0,0.0,0.0,0.0,0.0,0.0,0.0,0.0,0.0,0.0,0.0,0.0,0.0,0.0,0.0,0.0,0.0,0.0,0.0,0.0,0.0,0.0,0.0,0.0,0.0,0.0,0.0,0.0,0.0,0.0,0.0,0.0,0.0,0.0,0.0,0.0,0.0,0.0,0.0,0.0,0.0,0.0,0.0,0.0,0.0,0.0,0.0,0.0,0.0,0.0,0.0,0.0,0.0,0.0,0.0,0.0,0.0,0.0,0.0,0.0,0.0,0.0,0.0,0.0,0.0,0.0,0.0,0.0,0.0,0.0,0.0,0.0,0.0,0.0,0.0,0.0,0.0,0.0,0.0,0.0,0.0,0.0,0.0,0.0,0.0,0.0,0.0,0.0,0.0,0.0,0.0,0.0,0.0,0.0,0
1mlDoj5ZsDY,,,,,,,,,,,,,,,,,,,,,,,,,,,,,,,,,,,,,,,,,,,,,,,,,,,,,,,,,,,,,,,,,,,,,,,,,,,,,,,,,,,,,34.0,44.0,50.0,50.0,50.0,53.0,53.0,53.0,55.0,56.0,57.0,58.0,58.0,59.0,59.0,60.0,60.0,60.0,60.0,61.0,61.0,61.0,61.0,61.0,61.0,61.0,61.0,61.0,61.0,61.0,61.0,61.0,61.0,61.0,61.0,61.0,61.0,61.0,61.0,61.0,61.0,61.0,61.0,61.0,61.0,61.0,61.0,61.0,61.0,61.0,61.0,61.0,61.0,61.0,61.0,61.0,61.0,61.0,61.0,61.0,61.0,61.0,61.0,61.0,61.0,61.0,61.0,61.0,61.0,61.0,61.0,61.0,62.0,62.0,62.0,63.0,63.0,63.0,63.0,63.0,63.0,63.0,63.0,63.0,63.0,63.0,63.0,63.0,63.0,63.0,63.0,63.0,63.0,63.0,63.0,63.0,63.0,63.0,63.0,63.0,63.0,63.0,63.0,63.0,63.0,63.0,64.0,64.0,64.0,64.0,64.0,64.0,64.0,64.0,64.0,64.0,64.0,64.0,64.0,64.0,65.0,65.0,65.0,65
EU8zYwRc9js,,,,,,,,,,,,,,,,,,,,,,,,,,,,,,,,,,,,,,,,,,,,,,,,,,,,,,,,,,,,,,,,,,,,,,,,,,,,,,,,,,,,,691.0,872.0,907.0,931.0,938.0,948.0,952.0,954.0,958.0,961.0,965.0,968.0,974.0,975.0,975.0,978.0,978.0,978.0,979.0,981.0,982.0,982.0,983.0,985.0,985.0,985.0,985.0,984.0,985.0,985.0,986.0,987.0,988.0,990.0,993.0,995.0,995.0,996.0,996.0,998.0,997.0,998.0,998.0,1000.0,1000.0,1000.0,1001.0,1001.0,1001.0,1000.0,1001.0,1001.0,1000.0,1000.0,1001.0,1001.0,1002.0,1002.0,1002.0,1003.0,1003.0,1002.0,1004.0,1005.0,1005.0,1005.0,1005.0,1007.0,1008.0,1008.0,1008.0,1008.0,1008.0,1008.0,1009.0,1010.0,1010.0,1010.0,1011.0,1013.0,1013.0,1013.0,1013.0,1013.0,1014.0,1014.0,1014.0,1014.0,1015.0,1016.0,1016.0,1016.0,1016.0,1017.0,1016.0,1016.0,1016.0,1016.0,1016.0,1016.0,1016.0,1017.0,1017.0,1017.0,1017.0,1017.0,1017.0,1017.0,1017.0,1017.0,1017.0,947.0,949.0,948.0,948.0,948.0,948.0,948.0,949.0,948.0,948.0,948.0,948.0,949
SGpWyUFdG2w,,,,,,,,,,,,,,,,,,,,,,,,,,,,,,,,,,,,,,,,,,,,,,,,,,,,,,,,,,,,,,,,,,,,,,,,,,,,,,,,,,,,,0.0,0.0,0.0,0.0,0.0,0.0,0.0,0.0,0.0,0.0,0.0,0.0,0.0,0.0,0.0,0.0,0.0,0.0,0.0,0.0,0.0,0.0,0.0,0.0,0.0,0.0,0.0,2.0,5.0,6.0,6.0,6.0,5.0,5.0,6.0,6.0,8.0,8.0,8.0,8.0,8.0,9.0,9.0,9.0,9.0,10.0,10.0,10.0,10.0,11.0,11.0,13.0,13.0,13.0,13.0,13.0,13.0,13.0,13.0,13.0,13.0,13.0,13.0,13.0,13.0,13.0,13.0,13.0,13.0,13.0,13.0,13.0,13.0,14.0,15.0,15.0,15.0,15.0,15.0,15.0,15.0,15.0,15.0,15.0,15.0,15.0,15.0,15.0,15.0,15.0,15.0,15.0,16.0,17.0,17.0,17.0,17.0,17.0,17.0,17.0,17.0,17.0,17.0,17.0,18.0,18.0,18.0,18.0,19.0,19.0,19.0,19.0,19.0,19.0,19.0,19.0,19.0,19.0,19.0,19.0,19.0,19.0,19.0,19
ZoI7nREAwPw,,,,,,,,,,,,,,,,,,,,,,,,,,,,,,,,,,,,,,,,,,,,,,,,,,,,,,,,,,,,,,,,,,,,,,,,,,,,,,,,,,,,,,0.0,0.0,0.0,0.0,0.0,0.0,0.0,0.0,0.0,0.0,0.0,0.0,0.0,2.0,3.0,6.0,8.0,8.0,8.0,8.0,14.0,15.0,15.0,15.0,15.0,17.0,17.0,17.0,17.0,17.0,17.0,17.0,17.0,17.0,17.0,17.0,17.0,17.0,17.0,17.0,17.0,17.0,17.0,17.0,17.0,17.0,17.0,17.0,17.0,17.0,17.0,17.0,17.0,19.0,19.0,19.0,19.0,19.0,19.0,20.0,20.0,21.0,21.0,21.0,21.0,21.0,21.0,21.0,21.0,21.0,21.0,21.0,21.0,21.0,21.0,21.0,21.0,21.0,21.0,21.0,21.0,21.0,21.0,21.0,21.0,21.0,21.0,21.0,21.0,21.0,21.0,21.0,21.0,21.0,21.0,21.0,21.0,21.0,21.0,21.0,21.0,21.0,21.0,21.0,21.0,21.0,21.0,21.0,21.0,21.0,21.0,21.0,21.0,21.0,21.0,21.0,21.0,21.0,21.0,21.0,21.0,21.0,21
gZt_jJh1vUI,,,,,,,,,,,,,,,,,,,,,,,,,,,,,,,,,,,,,,,,,,,,,,,,,,,,,,,,,,,,,,,,,,,,,,,,,,,,,,,,,,,,,,,31.0,32.0,32.0,32.0,32.0,33.0,33.0,33.0,33.0,33.0,33.0,33.0,33.0,34.0,35.0,36.0,36.0,37.0,37.0,37.0,37.0,37.0,37.0,38.0,38.0,38.0,38.0,38.0,38.0,38.0,39.0,39.0,39.0,39.0,39.0,39.0,39.0,40.0,39.0,39.0,40.0,40.0,40.0,40.0,40.0,40.0,40.0,40.0,40.0,40.0,40.0,40.0,41.0,41.0,41.0,41.0,41.0,41.0,41.0,41.0,41.0,41.0,42.0,42.0,40.0,40.0,40.0,40.0,40.0,40.0,40.0,40.0,46.0,52.0,52.0,52.0,52.0,54.0,54.0,54.0,54.0,54.0,54.0,54.0,54.0,54.0,54.0,54.0,54.0,54.0,54.0,54.0,54.0,54.0,54.0,54.0,54.0,54.0,54.0,54.0,54.0,54.0,54.0,54.0,54.0,54.0,54.0,54.0,54.0,54.0,54.0,54.0,55.0,55.0,55.0,55.0,55.0,55.0,55.0,55.0,55.0,55
bMihQ2wLKMI,,,,,,,,,,,,,,,,,,,,,,,,,,,,,,,,,,,,,,,,,,,,,,,,,,,,,,,,,,,,,,,,,,,,,,,,,,,,,,,,,,,,,,,,,93.0,96.0,101.0,103.0,107.0,111.0,112.0,112.0,112.0,112.0,114.0,114.0,115.0,115.0,116.0,115.0,115.0,116.0,117.0,117.0,117.0,117.0,118.0,118.0,118.0,118.0,118.0,118.0,118.0,118.0,118.0,118.0,118.0,117.0,117.0,117.0,117.0,118.0,118.0,119.0,119.0,119.0,119.0,119.0,119.0,119.0,119.0,119.0,119.0,119.0,119.0,119.0,119.0,119.0,119.0,119.0,119.0,119.0,120.0,120.0,120.0,120.0,120.0,121.0,121.0,121.0,122.0,122.0,122.0,122.0,122.0,122.0,122.0,122.0,122.0,122.0,122.0,122.0,122.0,122.0,123.0,123.0,123.0,124.0,124.0,124.0,124.0,124.0,124.0,124.0,124.0,124.0,124.0,124.0,124.0,124.0,124.0,124.0,124.0,124.0,124.0,124.0,124.0,124.0,124.0,124.0,124.0,124.0,124.0,125.0,125.0,125.0,126.0,126.0,126.0,126.0,126.0,126.0,126.0,126
pN0Po0OdF44,,,,,,,,,,,,,,,,,,,,,,,,,,,,,,,,,,,,,,,,,,,,,,,,,,,,,,,,,,,,,,,,,,,,,,,,,,,,,,,,,,,,,,,0.0,0.0,0.0,0.0,0.0,0.0,0.0,0.0,0.0,0.0,0.0,0.0,0.0,0.0,0.0,0.0,0.0,0.0,0.0,0.0,0.0,0.0,0.0,0.0,0.0,0.0,0.0,0.0,0.0,0.0,0.0,0.0,0.0,0.0,0.0,0.0,0.0,0.0,0.0,0.0,0.0,0.0,0.0,0.0,0.0,0.0,0.0,0.0,0.0,0.0,0.0,0.0,0.0,0.0,0.0,0.0,0.0,0.0,0.0,0.0,0.0,0.0,0.0,0.0,0.0,0.0,0.0,0.0,0.0,0.0,0.0,0.0,0.0,0.0,0.0,0.0,0.0,0.0,0.0,0.0,0.0,0.0,0.0,0.0,0.0,0.0,0.0,0.0,0.0,0.0,0.0,0.0,0.0,0.0,0.0,0.0,0.0,0.0,0.0,0.0,0.0,0.0,0.0,0.0,0.0,0.0,0.0,0.0,0.0,0.0,0.0,0.0,0.0,0.0,0.0,0.0,0.0,0.0,0.0,0.0,0.0,0
vYCZ4xYvsac,,,,,,,,,,,,,,,,,,,,,,,,,,,,,,,,,,,,,,,,,,,,,,,,,,,,,,,,,,,,,,,,,,,,,,,,,,,,,,,,,,,,,,,211.0,237.0,242.0,251.0,255.0,257.0,262.0,265.0,267.0,267.0,266.0,269.0,269.0,269.0,269.0,269.0,269.0,271.0,271.0,270.0,271.0,271.0,271.0,271.0,271.0,271.0,271.0,271.0,271.0,270.0,270.0,268.0,268.0,268.0,269.0,270.0,270.0,270.0,270.0,271.0,272.0,272.0,272.0,272.0,272.0,272.0,272.0,272.0,272.0,272.0,272.0,272.0,273.0,273.0,273.0,273.0,273.0,273.0,273.0,273.0,273.0,273.0,273.0,273.0,273.0,273.0,273.0,273.0,273.0,273.0,272.0,272.0,272.0,272.0,272.0,273.0,273.0,273.0,273.0,273.0,273.0,273.0,274.0,274.0,274.0,274.0,275.0,275.0,275.0,275.0,275.0,275.0,275.0,275.0,275.0,274.0,278.0,278.0,278.0,278.0,271.0,271.0,271.0,271.0,271.0,271.0,271.0,271.0,271.0,271.0,271.0,271.0,271.0,271.0,271.0,271.0,271.0,271.0,271.0,271.0,271.0,271
7NlrzMwoU0U,,,,,,,,,,,,,,,,,,,,,,,,,,,,,,,,,,,,,,,,,,,,,,,,,,,,,,,,,,,,,,,,,,,,,,,,,,,,,,,,,,,,,,,1.0,1.0,1.0,1.0,1.0,1.0,1.0,1.0,1.0,1.0,1.0,1.0,1.0,1.0,1.0,1.0,1.0,1.0,1.0,1.0,1.0,2.0,2.0,2.0,2.0,2.0,2.0,2.0,2.0,2.0,2.0,2.0,2.0,2.0,2.0,2.0,2.0,2.0,2.0,2.0,2.0,2.0,2.0,2.0,2.0,2.0,2.0,2.0,2.0,2.0,2.0,2.0,2.0,2.0,2.0,2.0,2.0,2.0,2.0,2.0,2.0,2.0,2.0,2.0,2.0,2.0,2.0,2.0,2.0,2.0,2.0,2.0,2.0,2.0,2.0,2.0,2.0,2.0,2.0,2.0,2.0,2.0,2.0,2.0,2.0,2.0,2.0,2.0,2.0,2.0,2.0,2.0,2.0,2.0,2.0,2.0,2.0,2.0,2.0,2.0,2.0,2.0,2.0,2.0,2.0,2.0,2.0,2.0,2.0,2.0,2.0,2.0,2.0,2.0,2.0,2.0,2.0,2.0,2.0,2.0,2.0,2
yiPTOpGWaeM,,,,,,,,,,,,,,,,,,,,,,,,,,,,,,,,,,,,,,,,,,,,,,,,,,,,,,,,,,,,,,,,,,,,,,,,,,,,,,,,,,,,,,,,1725.0,2254.0,2428.0,2505.0,2565.0,2606.0,2650.0,2682.0,2696.0,2712.0,2723.0,2737.0,2747.0,2759.0,2768.0,2780.0,2785.0,2789.0,2793.0,2794.0,2796.0,2798.0,2801.0,2805.0,2806.0,2809.0,2811.0,2812.0,2812.0,2816.0,2819.0,2818.0,2820.0,2821.0,2822.0,2823.0,2828.0,2829.0,2829.0,2830.0,2830.0,2831.0,2828.0,2830.0,2829.0,2832.0,2832.0,2832.0,2832.0,2834.0,2834.0,2834.0,2835.0,2837.0,2839.0,2837.0,2839.0,2841.0,2842.0,2843.0,2843.0,2844.0,2844.0,2844.0,2844.0,2845.0,2848.0,2848.0,2850.0,2850.0,2850.0,2849.0,2848.0,2849.0,2850.0,2850.0,2850.0,2850.0,2851.0,2853.0,2854.0,2854.0,2855.0,2854.0,2858.0,2860.0,2861.0,2861.0,2861.0,2861.0,2859.0,2860.0,2862.0,2864.0,2864.0,2864.0,2864.0,2864.0,2864.0,2866.0,2866.0,2866.0,2866.0,2868.0,2868.0,2868.0,2868.0,2868.0,2868.0,2869.0,2869.0,2868.0,2868.0,2869.0,2870.0,2869.0,2869.0,2869.0,2869.0,2871.0,2871
x7wLlK9MMN4,,,,,,,,,,,,,,,,,,,,,,,,,,,,,,,,,,,,,,,,,,,,,,,,,,,,,,,,,,,,,,,,,,,,,,,,,,,,,,,,,,,,,,,,3943.0,6325.0,6988.0,7333.0,7568.0,7745.0,7876.0,7991.0,8065.0,8134.0,8204.0,8298.0,8394.0,8440.0,8491.0,8514.0,8541.0,8583.0,8605.0,8630.0,8657.0,8683.0,8695.0,8704.0,8726.0,8742.0,8761.0,8771.0,8782.0,8797.0,8820.0,8831.0,8844.0,8851.0,8849.0,8866.0,8880.0,8888.0,8894.0,8895.0,8900.0,8908.0,8914.0,8926.0,8932.0,8938.0,8942.0,8944.0,8954.0,8958.0,8968.0,8975.0,8981.0,8982.0,8984.0,8988.0,8998.0,9000.0,9005.0,9010.0,9012.0,9013.0,9016.0,9021.0,9029.0,9029.0,9028.0,9031.0,9034.0,9039.0,9038.0,9039.0,9043.0,9042.0,9045.0,9046.0,9045.0,9043.0,9044.0,9051.0,9053.0,9053.0,9056.0,9056.0,9058.0,9062.0,9060.0,9065.0,9065.0,9065.0,9068.0,9068.0,9074.0,9076.0,9075.0,9077.0,9079.0,9078.0,9081.0,9082.0,9082.0,9083.0,9083.0,9083.0,9082.0,9078.0,9085.0,9088.0,9089.0,9091.0,9093.0,9095.0,9094.0,9096.0,9095.0,9097.0,9100.0,9100.0,9102.0,9104.0,9103
jyUGIDbK12I,,,,,,,,,,,,,,,,,,,,,,,,,,,,,,,,,,,,,,,,,,,,,,,,,,,,,,,,,,,,,,,,,,,,,,,,,,,,,,,,,,,,,,,,575.0,675.0,732.0,757.0,768.0,779.0,789.0,795.0,806.0,812.0,816.0,821.0,823.0,826.0,828.0,829.0,833.0,836.0,840.0,842.0,847.0,849.0,849.0,852.0,856.0,856.0,856.0,858.0,857.0,858.0,858.0,858.0,858.0,859.0,859.0,859.0,859.0,861.0,865.0,865.0,865.0,868.0,869.0,870.0,870.0,871.0,871.0,871.0,872.0,874.0,876.0,877.0,877.0,879.0,880.0,884.0,884.0,884.0,884.0,884.0,884.0,886.0,886.0,886.0,886.0,886.0,886.0,887.0,889.0,889.0,890.0,890.0,890.0,890.0,890.0,890.0,890.0,890.0,890.0,891.0,891.0,891.0,891.0,892.0,892.0,892.0,893.0,893.0,894.0,894.0,894.0,894.0,894.0,894.0,894.0,894.0,894.0,894.0,894.0,894.0,894.0,894.0,895.0,895.0,895.0,895.0,895.0,895.0,895.0,896.0,896.0,896.0,896.0,896.0,896.0,896.0,896.0,896.0,895.0,895.0,895
CAS-rXb-cZs,,,,,,,,,,,,,,,,,,,,,,,,,,,,,,,,,,,,,,,,,,,,,,,,,,,,,,,,,,,,,,,,,,,,,,,,,,,,,,,,,,,,,,,,42.0,42.0,42.0,42.0,42.0,42.0,42.0,42.0,42.0,42.0,42.0,42.0,42.0,42.0,42.0,42.0,42.0,42.0,42.0,42.0,42.0,42.0,42.0,42.0,42.0,42.0,42.0,42.0,42.0,42.0,42.0,42.0,42.0,42.0,42.0,42.0,42.0,42.0,42.0,42.0,42.0,42.0,42.0,42.0,42.0,42.0,42.0,42.0,42.0,42.0,42.0,42.0,42.0,42.0,42.0,42.0,42.0,42.0,42.0,42.0,42.0,42.0,42.0,42.0,42.0,42.0,42.0,42.0,42.0,42.0,42.0,42.0,42.0,42.0,42.0,42.0,42.0,42.0,42.0,42.0,42.0,42.0,42.0,42.0,42.0,42.0,42.0,42.0,42.0,42.0,42.0,42.0,42.0,42.0,42.0,42.0,42.0,42.0,42.0,42.0,42.0,42.0,42.0,42.0,42.0,42.0,42.0,42.0,42.0,42.0,42.0,42.0,42.0,42.0,42.0,42.0,42.0,42.0,42.0,42.0,42
S2qaSh1_sg8,,,,,,,,,,,,,,,,,,,,,,,,,,,,,,,,,,,,,,,,,,,,,,,,,,,,,,,,,,,,,,,,,,,,,,,,,,,,,,,,,,,,,,,,226.0,226.0,226.0,226.0,226.0,226.0,226.0,226.0,226.0,226.0,226.0,226.0,226.0,226.0,226.0,226.0,226.0,226.0,227.0,227.0,227.0,227.0,227.0,227.0,227.0,227.0,227.0,227.0,227.0,227.0,227.0,227.0,227.0,227.0,227.0,227.0,227.0,227.0,228.0,228.0,228.0,228.0,228.0,228.0,228.0,227.0,227.0,228.0,228.0,228.0,228.0,228.0,229.0,229.0,229.0,229.0,229.0,229.0,229.0,229.0,229.0,229.0,229.0,230.0,230.0,230.0,230.0,230.0,230.0,230.0,230.0,230.0,230.0,230.0,230.0,230.0,230.0,230.0,230.0,230.0,230.0,230.0,230.0,230.0,230.0,230.0,231.0,231.0,231.0,231.0,231.0,232.0,231.0,231.0,231.0,231.0,231.0,231.0,231.0,231.0,231.0,231.0,231.0,231.0,231.0,231.0,231.0,231.0,231.0,231.0,231.0,231.0,231.0,231.0,231.0,231.0,231.0,231.0,231.0,231.0,231
-Wa0StGAjqY,,,,,,,,,,,,,,,,,,,,,,,,,,,,,,,,,,,,,,,,,,,,,,,,,,,,,,,,,,,,,,,,,,,,,,,,,,,,,,,,,,,,,,,,0.0,0.0,0.0,0.0,0.0,0.0,0.0,0.0,0.0,0.0,0.0,0.0,0.0,0.0,0.0,0.0,0.0,0.0,0.0,0.0,0.0,0.0,0.0,0.0,0.0,0.0,0.0,0.0,0.0,0.0,0.0,0.0,0.0,0.0,0.0,0.0,0.0,0.0,0.0,0.0,0.0,0.0,0.0,0.0,0.0,0.0,0.0,0.0,0.0,0.0,0.0,0.0,0.0,0.0,0.0,0.0,0.0,0.0,0.0,0.0,0.0,0.0,0.0,0.0,0.0,0.0,0.0,0.0,0.0,0.0,0.0,0.0,0.0,0.0,0.0,0.0,0.0,0.0,0.0,0.0,0.0,0.0,0.0,0.0,0.0,0.0,0.0,0.0,0.0,0.0,0.0,0.0,0.0,0.0,0.0,0.0,0.0,0.0,0.0,0.0,0.0,0.0,0.0,0.0,0.0,0.0,0.0,0.0,0.0,0.0,0.0,0.0,0.0,0.0,0.0,0.0,0.0,0.0,0.0,0.0,0
P_iyAH59kCs,,,,,,,,,,,,,,,,,,,,,,,,,,,,,,,,,,,,,,,,,,,,,,,,,,,,,,,,,,,,,,,,,,,,,,,,,,,,,,,,,,,,,,,,5.0,6.0,7.0,8.0,8.0,8.0,8.0,8.0,8.0,9.0,9.0,9.0,10.0,10.0,10.0,10.0,10.0,10.0,10.0,10.0,10.0,10.0,10.0,10.0,10.0,10.0,10.0,10.0,10.0,10.0,10.0,10.0,10.0,10.0,10.0,10.0,10.0,10.0,10.0,10.0,10.0,10.0,10.0,10.0,10.0,10.0,10.0,10.0,10.0,10.0,10.0,10.0,10.0,10.0,10.0,10.0,10.0,10.0,10.0,10.0,10.0,10.0,10.0,10.0,10.0,10.0,10.0,10.0,10.0,10.0,10.0,10.0,10.0,10.0,10.0,10.0,10.0,10.0,10.0,10.0,10.0,10.0,10.0,10.0,10.0,10.0,10.0,10.0,10.0,0.0,10.0,10.0,10.0,10.0,10.0,10.0,10.0,10.0,10.0,10.0,10.0,10.0,10.0,10.0,10.0,10.0,10.0,10.0,10.0,10.0,10.0,10.0,10.0,10.0,10.0,10.0,10.0,10.0,10.0,10.0,10
BjIIlpUmhOQ,,,,,,,,,,,,,,,,,,,,,,,,,,,,,,,,,,,,,,,,,,,,,,,,,,,,,,,,,,,,,,,,,,,,,,,,,,,,,,,,,,,,,,,,98.0,143.0,156.0,178.0,190.0,206.0,225.0,244.0,253.0,270.0,280.0,297.0,310.0,322.0,340.0,349.0,352.0,353.0,354.0,356.0,357.0,360.0,365.0,366.0,368.0,369.0,369.0,369.0,371.0,371.0,371.0,371.0,371.0,371.0,372.0,372.0,372.0,372.0,372.0,372.0,373.0,373.0,373.0,372.0,373.0,374.0,375.0,375.0,374.0,374.0,374.0,374.0,374.0,374.0,374.0,374.0,374.0,374.0,374.0,374.0,374.0,374.0,374.0,374.0,374.0,374.0,374.0,374.0,375.0,374.0,374.0,374.0,374.0,374.0,374.0,374.0,374.0,374.0,374.0,374.0,374.0,374.0,374.0,375.0,375.0,375.0,375.0,375.0,375.0,375.0,375.0,375.0,376.0,376.0,376.0,376.0,376.0,376.0,376.0,376.0,376.0,376.0,376.0,376.0,376.0,376.0,376.0,376.0,376.0,376.0,376.0,376.0,376.0,376.0,376.0,376.0,376.0,376.0,376.0,376.0,376
dmsw-tEenZ0,,,,,,,,,,,,,,,,,,,,,,,,,,,,,,,,,,,,,,,,,,,,,,,,,,,,,,,,,,,,,,,,,,,,,,,,,,,,,,,,,,,,,,,,866.0,1537.0,1712.0,1905.0,1999.0,2077.0,2151.0,2205.0,2238.0,2270.0,2305.0,2333.0,2358.0,2391.0,2409.0,2425.0,2443.0,2454.0,2456.0,2462.0,2470.0,2469.0,2474.0,2477.0,2483.0,2494.0,2499.0,2505.0,2510.0,2514.0,2519.0,2526.0,2527.0,2539.0,2540.0,2541.0,2544.0,2549.0,2554.0,2566.0,2572.0,2573.0,2583.0,2590.0,2593.0,2598.0,2602.0,2608.0,2610.0,2615.0,2623.0,2629.0,2635.0,2642.0,2649.0,2651.0,2661.0,2665.0,2670.0,2674.0,2679.0,2685.0,2686.0,2687.0,2689.0,2689.0,2689.0,2692.0,2692.0,2693.0,2694.0,2694.0,2694.0,2695.0,2699.0,2701.0,2701.0,2702.0,2702.0,2703.0,2703.0,2704.0,2706.0,2708.0,2708.0,2710.0,2710.0,2710.0,2711.0,2712.0,2714.0,2713.0,2712.0,2713.0,2714.0,2714.0,2713.0,2712.0,2712.0,2712.0,2712.0,2712.0,2712.0,2712.0,2715.0,2716.0,2716.0,2714.0,2715.0,2718.0,2719.0,2720.0,2720.0,2720.0,2722.0,2722.0,2722.0,2722.0,2722.0,2722.0,2722
Gk3sKhxTN74,,,,,,,,,,,,,,,,,,,,,,,,,,,,,,,,,,,,,,,,,,,,,,,,,,,,,,,,,,,,,,,,,,,,,,,,,,,,,,,,,,,,,,,,,562.0,594.0,610.0,621.0,633.0,687.0,746.0,819.0,832.0,827.0,826.0,826.0,830.0,828.0,831.0,832.0,835.0,835.0,835.0,835.0,835.0,837.0,838.0,833.0,834.0,835.0,836.0,836.0,836.0,837.0,837.0,837.0,837.0,837.0,838.0,838.0,838.0,838.0,838.0,839.0,839.0,840.0,840.0,840.0,840.0,840.0,840.0,839.0,840.0,840.0,840.0,840.0,840.0,840.0,840.0,840.0,840.0,840.0,840.0,840.0,841.0,841.0,841.0,841.0,841.0,841.0,841.0,841.0,841.0,841.0,842.0,842.0,842.0,842.0,842.0,842.0,842.0,817.0,817.0,817.0,817.0,817.0,817.0,817.0,817.0,818.0,818.0,818.0,818.0,818.0,818.0,818.0,818.0,818.0,819.0,819.0,819.0,819.0,819.0,819.0,819.0,819.0,819.0,819.0,819.0,817.0,818.0,818.0,818.0,818.0,819.0,819.0,819.0,819.0,819.0,819.0,821.0,821.0,821.0,822
AMwK8YGZGnU,,,,,,,,,,,,,,,,,,,,,,,,,,,,,,,,,,,,,,,,,,,,,,,,,,,,,,,,,,,,,,,,,,,,,,,,,,,,,,,,,,,,,,,,,3170.0,5594.0,7086.0,8054.0,8856.0,9427.0,9917.0,10238.0,10444.0,10810.0,11086.0,11348.0,11540.0,11687.0,11685.0,11772.0,11835.0,11896.0,11970.0,12031.0,12080.0,12150.0,12201.0,12250.0,12304.0,12316.0,12339.0,12366.0,12399.0,12423.0,12453.0,12480.0,12492.0,12507.0,12532.0,12545.0,12489.0,12496.0,12509.0,12520.0,12532.0,12541.0,12560.0,12571.0,12581.0,12605.0,12628.0,12639.0,12644.0,12654.0,12665.0,12683.0,12692.0,12700.0,12708.0,12718.0,12728.0,12753.0,12762.0,12776.0,12796.0,12816.0,12829.0,12838.0,12844.0,12862.0,12864.0,12875.0,12902.0,12898.0,12906.0,12913.0,12927.0,12922.0,12930.0,12936.0,12942.0,12952.0,12960.0,12960.0,12963.0,12979.0,12984.0,12987.0,12993.0,13001.0,13011.0,13025.0,13041.0,13058.0,13071.0,13076.0,13079.0,13085.0,13085.0,13089.0,13092.0,13095.0,13099.0,13100.0,13103.0,13112.0,13119.0,13122.0,13123.0,13128.0,13132.0,13141.0,13146.0,13147.0,13140.0,13140.0,13154.0,13163.0,13168.0,13176.0,13177.0,13182.0,13183.0,13189
bafIMw8apHs,,,,,,,,,,,,,,,,,,,,,,,,,,,,,,,,,,,,,,,,,,,,,,,,,,,,,,,,,,,,,,,,,,,,,,,,,,,,,,,,,,,,,,,,,265.0,514.0,610.0,710.0,757.0,798.0,824.0,844.0,857.0,876.0,886.0,902.0,917.0,929.0,934.0,942.0,950.0,955.0,960.0,965.0,970.0,973.0,979.0,984.0,990.0,992.0,995.0,1000.0,1005.0,1005.0,1006.0,1008.0,1009.0,1008.0,1008.0,1008.0,1009.0,1012.0,1017.0,1017.0,1018.0,1019.0,1019.0,1021.0,1021.0,1021.0,1022.0,1022.0,1022.0,1023.0,1024.0,1025.0,1025.0,1026.0,1026.0,1026.0,1026.0,1027.0,1028.0,1028.0,1028.0,1030.0,1031.0,1033.0,1033.0,1034.0,1034.0,1037.0,1037.0,1037.0,1040.0,1042.0,1042.0,1042.0,1042.0,1041.0,1041.0,1041.0,1040.0,1040.0,1041.0,1041.0,1042.0,1043.0,1043.0,1043.0,1043.0,1043.0,1043.0,1044.0,1044.0,1044.0,1044.0,1044.0,1043.0,1043.0,1043.0,1043.0,1043.0,1043.0,1043.0,1043.0,1044.0,1044.0,1044.0,1042.0,1042.0,1042.0,1042.0,1042.0,1042.0,1043.0,1043.0,1043.0,1044.0,1045.0,1045.0,1045.0,1045.0,1045
aKulGTx2hzY,,,,,,,,,,,,,,,,,,,,,,,,,,,,,,,,,,,,,,,,,,,,,,,,,,,,,,,,,,,,,,,,,,,,,,,,,,,,,,,,,,,,,,,,,108.0,133.0,135.0,139.0,144.0,146.0,148.0,151.0,152.0,153.0,153.0,154.0,155.0,155.0,154.0,155.0,155.0,155.0,155.0,155.0,155.0,155.0,155.0,155.0,155.0,155.0,155.0,155.0,155.0,155.0,155.0,155.0,155.0,155.0,155.0,155.0,155.0,155.0,155.0,155.0,155.0,155.0,155.0,155.0,155.0,156.0,156.0,156.0,156.0,156.0,156.0,156.0,156.0,156.0,156.0,157.0,157.0,157.0,157.0,157.0,157.0,157.0,157.0,157.0,157.0,157.0,157.0,158.0,158.0,158.0,158.0,158.0,158.0,158.0,158.0,158.0,158.0,158.0,158.0,158.0,158.0,158.0,158.0,159.0,159.0,159.0,159.0,159.0,159.0,159.0,159.0,159.0,159.0,159.0,159.0,159.0,159.0,159.0,159.0,159.0,159.0,159.0,159.0,159.0,159.0,159.0,159.0,159.0,159.0,159.0,159.0,159.0,159.0,159.0,159.0,159.0,159.0,159.0,159.0,159
wTeVeqqz1kI,,,,,,,,,,,,,,,,,,,,,,,,,,,,,,,,,,,,,,,,,,,,,,,,,,,,,,,,,,,,,,,,,,,,,,,,,,,,,,,,,,,,,,,,,104.0,104.0,104.0,104.0,104.0,104.0,104.0,104.0,104.0,104.0,104.0,104.0,104.0,104.0,104.0,104.0,104.0,104.0,104.0,104.0,104.0,104.0,104.0,104.0,104.0,104.0,104.0,104.0,105.0,105.0,105.0,105.0,105.0,105.0,105.0,105.0,105.0,105.0,105.0,105.0,105.0,105.0,105.0,105.0,105.0,105.0,105.0,105.0,105.0,105.0,105.0,105.0,105.0,105.0,105.0,105.0,105.0,105.0,105.0,105.0,105.0,105.0,105.0,105.0,105.0,105.0,105.0,105.0,105.0,105.0,105.0,105.0,105.0,105.0,105.0,106.0,106.0,106.0,106.0,106.0,106.0,106.0,106.0,106.0,106.0,106.0,106.0,106.0,106.0,106.0,106.0,106.0,106.0,106.0,106.0,106.0,106.0,106.0,106.0,106.0,106.0,106.0,106.0,106.0,106.0,106.0,106.0,106.0,106.0,106.0,106.0,106.0,106.0,106.0,106.0,106.0,106.0,106.0,106.0,106
mD_zpce3fr8,,,,,,,,,,,,,,,,,,,,,,,,,,,,,,,,,,,,,,,,,,,,,,,,,,,,,,,,,,,,,,,,,,,,,,,,,,,,,,,,,,,,,,,,,0.0,0.0,0.0,0.0,0.0,0.0,0.0,0.0,0.0,0.0,0.0,0.0,0.0,0.0,0.0,0.0,0.0,0.0,0.0,0.0,0.0,0.0,0.0,0.0,0.0,0.0,0.0,0.0,0.0,0.0,0.0,0.0,0.0,0.0,0.0,0.0,0.0,0.0,0.0,0.0,0.0,0.0,0.0,0.0,0.0,0.0,0.0,0.0,0.0,0.0,0.0,0.0,0.0,0.0,0.0,0.0,0.0,0.0,0.0,0.0,0.0,0.0,0.0,0.0,0.0,0.0,0.0,0.0,0.0,0.0,0.0,0.0,0.0,0.0,0.0,0.0,0.0,0.0,0.0,0.0,0.0,0.0,0.0,0.0,0.0,0.0,0.0,0.0,0.0,0.0,0.0,0.0,0.0,0.0,0.0,0.0,0.0,0.0,0.0,0.0,0.0,0.0,0.0,0.0,0.0,0.0,0.0,0.0,0.0,0.0,0.0,0.0,0.0,0.0,0.0,0.0,0.0,0.0,0.0,0
mfX0Zhm9PUA,,,,,,,,,,,,,,,,,,,,,,,,,,,,,,,,,,,,,,,,,,,,,,,,,,,,,,,,,,,,,,,,,,,,,,,,,,,,,,,,,,,,,,,,,,16.0,30.0,40.0,52.0,53.0,53.0,54.0,57.0,59.0,59.0,59.0,62.0,62.0,65.0,66.0,66.0,66.0,66.0,66.0,67.0,67.0,67.0,67.0,67.0,67.0,67.0,67.0,67.0,67.0,67.0,67.0,67.0,67.0,67.0,67.0,67.0,67.0,67.0,67.0,67.0,67.0,67.0,67.0,67.0,67.0,67.0,67.0,67.0,67.0,67.0,67.0,67.0,67.0,67.0,67.0,67.0,67.0,67.0,67.0,67.0,67.0,68.0,68.0,68.0,69.0,69.0,69.0,69.0,69.0,69.0,69.0,69.0,69.0,69.0,69.0,70.0,70.0,70.0,70.0,70.0,70.0,70.0,71.0,71.0,71.0,71.0,71.0,71.0,71.0,71.0,71.0,71.0,71.0,71.0,72.0,72.0,72.0,72.0,72.0,72.0,72.0,72.0,72.0,72.0,72.0,73.0,73.0,73.0,73.0,73.0,73.0,73.0,73.0,73.0,73.0,73.0,73.0,73.0,73
472MqaZF3kg,,,,,,,,,,,,,,,,,,,,,,,,,,,,,,,,,,,,,,,,,,,,,,,,,,,,,,,,,,,,,,,,,,,,,,,,,,,,,,,,,,,,,,,,,,89.0,150.0,168.0,176.0,182.0,185.0,188.0,192.0,196.0,201.0,207.0,208.0,208.0,215.0,216.0,219.0,220.0,221.0,223.0,223.0,223.0,224.0,221.0,222.0,223.0,223.0,223.0,223.0,223.0,224.0,224.0,224.0,225.0,224.0,224.0,224.0,224.0,224.0,224.0,224.0,224.0,224.0,224.0,224.0,224.0,224.0,224.0,224.0,224.0,224.0,225.0,225.0,225.0,225.0,225.0,225.0,225.0,225.0,225.0,226.0,226.0,226.0,226.0,227.0,227.0,227.0,227.0,227.0,227.0,227.0,227.0,228.0,228.0,228.0,228.0,228.0,228.0,228.0,228.0,228.0,228.0,228.0,228.0,228.0,228.0,228.0,228.0,228.0,228.0,228.0,228.0,228.0,228.0,228.0,228.0,228.0,228.0,228.0,228.0,228.0,228.0,228.0,228.0,228.0,227.0,227.0,227.0,227.0,227.0,227.0,227.0,227.0,227.0,227.0,227.0,227.0,227.0,227.0,227
lvpNFKmAN3w,,,,,,,,,,,,,,,,,,,,,,,,,,,,,,,,,,,,,,,,,,,,,,,,,,,,,,,,,,,,,,,,,,,,,,,,,,,,,,,,,,,,,,,,,,261.0,296.0,311.0,342.0,374.0,398.0,418.0,432.0,445.0,457.0,463.0,471.0,478.0,483.0,489.0,490.0,493.0,493.0,495.0,498.0,498.0,500.0,501.0,501.0,502.0,502.0,504.0,504.0,504.0,504.0,505.0,505.0,505.0,505.0,505.0,505.0,506.0,508.0,509.0,513.0,515.0,515.0,515.0,515.0,515.0,515.0,515.0,515.0,515.0,515.0,515.0,515.0,515.0,515.0,515.0,515.0,515.0,515.0,515.0,515.0,515.0,516.0,516.0,517.0,518.0,518.0,518.0,518.0,518.0,518.0,518.0,519.0,520.0,520.0,520.0,520.0,520.0,520.0,520.0,521.0,521.0,521.0,521.0,521.0,521.0,522.0,522.0,522.0,522.0,522.0,522.0,522.0,522.0,522.0,523.0,523.0,524.0,524.0,525.0,525.0,525.0,525.0,526.0,527.0,527.0,527.0,527.0,527.0,527.0,527.0,527.0,527.0,527.0,527.0,527.0,527.0,528.0,528.0,528
-pJUkl65xy4,,,,,,,,,,,,,,,,,,,,,,,,,,,,,,,,,,,,,,,,,,,,,,,,,,,,,,,,,,,,,,,,,,,,,,,,,,,,,,,,,,,,,,,,,,28.0,35.0,36.0,38.0,39.0,39.0,39.0,39.0,39.0,40.0,40.0,41.0,41.0,41.0,46.0,42.0,42.0,42.0,42.0,42.0,42.0,42.0,42.0,42.0,42.0,42.0,42.0,42.0,42.0,42.0,42.0,42.0,42.0,42.0,42.0,42.0,42.0,42.0,42.0,42.0,42.0,43.0,43.0,43.0,43.0,44.0,44.0,45.0,45.0,45.0,45.0,45.0,45.0,45.0,45.0,45.0,45.0,45.0,45.0,45.0,45.0,45.0,45.0,45.0,45.0,46.0,46.0,46.0,46.0,46.0,46.0,46.0,46.0,47.0,47.0,47.0,47.0,47.0,47.0,47.0,47.0,47.0,47.0,47.0,47.0,47.0,47.0,47.0,47.0,47.0,47.0,47.0,47.0,47.0,47.0,47.0,47.0,47.0,47.0,47.0,47.0,47.0,47.0,47.0,47.0,47.0,47.0,47.0,47.0,47.0,47.0,47.0,47.0,47.0,47.0,47.0,47.0,47.0,47
stvqgbukKPg,,,,,,,,,,,,,,,,,,,,,,,,,,,,,,,,,,,,,,,,,,,,,,,,,,,,,,,,,,,,,,,,,,,,,,,,,,,,,,,,,,,,,,,,,,0.0,0.0,0.0,0.0,0.0,0.0,0.0,0.0,0.0,0.0,0.0,0.0,0.0,0.0,0.0,0.0,0.0,0.0,0.0,0.0,0.0,0.0,9.0,15.0,13.0,17.0,18.0,20.0,25.0,27.0,27.0,29.0,31.0,33.0,40.0,40.0,40.0,40.0,41.0,41.0,41.0,42.0,45.0,46.0,46.0,47.0,47.0,50.0,50.0,50.0,50.0,51.0,51.0,51.0,52.0,52.0,52.0,52.0,52.0,53.0,56.0,58.0,58.0,59.0,59.0,60.0,60.0,61.0,62.0,63.0,63.0,63.0,63.0,63.0,63.0,63.0,63.0,63.0,63.0,63.0,65.0,65.0,65.0,65.0,65.0,67.0,67.0,67.0,67.0,67.0,69.0,69.0,69.0,69.0,69.0,70.0,70.0,70.0,70.0,70.0,71.0,71.0,71.0,72.0,73.0,73.0,74.0,74.0,74.0,75.0,75.0,75.0,75.0,75.0,75.0,75.0,76.0,77.0,77
K-F7906Jq9U,,,,,,,,,,,,,,,,,,,,,,,,,,,,,,,,,,,,,,,,,,,,,,,,,,,,,,,,,,,,,,,,,,,,,,,,,,,,,,,,,,,,,,,,,,,6684.0,7662.0,8011.0,8250.0,8665.0,8904.0,9000.0,9076.0,9127.0,9168.0,9197.0,9247.0,9288.0,9304.0,9326.0,9340.0,9354.0,9373.0,9382.0,9388.0,9390.0,9400.0,9405.0,9409.0,9415.0,9415.0,9416.0,9419.0,9420.0,9427.0,9426.0,9428.0,9432.0,9432.0,9434.0,9439.0,9441.0,9448.0,9452.0,9454.0,9458.0,9453.0,9457.0,9457.0,9458.0,9457.0,9460.0,9464.0,9468.0,9470.0,9471.0,9472.0,9475.0,9476.0,9478.0,9475.0,9477.0,9478.0,9478.0,9477.0,9476.0,9476.0,9478.0,9478.0,9479.0,9480.0,9482.0,9482.0,9482.0,9484.0,9485.0,9486.0,9488.0,9490.0,9487.0,9491.0,9494.0,9494.0,9499.0,9501.0,9505.0,9508.0,9509.0,9510.0,9509.0,9508.0,9509.0,9512.0,9517.0,9520.0,9521.0,9522.0,9523.0,9523.0,9524.0,9526.0,9530.0,9532.0,9532.0,9531.0,9529.0,9531.0,9533.0,9535.0,9534.0,9537.0,9537.0,9537.0,9540.0,9538.0,9542.0,9541.0,9543.0,9543.0,9547.0,9549.0,9550.0,9549
y2_dysO89B0,,,,,,,,,,,,,,,,,,,,,,,,,,,,,,,,,,,,,,,,,,,,,,,,,,,,,,,,,,,,,,,,,,,,,,,,,,,,,,,,,,,,,,,,,,,103.0,112.0,115.0,120.0,125.0,128.0,128.0,128.0,128.0,129.0,129.0,130.0,132.0,133.0,133.0,134.0,135.0,137.0,137.0,138.0,138.0,138.0,138.0,139.0,139.0,139.0,139.0,140.0,142.0,142.0,141.0,141.0,143.0,146.0,148.0,148.0,148.0,148.0,148.0,148.0,148.0,148.0,148.0,148.0,148.0,148.0,148.0,148.0,148.0,148.0,148.0,150.0,150.0,150.0,150.0,150.0,150.0,150.0,150.0,151.0,151.0,151.0,151.0,151.0,152.0,152.0,152.0,152.0,152.0,152.0,152.0,114.0,114.0,114.0,114.0,114.0,114.0,114.0,114.0,114.0,114.0,114.0,114.0,115.0,115.0,115.0,153.0,153.0,153.0,153.0,153.0,153.0,153.0,153.0,153.0,153.0,153.0,153.0,153.0,153.0,153.0,153.0,153.0,153.0,153.0,153.0,153.0,153.0,153.0,153.0,153.0,153.0,153.0,153.0,153.0,153.0,153.0,153
xP_nrIzsH-8,,,,,,,,,,,,,,,,,,,,,,,,,,,,,,,,,,,,,,,,,,,,,,,,,,,,,,,,,,,,,,,,,,,,,,,,,,,,,,,,,,,,,,,,,,,555.0,1112.0,1276.0,1404.0,1487.0,1550.0,1607.0,1656.0,1704.0,1755.0,1790.0,1808.0,1834.0,1854.0,1862.0,1878.0,1891.0,1906.0,1920.0,1947.0,1974.0,1991.0,2003.0,2013.0,2033.0,2058.0,2076.0,2082.0,2103.0,2119.0,2132.0,2136.0,2144.0,2155.0,2165.0,2164.0,2174.0,2182.0,2195.0,2203.0,2227.0,2235.0,2239.0,2248.0,2259.0,2269.0,2271.0,2275.0,2278.0,2282.0,2290.0,2294.0,2297.0,2300.0,2307.0,2314.0,2320.0,2323.0,2331.0,2340.0,2349.0,2357.0,2368.0,2369.0,2374.0,2376.0,2383.0,2384.0,2386.0,2394.0,2396.0,2398.0,2405.0,2400.0,2405.0,2407.0,2408.0,2413.0,2416.0,2426.0,2431.0,2434.0,2434.0,2436.0,2438.0,2440.0,2446.0,2447.0,2448.0,2448.0,2452.0,2454.0,2455.0,2456.0,2456.0,2462.0,2470.0,2475.0,2489.0,2498.0,2503.0,2509.0,2512.0,2515.0,2521.0,2527.0,2527.0,2540.0,2542.0,2544.0,2547.0,2551.0,2555.0,2557.0,2559.0,2560.0,2561.0,2580
5NuJlWcuITs,,,,,,,,,,,,,,,,,,,,,,,,,,,,,,,,,,,,,,,,,,,,,,,,,,,,,,,,,,,,,,,,,,,,,,,,,,,,,,,,,,,,,,,,,,,117.0,151.0,164.0,171.0,171.0,176.0,176.0,178.0,179.0,180.0,181.0,181.0,181.0,181.0,182.0,182.0,182.0,182.0,182.0,182.0,182.0,182.0,182.0,182.0,182.0,183.0,183.0,183.0,184.0,184.0,184.0,184.0,184.0,184.0,184.0,184.0,184.0,184.0,184.0,184.0,184.0,185.0,185.0,185.0,185.0,185.0,185.0,185.0,185.0,185.0,185.0,185.0,185.0,185.0,186.0,186.0,186.0,186.0,186.0,186.0,186.0,186.0,186.0,186.0,186.0,186.0,186.0,186.0,186.0,186.0,186.0,186.0,186.0,186.0,187.0,188.0,188.0,188.0,188.0,188.0,188.0,188.0,188.0,188.0,188.0,188.0,188.0,190.0,190.0,190.0,190.0,190.0,190.0,190.0,191.0,191.0,191.0,191.0,191.0,191.0,192.0,192.0,192.0,192.0,192.0,192.0,192.0,192.0,192.0,192.0,192.0,192.0,192.0,192.0,192.0,192.0,193.0,193
5NuJlWcuITs,,,,,,,,,,,,,,,,,,,,,,,,,,,,,,,,,,,,,,,,,,,,,,,,,,,,,,,,,,,,,,,,,,,,,,,,,,,,,,,,,,,,,,,,,,,117.0,151.0,164.0,171.0,171.0,176.0,176.0,178.0,179.0,180.0,181.0,181.0,181.0,181.0,182.0,182.0,182.0,182.0,182.0,182.0,182.0,182.0,182.0,182.0,182.0,183.0,183.0,183.0,184.0,184.0,184.0,184.0,184.0,184.0,184.0,184.0,184.0,184.0,184.0,184.0,184.0,185.0,185.0,185.0,185.0,185.0,185.0,185.0,185.0,185.0,185.0,185.0,185.0,185.0,186.0,186.0,186.0,186.0,186.0,186.0,186.0,186.0,186.0,186.0,186.0,186.0,186.0,186.0,186.0,186.0,186.0,186.0,186.0,186.0,187.0,188.0,188.0,188.0,188.0,188.0,188.0,188.0,188.0,188.0,188.0,188.0,188.0,190.0,190.0,190.0,190.0,190.0,190.0,190.0,191.0,191.0,191.0,191.0,191.0,191.0,192.0,192.0,192.0,192.0,192.0,192.0,192.0,192.0,192.0,192.0,192.0,192.0,192.0,192.0,192.0,192.0,193.0,193
qotGIY7DZTc,,,,,,,,,,,,,,,,,,,,,,,,,,,,,,,,,,,,,,,,,,,,,,,,,,,,,,,,,,,,,,,,,,,,,,,,,,,,,,,,,,,,,,,,,,,18.0,21.0,23.0,26.0,26.0,26.0,28.0,29.0,29.0,29.0,29.0,29.0,30.0,31.0,32.0,32.0,32.0,33.0,33.0,33.0,33.0,33.0,33.0,33.0,33.0,33.0,33.0,33.0,33.0,33.0,33.0,33.0,33.0,33.0,33.0,33.0,33.0,33.0,33.0,33.0,33.0,33.0,34.0,34.0,34.0,34.0,34.0,34.0,34.0,34.0,34.0,34.0,34.0,34.0,34.0,34.0,34.0,34.0,34.0,34.0,34.0,34.0,34.0,34.0,34.0,34.0,34.0,34.0,34.0,34.0,34.0,33.0,33.0,33.0,33.0,33.0,33.0,33.0,33.0,33.0,33.0,33.0,33.0,33.0,33.0,33.0,33.0,33.0,33.0,33.0,33.0,33.0,33.0,33.0,33.0,33.0,33.0,33.0,33.0,33.0,33.0,33.0,33.0,33.0,33.0,33.0,33.0,33.0,33.0,33.0,33.0,33.0,33.0,33.0,33.0,33.0,33.0,33
n5k0_F9iJJo,,,,,,,,,,,,,,,,,,,,,,,,,,,,,,,,,,,,,,,,,,,,,,,,,,,,,,,,,,,,,,,,,,,,,,,,,,,,,,,,,,,,,,,,,,,897.0,941.0,962.0,971.0,981.0,991.0,1003.0,1010.0,1014.0,1015.0,1022.0,1024.0,1028.0,1029.0,1029.0,1031.0,1032.0,1034.0,1038.0,1039.0,1040.0,1041.0,1043.0,1043.0,1044.0,1042.0,1043.0,1044.0,1046.0,1045.0,1046.0,1048.0,1048.0,1049.0,1050.0,1050.0,1050.0,1050.0,1050.0,1050.0,1050.0,1051.0,1051.0,1051.0,1052.0,1052.0,1052.0,1052.0,1052.0,1052.0,1052.0,1052.0,1054.0,1055.0,1054.0,1054.0,1054.0,1054.0,1053.0,1054.0,1054.0,1054.0,1054.0,1056.0,1056.0,1056.0,1057.0,1057.0,1057.0,1058.0,1058.0,1058.0,1058.0,1058.0,1058.0,1058.0,1058.0,1060.0,1061.0,1062.0,1062.0,1062.0,1062.0,1062.0,1062.0,1064.0,1064.0,1065.0,1067.0,1067.0,1068.0,1069.0,1069.0,1069.0,1069.0,1069.0,1069.0,1069.0,1069.0,1069.0,1069.0,1069.0,1069.0,1070.0,1070.0,1070.0,1071.0,1071.0,1071.0,1071.0,1071.0,1071.0,1072.0,1072.0,1072.0,1073.0,1073.0,1073
giRRt-26SYI,,,,,,,,,,,,,,,,,,,,,,,,,,,,,,,,,,,,,,,,,,,,,,,,,,,,,,,,,,,,,,,,,,,,,,,,,,,,,,,,,,,,,,,,,,,90.0,95.0,98.0,98.0,99.0,99.0,102.0,103.0,103.0,105.0,105.0,105.0,105.0,105.0,105.0,105.0,105.0,105.0,105.0,105.0,105.0,105.0,105.0,105.0,105.0,105.0,105.0,105.0,105.0,105.0,105.0,105.0,105.0,105.0,105.0,105.0,105.0,105.0,105.0,105.0,105.0,105.0,105.0,105.0,105.0,105.0,105.0,105.0,105.0,105.0,105.0,105.0,105.0,105.0,105.0,105.0,105.0,105.0,105.0,105.0,105.0,105.0,105.0,105.0,105.0,105.0,105.0,105.0,105.0,105.0,105.0,105.0,105.0,105.0,105.0,105.0,105.0,105.0,105.0,105.0,105.0,105.0,105.0,105.0,105.0,105.0,105.0,105.0,105.0,105.0,105.0,105.0,105.0,105.0,105.0,105.0,105.0,105.0,105.0,105.0,105.0,105.0,105.0,105.0,105.0,105.0,105.0,105.0,105.0,105.0,105.0,105.0,105.0,105.0,105.0,105.0,105.0,105
2EFwncas9Z4,,,,,,,,,,,,,,,,,,,,,,,,,,,,,,,,,,,,,,,,,,,,,,,,,,,,,,,,,,,,,,,,,,,,,,,,,,,,,,,,,,,,,,,,,,,,1542.0,2623.0,3109.0,3383.0,3624.0,3890.0,4095.0,4261.0,4350.0,4419.0,4484.0,4538.0,4586.0,4637.0,4689.0,4737.0,4781.0,4802.0,4823.0,4848.0,4862.0,4880.0,4893.0,4904.0,4910.0,4919.0,4928.0,4937.0,4947.0,4959.0,4973.0,4983.0,4992.0,5003.0,5008.0,5021.0,5055.0,5061.0,5076.0,5094.0,5124.0,5150.0,5176.0,5197.0,5217.0,5222.0,5232.0,5243.0,5247.0,5269.0,5275.0,5280.0,5284.0,5282.0,5287.0,5300.0,5304.0,5308.0,5316.0,5319.0,5325.0,5328.0,5334.0,5335.0,5338.0,5344.0,5346.0,5348.0,5355.0,5361.0,5364.0,5369.0,5372.0,5376.0,5377.0,5381.0,5383.0,5385.0,5387.0,5388.0,5390.0,5392.0,5393.0,5394.0,5395.0,5396.0,5399.0,5400.0,5402.0,5404.0,5406.0,5411.0,5415.0,5417.0,5417.0,5418.0,5429.0,5436.0,5440.0,5443.0,5445.0,5447.0,5451.0,5452.0,5451.0,5455.0,5461.0,5463.0,5463.0,5467.0,5470.0,5473.0,5478.0,5480.0,5481.0,5482.0,5483
V_GcryUV3Io,,,,,,,,,,,,,,,,,,,,,,,,,,,,,,,,,,,,,,,,,,,,,,,,,,,,,,,,,,,,,,,,,,,,,,,,,,,,,,,,,,,,,,,,,,,,250.0,328.0,356.0,382.0,404.0,419.0,442.0,459.0,481.0,503.0,510.0,518.0,534.0,550.0,562.0,567.0,576.0,584.0,595.0,606.0,608.0,611.0,623.0,631.0,636.0,643.0,650.0,657.0,664.0,664.0,673.0,677.0,679.0,680.0,685.0,688.0,692.0,695.0,698.0,706.0,713.0,714.0,723.0,726.0,728.0,729.0,732.0,736.0,737.0,741.0,745.0,746.0,746.0,748.0,749.0,750.0,752.0,754.0,756.0,758.0,758.0,757.0,764.0,763.0,764.0,764.0,767.0,769.0,771.0,773.0,774.0,775.0,775.0,775.0,776.0,776.0,776.0,777.0,778.0,777.0,778.0,778.0,780.0,780.0,780.0,780.0,782.0,782.0,784.0,787.0,789.0,790.0,791.0,791.0,791.0,791.0,791.0,791.0,792.0,792.0,794.0,795.0,795.0,796.0,796.0,796.0,797.0,797.0,797.0,797.0,797.0,797.0,798.0,798.0,798.0,798.0,802
QJwZyyQwIpU,,,,,,,,,,,,,,,,,,,,,,,,,,,,,,,,,,,,,,,,,,,,,,,,,,,,,,,,,,,,,,,,,,,,,,,,,,,,,,,,,,,,,,,,,,,,0.0,0.0,0.0,0.0,0.0,0.0,0.0,0.0,0.0,0.0,0.0,0.0,0.0,0.0,0.0,0.0,0.0,0.0,0.0,0.0,0.0,0.0,0.0,0.0,0.0,0.0,0.0,0.0,0.0,0.0,0.0,0.0,0.0,0.0,0.0,0.0,0.0,0.0,0.0,0.0,0.0,0.0,0.0,0.0,0.0,0.0,0.0,0.0,0.0,0.0,0.0,0.0,0.0,0.0,0.0,0.0,0.0,0.0,0.0,0.0,0.0,0.0,0.0,0.0,0.0,0.0,0.0,0.0,0.0,0.0,0.0,0.0,0.0,0.0,0.0,0.0,0.0,0.0,0.0,0.0,0.0,0.0,0.0,0.0,0.0,0.0,0.0,0.0,0.0,0.0,0.0,0.0,0.0,0.0,0.0,0.0,0.0,0.0,0.0,0.0,0.0,0.0,0.0,0.0,0.0,0.0,0.0,0.0,0.0,0.0,0.0,0.0,0.0,0.0,0.0,0.0,0
uwJWPrqe5EM,,,,,,,,,,,,,,,,,,,,,,,,,,,,,,,,,,,,,,,,,,,,,,,,,,,,,,,,,,,,,,,,,,,,,,,,,,,,,,,,,,,,,,,,,,,,251.0,336.0,368.0,385.0,411.0,437.0,453.0,464.0,470.0,476.0,482.0,484.0,486.0,492.0,494.0,495.0,500.0,503.0,503.0,504.0,503.0,503.0,502.0,503.0,499.0,499.0,502.0,504.0,504.0,503.0,503.0,504.0,504.0,504.0,504.0,504.0,505.0,505.0,505.0,505.0,505.0,503.0,504.0,504.0,504.0,504.0,504.0,504.0,504.0,504.0,506.0,506.0,507.0,507.0,507.0,509.0,510.0,511.0,511.0,512.0,514.0,514.0,514.0,514.0,514.0,513.0,514.0,514.0,514.0,514.0,514.0,514.0,514.0,514.0,515.0,515.0,515.0,515.0,515.0,515.0,516.0,516.0,516.0,518.0,518.0,518.0,518.0,518.0,518.0,518.0,517.0,518.0,518.0,519.0,519.0,518.0,518.0,518.0,518.0,518.0,517.0,517.0,517.0,517.0,517.0,517.0,517.0,517.0,517.0,517.0,517.0,516.0,516.0,516.0,516.0,517.0,517
z6qyEfH2D-o,,,,,,,,,,,,,,,,,,,,,,,,,,,,,,,,,,,,,,,,,,,,,,,,,,,,,,,,,,,,,,,,,,,,,,,,,,,,,,,,,,,,,,,,,,,,0.0,0.0,0.0,0.0,0.0,0.0,0.0,0.0,0.0,0.0,0.0,0.0,15.0,25.0,30.0,33.0,46.0,50.0,55.0,60.0,63.0,63.0,68.0,69.0,71.0,75.0,77.0,78.0,78.0,79.0,81.0,82.0,83.0,83.0,86.0,89.0,91.0,91.0,91.0,94.0,95.0,98.0,98.0,99.0,101.0,103.0,104.0,104.0,104.0,105.0,105.0,106.0,108.0,109.0,110.0,112.0,113.0,113.0,116.0,117.0,117.0,117.0,117.0,118.0,119.0,119.0,121.0,121.0,124.0,126.0,126.0,128.0,129.0,130.0,131.0,132.0,133.0,134.0,134.0,134.0,134.0,135.0,137.0,138.0,138.0,139.0,138.0,138.0,138.0,138.0,138.0,138.0,139.0,139.0,139.0,141.0,141.0,141.0,141.0,141.0,141.0,141.0,142.0,142.0,142.0,142.0,143.0,143.0,144.0,144.0,144.0,144.0,145.0,145.0,145.0,147.0,147
S1bfg8s4OV8,,,,,,,,,,,,,,,,,,,,,,,,,,,,,,,,,,,,,,,,,,,,,,,,,,,,,,,,,,,,,,,,,,,,,,,,,,,,,,,,,,,,,,,,,,,,924.0,1082.0,1135.0,1157.0,1176.0,1194.0,1207.0,1211.0,1218.0,1227.0,1231.0,1230.0,1226.0,1232.0,1232.0,1236.0,1248.0,1252.0,1254.0,1255.0,1256.0,1256.0,1257.0,1262.0,1263.0,1264.0,1264.0,1265.0,1266.0,1263.0,1263.0,1265.0,1265.0,1265.0,1264.0,1263.0,1265.0,1265.0,1266.0,1271.0,1273.0,1272.0,1272.0,1272.0,1272.0,1272.0,1273.0,1275.0,1276.0,1276.0,1276.0,1276.0,1277.0,1278.0,1278.0,1279.0,1279.0,1279.0,1278.0,1278.0,1278.0,1277.0,1277.0,1277.0,1278.0,1278.0,1280.0,1280.0,1280.0,1280.0,1280.0,1280.0,1280.0,1280.0,1278.0,1278.0,1278.0,1279.0,1279.0,1280.0,1280.0,1279.0,1280.0,1280.0,1279.0,1279.0,1279.0,1279.0,1279.0,1279.0,1279.0,1279.0,1279.0,1279.0,1280.0,1280.0,1280.0,1280.0,1280.0,1280.0,1280.0,1278.0,1278.0,1278.0,1229.0,1229.0,1229.0,1229.0,1229.0,1229.0,1227.0,1226.0,1226.0,1226.0,1226.0,1226.0,1226
kcpmKTnAHFM,,,,,,,,,,,,,,,,,,,,,,,,,,,,,,,,,,,,,,,,,,,,,,,,,,,,,,,,,,,,,,,,,,,,,,,,,,,,,,,,,,,,,,,,,,,,135.0,138.0,140.0,143.0,143.0,144.0,144.0,144.0,146.0,146.0,151.0,152.0,154.0,155.0,155.0,155.0,155.0,157.0,157.0,158.0,158.0,160.0,161.0,161.0,162.0,164.0,164.0,164.0,164.0,164.0,165.0,166.0,167.0,167.0,167.0,169.0,170.0,172.0,173.0,174.0,176.0,176.0,177.0,177.0,178.0,178.0,178.0,178.0,178.0,178.0,178.0,178.0,179.0,179.0,179.0,180.0,180.0,180.0,180.0,180.0,180.0,180.0,180.0,180.0,180.0,180.0,180.0,180.0,180.0,180.0,180.0,180.0,180.0,180.0,180.0,180.0,180.0,180.0,180.0,180.0,180.0,180.0,180.0,180.0,180.0,180.0,180.0,180.0,180.0,180.0,180.0,181.0,181.0,181.0,181.0,181.0,182.0,182.0,182.0,182.0,182.0,182.0,182.0,182.0,182.0,182.0,182.0,182.0,183.0,183.0,183.0,183.0,183.0,183.0,183.0,183.0,183
pDL_MH2DsEY,,,,,,,,,,,,,,,,,,,,,,,,,,,,,,,,,,,,,,,,,,,,,,,,,,,,,,,,,,,,,,,,,,,,,,,,,,,,,,,,,,,,,,,,,,,,0.0,0.0,0.0,0.0,0.0,0.0,0.0,0.0,0.0,0.0,0.0,0.0,0.0,0.0,0.0,0.0,0.0,0.0,0.0,0.0,0.0,0.0,0.0,0.0,0.0,0.0,0.0,0.0,0.0,0.0,0.0,0.0,0.0,0.0,0.0,0.0,0.0,0.0,0.0,0.0,0.0,0.0,0.0,0.0,0.0,0.0,0.0,0.0,0.0,0.0,0.0,0.0,0.0,0.0,0.0,0.0,0.0,0.0,0.0,0.0,0.0,0.0,0.0,0.0,0.0,0.0,0.0,0.0,0.0,0.0,0.0,0.0,0.0,0.0,0.0,0.0,0.0,0.0,0.0,0.0,0.0,0.0,0.0,0.0,0.0,0.0,0.0,0.0,0.0,0.0,0.0,0.0,0.0,0.0,0.0,0.0,0.0,0.0,0.0,0.0,0.0,0.0,0.0,0.0,0.0,0.0,0.0,0.0,0.0,0.0,0.0,0.0,0.0,0.0,0.0,0.0,0
bIlVqNb8mYs,,,,,,,,,,,,,,,,,,,,,,,,,,,,,,,,,,,,,,,,,,,,,,,,,,,,,,,,,,,,,,,,,,,,,,,,,,,,,,,,,,,,,,,,,,,,147.0,147.0,148.0,150.0,150.0,151.0,152.0,152.0,153.0,153.0,156.0,156.0,156.0,156.0,156.0,156.0,155.0,155.0,155.0,155.0,155.0,158.0,158.0,158.0,158.0,159.0,159.0,159.0,159.0,159.0,159.0,160.0,160.0,160.0,160.0,161.0,163.0,164.0,165.0,166.0,168.0,169.0,169.0,169.0,171.0,171.0,171.0,171.0,171.0,171.0,171.0,171.0,171.0,171.0,171.0,171.0,171.0,171.0,171.0,171.0,172.0,172.0,171.0,171.0,171.0,171.0,171.0,172.0,172.0,172.0,172.0,172.0,172.0,172.0,172.0,172.0,172.0,172.0,172.0,172.0,172.0,172.0,172.0,172.0,173.0,173.0,173.0,173.0,173.0,173.0,173.0,173.0,173.0,173.0,173.0,173.0,174.0,174.0,174.0,174.0,174.0,174.0,174.0,174.0,174.0,174.0,174.0,174.0,174.0,174.0,174.0,175.0,175.0,175.0,175.0,175.0,175
iSXjamHaMH8,,,,,,,,,,,,,,,,,,,,,,,,,,,,,,,,,,,,,,,,,,,,,,,,,,,,,,,,,,,,,,,,,,,,,,,,,,,,,,,,,,,,,,,,,,,,111.0,111.0,111.0,110.0,110.0,110.0,110.0,111.0,112.0,113.0,115.0,115.0,117.0,117.0,117.0,117.0,117.0,118.0,118.0,119.0,119.0,120.0,121.0,121.0,121.0,121.0,121.0,121.0,121.0,121.0,121.0,121.0,121.0,121.0,122.0,122.0,122.0,123.0,123.0,123.0,124.0,124.0,124.0,124.0,124.0,124.0,124.0,124.0,124.0,124.0,124.0,124.0,124.0,124.0,125.0,125.0,125.0,125.0,125.0,125.0,125.0,125.0,124.0,125.0,125.0,125.0,125.0,125.0,125.0,125.0,125.0,125.0,125.0,125.0,125.0,125.0,125.0,125.0,125.0,125.0,125.0,125.0,125.0,125.0,125.0,125.0,125.0,125.0,125.0,125.0,125.0,125.0,125.0,125.0,125.0,125.0,125.0,125.0,125.0,125.0,125.0,125.0,125.0,125.0,125.0,125.0,125.0,125.0,126.0,126.0,126.0,126.0,126.0,126.0,126.0,126.0,126
2qU19-8hk0g,,,,,,,,,,,,,,,,,,,,,,,,,,,,,,,,,,,,,,,,,,,,,,,,,,,,,,,,,,,,,,,,,,,,,,,,,,,,,,,,,,,,,,,,,,,,242.0,256.0,281.0,288.0,297.0,301.0,305.0,308.0,325.0,333.0,337.0,339.0,341.0,343.0,351.0,363.0,369.0,376.0,376.0,378.0,382.0,393.0,398.0,404.0,408.0,408.0,412.0,415.0,424.0,427.0,422.0,422.0,422.0,424.0,424.0,424.0,426.0,428.0,429.0,433.0,435.0,436.0,436.0,439.0,444.0,445.0,446.0,448.0,459.0,458.0,460.0,464.0,466.0,466.0,467.0,466.0,465.0,466.0,465.0,466.0,468.0,469.0,468.0,468.0,467.0,468.0,468.0,468.0,468.0,468.0,469.0,468.0,468.0,470.0,470.0,470.0,470.0,470.0,470.0,470.0,471.0,471.0,471.0,471.0,470.0,472.0,473.0,473.0,472.0,472.0,472.0,472.0,472.0,472.0,472.0,474.0,474.0,474.0,475.0,475.0,475.0,475.0,475.0,476.0,476.0,476.0,478.0,479.0,479.0,478.0,478.0,478.0,478.0,478.0,478.0,478.0,478
HRtza6h12yU,,,,,,,,,,,,,,,,,,,,,,,,,,,,,,,,,,,,,,,,,,,,,,,,,,,,,,,,,,,,,,,,,,,,,,,,,,,,,,,,,,,,,,,,,,,,52.0,52.0,52.0,53.0,53.0,54.0,55.0,55.0,55.0,55.0,55.0,55.0,55.0,55.0,55.0,57.0,57.0,55.0,55.0,55.0,56.0,56.0,56.0,56.0,56.0,56.0,56.0,56.0,56.0,56.0,56.0,56.0,56.0,56.0,56.0,56.0,56.0,56.0,56.0,56.0,56.0,56.0,56.0,56.0,56.0,56.0,56.0,56.0,56.0,56.0,56.0,56.0,56.0,56.0,57.0,57.0,57.0,57.0,57.0,57.0,57.0,57.0,57.0,57.0,57.0,58.0,58.0,58.0,58.0,58.0,58.0,58.0,58.0,58.0,58.0,58.0,58.0,58.0,59.0,59.0,60.0,60.0,60.0,60.0,60.0,60.0,60.0,60.0,60.0,60.0,60.0,60.0,60.0,60.0,60.0,60.0,60.0,60.0,60.0,60.0,60.0,60.0,60.0,60.0,60.0,60.0,60.0,60.0,60.0,60.0,60.0,60.0,60.0,60.0,60.0,60.0,60
qrzKsS-4lZo,,,,,,,,,,,,,,,,,,,,,,,,,,,,,,,,,,,,,,,,,,,,,,,,,,,,,,,,,,,,,,,,,,,,,,,,,,,,,,,,,,,,,,,,,,,,806.0,837.0,905.0,970.0,1009.0,1028.0,1050.0,1069.0,1082.0,1094.0,1105.0,1108.0,1110.0,1112.0,1120.0,1140.0,1145.0,1152.0,1153.0,1157.0,1217.0,1240.0,1245.0,1247.0,1249.0,1250.0,1254.0,1255.0,1255.0,1256.0,1257.0,1258.0,1275.0,1289.0,1295.0,1301.0,1302.0,1305.0,1307.0,1308.0,1308.0,1309.0,1309.0,1311.0,1311.0,1312.0,1312.0,1312.0,1315.0,1315.0,1317.0,1319.0,1319.0,1322.0,1324.0,1325.0,1325.0,1324.0,1326.0,1327.0,1327.0,1304.0,1304.0,1304.0,1304.0,1307.0,1308.0,1310.0,1310.0,1308.0,1310.0,1310.0,1312.0,1312.0,1313.0,1314.0,1314.0,1312.0,1314.0,1316.0,1316.0,1316.0,1314.0,1314.0,1314.0,1314.0,1314.0,1314.0,1317.0,1317.0,1317.0,1319.0,1320.0,1319.0,1319.0,1320.0,1319.0,1319.0,1318.0,1316.0,1317.0,1316.0,1315.0,1315.0,1313.0,1313.0,1312.0,1313.0,1314.0,1314.0,1314.0,1313.0,1313.0,1314.0,1313.0,1313.0,1313
npuDCtzhF1k,,,,,,,,,,,,,,,,,,,,,,,,,,,,,,,,,,,,,,,,,,,,,,,,,,,,,,,,,,,,,,,,,,,,,,,,,,,,,,,,,,,,,,,,,,,,0.0,0.0,0.0,0.0,0.0,0.0,0.0,0.0,0.0,0.0,0.0,0.0,0.0,0.0,0.0,0.0,0.0,0.0,0.0,0.0,0.0,0.0,0.0,0.0,0.0,0.0,0.0,0.0,0.0,0.0,0.0,0.0,0.0,0.0,0.0,0.0,0.0,0.0,0.0,0.0,0.0,0.0,0.0,0.0,0.0,0.0,0.0,0.0,0.0,0.0,0.0,0.0,0.0,0.0,0.0,0.0,0.0,0.0,0.0,0.0,0.0,0.0,0.0,0.0,0.0,0.0,0.0,0.0,0.0,0.0,0.0,0.0,0.0,0.0,0.0,0.0,0.0,0.0,0.0,0.0,0.0,0.0,0.0,0.0,0.0,0.0,0.0,0.0,0.0,0.0,0.0,0.0,0.0,0.0,0.0,0.0,0.0,0.0,0.0,0.0,0.0,0.0,0.0,0.0,0.0,0.0,0.0,0.0,0.0,0.0,0.0,0.0,0.0,0.0,0.0,0.0,0
vBifhZtfELE,,,,,,,,,,,,,,,,,,,,,,,,,,,,,,,,,,,,,,,,,,,,,,,,,,,,,,,,,,,,,,,,,,,,,,,,,,,,,,,,,,,,,,,,,,,,3.0,4.0,4.0,4.0,4.0,4.0,4.0,4.0,4.0,4.0,4.0,4.0,4.0,4.0,4.0,4.0,4.0,4.0,4.0,4.0,4.0,4.0,4.0,4.0,4.0,4.0,4.0,4.0,4.0,4.0,4.0,4.0,4.0,4.0,4.0,4.0,4.0,4.0,4.0,4.0,4.0,4.0,4.0,4.0,4.0,4.0,4.0,4.0,4.0,4.0,4.0,4.0,4.0,4.0,4.0,4.0,4.0,4.0,4.0,4.0,4.0,4.0,4.0,4.0,4.0,4.0,4.0,4.0,4.0,4.0,4.0,4.0,4.0,4.0,4.0,4.0,4.0,4.0,4.0,4.0,4.0,4.0,4.0,4.0,4.0,4.0,4.0,4.0,4.0,4.0,4.0,4.0,4.0,4.0,4.0,4.0,4.0,4.0,4.0,4.0,4.0,4.0,4.0,4.0,4.0,4.0,4.0,4.0,4.0,4.0,4.0,4.0,4.0,4.0,4.0,4.0,4
ZB-tSt_8M7M,,,,,,,,,,,,,,,,,,,,,,,,,,,,,,,,,,,,,,,,,,,,,,,,,,,,,,,,,,,,,,,,,,,,,,,,,,,,,,,,,,,,,,,,,,,,210.0,235.0,250.0,257.0,266.0,271.0,278.0,283.0,286.0,289.0,289.0,290.0,291.0,290.0,291.0,294.0,294.0,294.0,294.0,296.0,296.0,297.0,299.0,298.0,298.0,299.0,299.0,299.0,299.0,299.0,299.0,299.0,300.0,300.0,300.0,300.0,300.0,301.0,301.0,301.0,301.0,301.0,301.0,301.0,301.0,298.0,298.0,298.0,297.0,297.0,297.0,297.0,297.0,297.0,298.0,298.0,298.0,299.0,299.0,298.0,298.0,299.0,299.0,299.0,299.0,299.0,299.0,299.0,299.0,299.0,299.0,299.0,299.0,299.0,299.0,299.0,299.0,299.0,299.0,300.0,300.0,300.0,300.0,300.0,0.0,300.0,300.0,300.0,300.0,301.0,301.0,301.0,301.0,301.0,301.0,301.0,301.0,301.0,302.0,302.0,302.0,302.0,302.0,302.0,302.0,302.0,302.0,302.0,302.0,302.0,302.0,302.0,302.0,302.0,302.0,302.0,302
fxCe-dQZtIc,,,,,,,,,,,,,,,,,,,,,,,,,,,,,,,,,,,,,,,,,,,,,,,,,,,,,,,,,,,,,,,,,,,,,,,,,,,,,,,,,,,,,,,,,,,,22.0,32.0,36.0,37.0,39.0,39.0,41.0,41.0,41.0,42.0,42.0,43.0,43.0,44.0,44.0,44.0,44.0,44.0,44.0,44.0,44.0,44.0,44.0,44.0,44.0,44.0,44.0,44.0,44.0,44.0,43.0,43.0,43.0,43.0,44.0,44.0,44.0,44.0,44.0,44.0,44.0,44.0,44.0,44.0,44.0,44.0,44.0,44.0,44.0,44.0,44.0,44.0,44.0,44.0,44.0,44.0,44.0,44.0,44.0,44.0,44.0,44.0,44.0,44.0,44.0,44.0,44.0,44.0,44.0,44.0,45.0,46.0,46.0,46.0,46.0,46.0,46.0,46.0,46.0,46.0,46.0,46.0,46.0,46.0,46.0,46.0,46.0,47.0,47.0,47.0,47.0,47.0,47.0,47.0,47.0,47.0,47.0,47.0,47.0,47.0,47.0,47.0,47.0,47.0,47.0,47.0,47.0,47.0,47.0,47.0,47.0,47.0,47.0,47.0,47.0,47.0,47
HJYm0RlFnXE,,,,,,,,,,,,,,,,,,,,,,,,,,,,,,,,,,,,,,,,,,,,,,,,,,,,,,,,,,,,,,,,,,,,,,,,,,,,,,,,,,,,,,,,,,,,23.0,95.0,138.0,169.0,216.0,237.0,251.0,260.0,267.0,280.0,281.0,283.0,285.0,286.0,287.0,287.0,287.0,289.0,289.0,290.0,291.0,293.0,294.0,296.0,296.0,296.0,296.0,297.0,297.0,297.0,298.0,298.0,298.0,298.0,298.0,298.0,298.0,298.0,298.0,299.0,299.0,301.0,303.0,304.0,304.0,304.0,304.0,305.0,305.0,305.0,305.0,305.0,306.0,305.0,305.0,304.0,304.0,304.0,304.0,304.0,304.0,304.0,304.0,305.0,305.0,305.0,305.0,305.0,306.0,306.0,306.0,306.0,306.0,306.0,306.0,306.0,307.0,307.0,307.0,307.0,307.0,307.0,307.0,307.0,307.0,307.0,307.0,307.0,307.0,307.0,307.0,307.0,308.0,308.0,308.0,308.0,308.0,308.0,308.0,308.0,308.0,308.0,308.0,308.0,308.0,308.0,310.0,310.0,310.0,310.0,310.0,310.0,310.0,310.0,310.0,310.0,311
P8lUsa619bc,,,,,,,,,,,,,,,,,,,,,,,,,,,,,,,,,,,,,,,,,,,,,,,,,,,,,,,,,,,,,,,,,,,,,,,,,,,,,,,,,,,,,,,,,,,,0.0,0.0,0.0,0.0,0.0,0.0,0.0,0.0,0.0,0.0,0.0,0.0,0.0,0.0,0.0,0.0,0.0,0.0,0.0,0.0,0.0,0.0,0.0,0.0,0.0,0.0,0.0,0.0,0.0,0.0,0.0,0.0,0.0,0.0,0.0,0.0,0.0,0.0,0.0,0.0,0.0,0.0,0.0,0.0,0.0,0.0,0.0,0.0,0.0,0.0,0.0,0.0,0.0,0.0,0.0,0.0,0.0,0.0,0.0,0.0,0.0,0.0,0.0,0.0,0.0,0.0,0.0,0.0,0.0,0.0,0.0,0.0,0.0,0.0,0.0,0.0,0.0,0.0,0.0,0.0,0.0,0.0,0.0,0.0,0.0,0.0,0.0,0.0,0.0,0.0,0.0,0.0,0.0,0.0,0.0,0.0,0.0,0.0,0.0,0.0,0.0,0.0,0.0,0.0,0.0,0.0,0.0,0.0,0.0,0.0,0.0,0.0,0.0,0.0,0.0,0.0,0
Cp3ejSQk7tg,,,,,,,,,,,,,,,,,,,,,,,,,,,,,,,,,,,,,,,,,,,,,,,,,,,,,,,,,,,,,,,,,,,,,,,,,,,,,,,,,,,,,,,,,,,,,391.0,689.0,854.0,963.0,1067.0,1159.0,1219.0,1260.0,1299.0,1331.0,1375.0,1404.0,1420.0,1439.0,1457.0,1463.0,1476.0,1479.0,1487.0,1490.0,1494.0,1497.0,1501.0,1504.0,1505.0,1509.0,1509.0,1514.0,1515.0,1512.0,1516.0,1517.0,1518.0,1518.0,1519.0,1520.0,1523.0,1524.0,1524.0,1525.0,1527.0,1528.0,1529.0,1530.0,1531.0,1532.0,1532.0,1533.0,1534.0,1534.0,1534.0,1534.0,1536.0,1540.0,1542.0,1541.0,1543.0,1549.0,1550.0,1553.0,1554.0,1557.0,1559.0,1560.0,1561.0,1563.0,1563.0,1563.0,1564.0,1564.0,1564.0,1565.0,1565.0,1565.0,1576.0,1581.0,1582.0,1583.0,1584.0,1584.0,1583.0,1584.0,1584.0,1584.0,1584.0,1583.0,1583.0,1583.0,1583.0,1584.0,1584.0,1584.0,1584.0,1589.0,1594.0,1594.0,1595.0,1595.0,1595.0,1595.0,1595.0,1596.0,1597.0,1598.0,1598.0,1598.0,1598.0,1598.0,1602.0,1603.0,1604.0,1604.0,1604.0,1605.0,1605.0,1605
UOfJCZDqQb0,,,,,,,,,,,,,,,,,,,,,,,,,,,,,,,,,,,,,,,,,,,,,,,,,,,,,,,,,,,,,,,,,,,,,,,,,,,,,,,,,,,,,,,,,,,,,521.0,541.0,552.0,575.0,599.0,616.0,652.0,682.0,690.0,700.0,708.0,713.0,718.0,719.0,724.0,725.0,726.0,731.0,732.0,732.0,737.0,738.0,739.0,740.0,743.0,744.0,746.0,748.0,748.0,746.0,748.0,748.0,748.0,748.0,748.0,748.0,748.0,747.0,747.0,748.0,748.0,748.0,748.0,747.0,747.0,747.0,747.0,747.0,748.0,748.0,748.0,748.0,748.0,748.0,748.0,748.0,751.0,750.0,750.0,750.0,750.0,750.0,750.0,750.0,750.0,750.0,750.0,751.0,750.0,750.0,750.0,750.0,751.0,751.0,749.0,749.0,749.0,751.0,755.0,755.0,755.0,755.0,755.0,755.0,755.0,756.0,756.0,756.0,757.0,757.0,757.0,760.0,760.0,760.0,760.0,760.0,760.0,761.0,761.0,761.0,761.0,761.0,762.0,762.0,761.0,760.0,760.0,760.0,760.0,758.0,758.0,758.0,757.0,757.0,758.0,759
Kx6-6lLEc6U,,,,,,,,,,,,,,,,,,,,,,,,,,,,,,,,,,,,,,,,,,,,,,,,,,,,,,,,,,,,,,,,,,,,,,,,,,,,,,,,,,,,,,,,,,,,,322.0,330.0,336.0,347.0,358.0,372.0,386.0,397.0,408.0,415.0,420.0,423.0,451.0,476.0,502.0,510.0,520.0,524.0,530.0,532.0,535.0,531.0,533.0,535.0,535.0,535.0,538.0,538.0,539.0,540.0,540.0,542.0,543.0,545.0,545.0,545.0,545.0,545.0,545.0,545.0,545.0,545.0,544.0,543.0,543.0,543.0,543.0,541.0,541.0,542.0,541.0,541.0,541.0,542.0,542.0,542.0,542.0,542.0,541.0,541.0,544.0,543.0,543.0,543.0,543.0,543.0,543.0,543.0,543.0,544.0,544.0,544.0,544.0,545.0,545.0,545.0,545.0,544.0,543.0,547.0,547.0,547.0,547.0,547.0,546.0,546.0,545.0,545.0,545.0,545.0,545.0,545.0,544.0,544.0,544.0,544.0,544.0,544.0,544.0,544.0,544.0,544.0,544.0,545.0,545.0,545.0,545.0,545.0,545.0,545.0,545.0,545.0,545.0,545.0,545.0,545
ygYPwsjyCzQ,,,,,,,,,,,,,,,,,,,,,,,,,,,,,,,,,,,,,,,,,,,,,,,,,,,,,,,,,,,,,,,,,,,,,,,,,,,,,,,,,,,,,,,,,,,,,,,6538.0,11139.0,13441.0,14866.0,16236.0,17053.0,17940.0,18646.0,19168.0,19500.0,19896.0,20083.0,20321.0,20551.0,20705.0,20823.0,20922.0,21010.0,21064.0,21158.0,21269.0,21369.0,21471.0,21562.0,21650.0,21697.0,21759.0,21815.0,21883.0,21962.0,22037.0,22104.0,22160.0,22200.0,22246.0,22283.0,22319.0,22348.0,22388.0,22425.0,22459.0,22500.0,22546.0,22582.0,22605.0,22652.0,22693.0,22742.0,22779.0,22808.0,22837.0,22870.0,22926.0,23017.0,23048.0,23074.0,23121.0,23154.0,23173.0,23190.0,23220.0,23247.0,23288.0,23332.0,23343.0,23363.0,23426.0,23453.0,23466.0,23482.0,23497.0,23514.0,23533.0,23549.0,23560.0,23588.0,23622.0,23646.0,23654.0,23673.0,23684.0,23704.0,23715.0,23735.0,23758.0,23787.0,23804.0,23790.0,23802.0,23813.0,23828.0,23845.0,23858.0,23872.0,23883.0,23894.0,23910.0,23927.0,23944.0,23967.0,23989.0,24005.0,24010.0,24026.0,24039.0,24058.0,24072.0,24096.0,24112.0,24122.0,24126.0,24144.0,24160.0,24152
uflGpiktsHU,,,,,,,,,,,,,,,,,,,,,,,,,,,,,,,,,,,,,,,,,,,,,,,,,,,,,,,,,,,,,,,,,,,,,,,,,,,,,,,,,,,,,,,,,,,,,,,88.0,97.0,102.0,106.0,107.0,110.0,110.0,110.0,110.0,110.0,109.0,109.0,109.0,109.0,109.0,109.0,109.0,109.0,109.0,109.0,109.0,109.0,109.0,109.0,109.0,109.0,109.0,109.0,109.0,109.0,109.0,109.0,109.0,109.0,109.0,109.0,109.0,109.0,109.0,109.0,109.0,109.0,109.0,109.0,109.0,109.0,109.0,109.0,109.0,109.0,109.0,109.0,109.0,109.0,109.0,109.0,109.0,109.0,109.0,109.0,109.0,109.0,109.0,109.0,109.0,109.0,109.0,109.0,109.0,109.0,109.0,109.0,109.0,109.0,109.0,109.0,109.0,109.0,109.0,109.0,109.0,109.0,109.0,109.0,109.0,109.0,109.0,109.0,109.0,109.0,109.0,109.0,109.0,109.0,109.0,109.0,109.0,109.0,109.0,109.0,109.0,109.0,109.0,109.0,109.0,109.0,109.0,109.0,109.0,109.0,109.0,109.0,109.0,109
OZ44P4JU87E,,,,,,,,,,,,,,,,,,,,,,,,,,,,,,,,,,,,,,,,,,,,,,,,,,,,,,,,,,,,,,,,,,,,,,,,,,,,,,,,,,,,,,,,,,,,,,,192.0,934.0,1136.0,1251.0,1322.0,1387.0,1435.0,1479.0,1511.0,1540.0,1558.0,1570.0,1579.0,1584.0,1596.0,1608.0,1617.0,1622.0,1625.0,1625.0,1631.0,1635.0,1640.0,1649.0,1652.0,1660.0,1663.0,1664.0,1668.0,1675.0,1679.0,1689.0,1689.0,1693.0,1694.0,1695.0,1695.0,1698.0,1698.0,1701.0,1704.0,1709.0,1710.0,1714.0,1716.0,1717.0,1719.0,1720.0,1723.0,1722.0,1722.0,1725.0,1725.0,1726.0,1727.0,1728.0,1731.0,1735.0,1735.0,1736.0,1736.0,1736.0,1741.0,1742.0,1743.0,1741.0,1741.0,1744.0,1751.0,1751.0,1755.0,1757.0,1754.0,1754.0,1758.0,1760.0,1763.0,1765.0,1771.0,1772.0,1774.0,1778.0,1779.0,1785.0,1786.0,1787.0,1788.0,1788.0,1789.0,1793.0,1793.0,1795.0,1795.0,1794.0,1795.0,1795.0,1795.0,1796.0,1796.0,1797.0,1796.0,1797.0,1799.0,1799.0,1805.0,1806.0,1808.0,1809.0,1810.0,1812.0,1814.0,1816.0,1817.0,1817
b9M9-BtreL4,,,,,,,,,,,,,,,,,,,,,,,,,,,,,,,,,,,,,,,,,,,,,,,,,,,,,,,,,,,,,,,,,,,,,,,,,,,,,,,,,,,,,,,,,,,,,,,1015.0,1031.0,1051.0,1064.0,1070.0,1081.0,1088.0,1097.0,1102.0,1116.0,1120.0,1121.0,1128.0,1130.0,1132.0,1132.0,1138.0,1141.0,1144.0,1145.0,1145.0,1146.0,1148.0,1149.0,1150.0,1154.0,1155.0,1158.0,1159.0,1159.0,1160.0,1163.0,1162.0,1165.0,1168.0,1168.0,1171.0,1174.0,1176.0,1176.0,1177.0,1181.0,1182.0,1182.0,1184.0,1187.0,1187.0,1188.0,1190.0,1191.0,1195.0,1195.0,1195.0,1196.0,1197.0,1198.0,1198.0,1201.0,1202.0,1203.0,1205.0,1204.0,1205.0,1205.0,1208.0,1209.0,1209.0,1210.0,1211.0,1211.0,1211.0,1212.0,1212.0,1212.0,1213.0,1215.0,1220.0,1221.0,1221.0,1222.0,1223.0,1226.0,1227.0,1229.0,1231.0,1236.0,1236.0,1237.0,1238.0,1238.0,1241.0,1241.0,1241.0,1241.0,1242.0,1246.0,1246.0,1247.0,1251.0,1251.0,1251.0,1252.0,1252.0,1252.0,1253.0,1254.0,1254.0,1255.0,1255.0,1255.0,1256.0,1256.0,1257.0,1257
Wtifc7TTHEQ,,,,,,,,,,,,,,,,,,,,,,,,,,,,,,,,,,,,,,,,,,,,,,,,,,,,,,,,,,,,,,,,,,,,,,,,,,,,,,,,,,,,,,,,,,,,,,,146.0,198.0,227.0,241.0,249.0,264.0,272.0,278.0,284.0,292.0,295.0,300.0,307.0,310.0,313.0,314.0,317.0,321.0,322.0,326.0,326.0,326.0,326.0,327.0,329.0,329.0,331.0,333.0,335.0,335.0,335.0,335.0,336.0,336.0,336.0,336.0,337.0,337.0,336.0,336.0,336.0,336.0,336.0,337.0,342.0,342.0,343.0,343.0,343.0,344.0,346.0,349.0,349.0,349.0,349.0,348.0,349.0,349.0,348.0,348.0,350.0,350.0,351.0,352.0,354.0,355.0,355.0,355.0,355.0,355.0,356.0,357.0,357.0,357.0,357.0,357.0,357.0,358.0,358.0,359.0,360.0,360.0,362.0,364.0,364.0,366.0,368.0,368.0,368.0,368.0,370.0,370.0,371.0,367.0,367.0,368.0,368.0,369.0,369.0,370.0,371.0,371.0,371.0,371.0,371.0,372.0,372.0,373.0,373.0,373.0,373.0,373.0,373.0,374
KuigNsDB8zw,,,,,,,,,,,,,,,,,,,,,,,,,,,,,,,,,,,,,,,,,,,,,,,,,,,,,,,,,,,,,,,,,,,,,,,,,,,,,,,,,,,,,,,,,,,,,,,240.0,287.0,305.0,322.0,326.0,332.0,338.0,340.0,340.0,341.0,340.0,339.0,340.0,340.0,340.0,342.0,342.0,342.0,343.0,343.0,345.0,345.0,346.0,346.0,346.0,348.0,348.0,348.0,348.0,348.0,349.0,349.0,350.0,350.0,350.0,350.0,350.0,351.0,351.0,351.0,351.0,351.0,351.0,353.0,353.0,353.0,347.0,348.0,349.0,349.0,349.0,349.0,349.0,349.0,349.0,349.0,349.0,350.0,350.0,350.0,350.0,350.0,350.0,350.0,350.0,350.0,350.0,349.0,349.0,349.0,349.0,349.0,349.0,349.0,349.0,349.0,349.0,349.0,349.0,349.0,349.0,349.0,349.0,349.0,350.0,351.0,351.0,351.0,351.0,351.0,351.0,351.0,351.0,351.0,351.0,351.0,352.0,352.0,352.0,352.0,352.0,353.0,353.0,353.0,353.0,353.0,354.0,354.0,354.0,354.0,354.0,354.0,354.0,354
vopGeyv646g,,,,,,,,,,,,,,,,,,,,,,,,,,,,,,,,,,,,,,,,,,,,,,,,,,,,,,,,,,,,,,,,,,,,,,,,,,,,,,,,,,,,,,,,,,,,,,,,31.0,44.0,46.0,47.0,46.0,46.0,47.0,48.0,48.0,48.0,48.0,48.0,48.0,48.0,48.0,48.0,48.0,48.0,48.0,48.0,48.0,48.0,48.0,48.0,48.0,48.0,48.0,48.0,48.0,48.0,48.0,48.0,48.0,48.0,48.0,48.0,48.0,48.0,48.0,48.0,48.0,48.0,48.0,48.0,48.0,48.0,48.0,48.0,48.0,48.0,48.0,48.0,48.0,48.0,48.0,48.0,48.0,48.0,48.0,48.0,48.0,48.0,48.0,48.0,48.0,48.0,48.0,48.0,48.0,48.0,48.0,48.0,48.0,48.0,48.0,48.0,48.0,48.0,48.0,48.0,48.0,48.0,48.0,48.0,48.0,48.0,48.0,48.0,48.0,48.0,48.0,48.0,48.0,48.0,48.0,48.0,48.0,48.0,48.0,48.0,48.0,48.0,48.0,48.0,48.0,48.0,48.0,48.0,48.0,48.0,48.0,48.0,48
SNn_H_Q2moo,,,,,,,,,,,,,,,,,,,,,,,,,,,,,,,,,,,,,,,,,,,,,,,,,,,,,,,,,,,,,,,,,,,,,,,,,,,,,,,,,,,,,,,,,,,,,,,,2981.0,4454.0,5145.0,5780.0,6270.0,6651.0,6994.0,7184.0,7406.0,7586.0,7830.0,8090.0,8262.0,8401.0,8525.0,8648.0,8855.0,8952.0,9041.0,9093.0,9154.0,9229.0,9294.0,9358.0,9415.0,9460.0,9501.0,9547.0,9595.0,9624.0,9658.0,9699.0,9734.0,9767.0,9778.0,9796.0,9838.0,9861.0,9878.0,9894.0,9925.0,9939.0,9954.0,9982.0,10004.0,10021.0,10022.0,10039.0,10059.0,10070.0,9987.0,10000.0,10011.0,10023.0,10038.0,10049.0,10064.0,10078.0,10088.0,10098.0,10115.0,10124.0,10127.0,10112.0,10124.0,10136.0,10156.0,10170.0,10195.0,10203.0,10207.0,10211.0,10215.0,10211.0,10229.0,10241.0,10245.0,10244.0,10229.0,10242.0,10251.0,10259.0,10261.0,10271.0,10277.0,10285.0,10292.0,10297.0,10303.0,10310.0,10312.0,10310.0,10316.0,10323.0,10331.0,10337.0,10346.0,10350.0,10360.0,10362.0,10366.0,10369.0,10377.0,10382.0,10389.0,10392.0,10396.0,10398.0,10408.0,10418.0,10423.0,10426.0,10432
MfipEXSvtjg,,,,,,,,,,,,,,,,,,,,,,,,,,,,,,,,,,,,,,,,,,,,,,,,,,,,,,,,,,,,,,,,,,,,,,,,,,,,,,,,,,,,,,,,,,,,,,,,1058.0,2071.0,2575.0,2886.0,3081.0,3210.0,3286.0,3354.0,3393.0,3437.0,3492.0,3515.0,3541.0,3565.0,3587.0,3608.0,3627.0,3647.0,3668.0,3680.0,3685.0,3702.0,3715.0,3728.0,3736.0,3741.0,3760.0,3776.0,3786.0,3793.0,3803.0,3809.0,3815.0,3819.0,3828.0,3835.0,3840.0,3847.0,3851.0,3855.0,3858.0,3858.0,3861.0,3865.0,3866.0,3868.0,3873.0,3876.0,3884.0,3902.0,3905.0,3915.0,3920.0,3925.0,3928.0,3933.0,3940.0,3941.0,3943.0,3947.0,3986.0,3988.0,3990.0,3993.0,3995.0,4004.0,4010.0,4012.0,4016.0,4022.0,4025.0,4030.0,4036.0,4033.0,4037.0,4038.0,4039.0,4039.0,4039.0,4041.0,4041.0,4043.0,4043.0,4046.0,4048.0,4049.0,4051.0,4055.0,4054.0,4055.0,4057.0,4057.0,4057.0,4061.0,4062.0,4062.0,4065.0,4067.0,4069.0,4070.0,4070.0,4071.0,4074.0,4078.0,4082.0,4081.0,4081.0,4084.0,4086.0,4089.0,4093.0,4098.0,4099
23m3sKBgf7E,,,,,,,,,,,,,,,,,,,,,,,,,,,,,,,,,,,,,,,,,,,,,,,,,,,,,,,,,,,,,,,,,,,,,,,,,,,,,,,,,,,,,,,,,,,,,,,,14.0,14.0,14.0,14.0,14.0,14.0,14.0,14.0,14.0,14.0,14.0,14.0,14.0,14.0,14.0,14.0,14.0,14.0,14.0,14.0,14.0,14.0,14.0,14.0,15.0,15.0,15.0,15.0,15.0,15.0,15.0,15.0,15.0,15.0,15.0,15.0,15.0,15.0,15.0,15.0,15.0,15.0,15.0,15.0,15.0,15.0,15.0,15.0,15.0,15.0,15.0,15.0,15.0,15.0,15.0,15.0,15.0,15.0,15.0,15.0,15.0,15.0,15.0,15.0,15.0,15.0,15.0,15.0,15.0,15.0,15.0,15.0,15.0,15.0,15.0,15.0,15.0,15.0,15.0,15.0,15.0,15.0,15.0,15.0,15.0,15.0,15.0,15.0,15.0,15.0,15.0,15.0,15.0,15.0,15.0,15.0,15.0,15.0,15.0,15.0,15.0,15.0,15.0,15.0,15.0,15.0,15.0,15.0,15.0,15.0,15.0,15.0,15
-QBw5I4kn3g,,,,,,,,,,,,,,,,,,,,,,,,,,,,,,,,,,,,,,,,,,,,,,,,,,,,,,,,,,,,,,,,,,,,,,,,,,,,,,,,,,,,,,,,,,,,,,,,45.0,45.0,45.0,45.0,45.0,46.0,46.0,46.0,46.0,46.0,47.0,48.0,48.0,48.0,48.0,48.0,48.0,48.0,49.0,50.0,50.0,50.0,50.0,50.0,50.0,50.0,50.0,50.0,50.0,50.0,50.0,50.0,50.0,50.0,50.0,50.0,50.0,50.0,50.0,50.0,50.0,50.0,50.0,50.0,50.0,50.0,50.0,50.0,50.0,50.0,50.0,50.0,50.0,50.0,50.0,50.0,50.0,50.0,50.0,50.0,50.0,50.0,50.0,50.0,50.0,50.0,50.0,50.0,50.0,50.0,50.0,50.0,50.0,50.0,50.0,50.0,50.0,50.0,50.0,50.0,50.0,50.0,50.0,50.0,50.0,50.0,50.0,50.0,50.0,50.0,50.0,50.0,50.0,50.0,50.0,50.0,50.0,50.0,50.0,50.0,50.0,50.0,50.0,50.0,50.0,50.0,50.0,50.0,50.0,50.0,50.0,50.0,50
rWzLBz2O4L8,,,,,,,,,,,,,,,,,,,,,,,,,,,,,,,,,,,,,,,,,,,,,,,,,,,,,,,,,,,,,,,,,,,,,,,,,,,,,,,,,,,,,,,,,,,,,,,,18.0,17.0,17.0,17.0,17.0,17.0,17.0,17.0,18.0,19.0,19.0,19.0,19.0,19.0,19.0,19.0,19.0,19.0,19.0,19.0,19.0,19.0,19.0,19.0,19.0,19.0,19.0,19.0,19.0,19.0,19.0,19.0,19.0,19.0,19.0,19.0,19.0,19.0,19.0,19.0,19.0,19.0,19.0,19.0,20.0,21.0,21.0,21.0,21.0,21.0,21.0,21.0,21.0,21.0,21.0,21.0,21.0,21.0,21.0,22.0,22.0,22.0,22.0,22.0,22.0,22.0,22.0,22.0,22.0,22.0,22.0,22.0,22.0,22.0,22.0,22.0,22.0,22.0,22.0,22.0,22.0,22.0,22.0,22.0,22.0,22.0,22.0,22.0,22.0,22.0,22.0,22.0,22.0,22.0,22.0,22.0,22.0,22.0,22.0,22.0,22.0,22.0,22.0,22.0,22.0,22.0,22.0,22.0,22.0,22.0,22.0,22.0,22
6S-_nPxtTnY,,,,,,,,,,,,,,,,,,,,,,,,,,,,,,,,,,,,,,,,,,,,,,,,,,,,,,,,,,,,,,,,,,,,,,,,,,,,,,,,,,,,,,,,,,,,,,,,226.0,249.0,257.0,263.0,271.0,275.0,279.0,282.0,283.0,283.0,284.0,284.0,286.0,288.0,289.0,291.0,293.0,293.0,295.0,295.0,295.0,296.0,297.0,298.0,299.0,299.0,300.0,302.0,303.0,303.0,302.0,303.0,303.0,303.0,303.0,305.0,305.0,305.0,306.0,306.0,306.0,306.0,306.0,306.0,306.0,308.0,308.0,308.0,309.0,309.0,309.0,309.0,311.0,311.0,311.0,311.0,311.0,311.0,311.0,311.0,311.0,311.0,311.0,311.0,312.0,312.0,312.0,313.0,313.0,313.0,314.0,314.0,314.0,314.0,314.0,314.0,314.0,314.0,314.0,314.0,314.0,314.0,314.0,314.0,314.0,314.0,314.0,314.0,314.0,314.0,314.0,314.0,314.0,315.0,315.0,315.0,315.0,315.0,315.0,314.0,314.0,314.0,314.0,314.0,314.0,314.0,314.0,314.0,314.0,315.0,315.0,315.0,315
7IGZhI_1E6g,,,,,,,,,,,,,,,,,,,,,,,,,,,,,,,,,,,,,,,,,,,,,,,,,,,,,,,,,,,,,,,,,,,,,,,,,,,,,,,,,,,,,,,,,,,,,,,,23.0,24.0,26.0,28.0,28.0,28.0,28.0,28.0,28.0,28.0,28.0,28.0,28.0,28.0,28.0,28.0,28.0,28.0,28.0,29.0,30.0,30.0,30.0,30.0,30.0,30.0,30.0,30.0,30.0,30.0,30.0,30.0,30.0,30.0,30.0,30.0,30.0,30.0,30.0,30.0,30.0,30.0,30.0,30.0,30.0,30.0,30.0,30.0,31.0,31.0,31.0,31.0,31.0,31.0,31.0,31.0,31.0,31.0,31.0,31.0,31.0,31.0,31.0,31.0,31.0,31.0,31.0,31.0,31.0,31.0,31.0,31.0,31.0,31.0,31.0,31.0,31.0,33.0,34.0,34.0,34.0,34.0,34.0,34.0,34.0,34.0,34.0,34.0,34.0,34.0,34.0,34.0,34.0,34.0,34.0,34.0,34.0,34.0,34.0,34.0,34.0,34.0,34.0,35.0,35.0,35.0,35.0,35.0,35.0,35.0,35.0,35.0,35
yHsJpkQtaus,,,,,,,,,,,,,,,,,,,,,,,,,,,,,,,,,,,,,,,,,,,,,,,,,,,,,,,,,,,,,,,,,,,,,,,,,,,,,,,,,,,,,,,,,,,,,,,,70.0,71.0,68.0,68.0,72.0,76.0,76.0,76.0,76.0,77.0,77.0,77.0,76.0,77.0,77.0,77.0,77.0,77.0,77.0,77.0,78.0,80.0,80.0,80.0,80.0,79.0,80.0,81.0,81.0,82.0,82.0,82.0,83.0,84.0,86.0,86.0,84.0,84.0,84.0,84.0,84.0,84.0,84.0,84.0,84.0,85.0,85.0,85.0,86.0,86.0,87.0,87.0,87.0,86.0,86.0,86.0,86.0,86.0,86.0,86.0,86.0,86.0,86.0,86.0,86.0,86.0,88.0,88.0,89.0,89.0,89.0,89.0,89.0,89.0,89.0,89.0,89.0,89.0,89.0,87.0,87.0,87.0,87.0,88.0,88.0,88.0,88.0,88.0,88.0,88.0,88.0,88.0,88.0,88.0,88.0,88.0,88.0,89.0,90.0,90.0,90.0,90.0,90.0,90.0,90.0,90.0,90.0,90.0,90.0,90.0,90.0,90.0,90
7abcAxCg2LA,,,,,,,,,,,,,,,,,,,,,,,,,,,,,,,,,,,,,,,,,,,,,,,,,,,,,,,,,,,,,,,,,,,,,,,,,,,,,,,,,,,,,,,,,,,,,,,,3.0,4.0,4.0,4.0,4.0,4.0,4.0,4.0,4.0,4.0,4.0,4.0,4.0,4.0,4.0,4.0,4.0,4.0,4.0,4.0,4.0,4.0,4.0,4.0,4.0,4.0,4.0,4.0,4.0,4.0,4.0,4.0,4.0,4.0,4.0,4.0,4.0,4.0,4.0,4.0,4.0,4.0,4.0,4.0,4.0,4.0,4.0,4.0,4.0,4.0,4.0,4.0,4.0,4.0,4.0,4.0,4.0,4.0,4.0,4.0,4.0,4.0,4.0,4.0,4.0,4.0,4.0,4.0,4.0,4.0,4.0,4.0,4.0,4.0,4.0,4.0,4.0,4.0,4.0,4.0,4.0,4.0,4.0,4.0,4.0,4.0,4.0,4.0,4.0,4.0,4.0,4.0,4.0,4.0,4.0,4.0,4.0,4.0,4.0,4.0,4.0,4.0,4.0,4.0,4.0,4.0,4.0,4.0,4.0,4.0,4.0,4.0,4
2yj0FlkF6VE,,,,,,,,,,,,,,,,,,,,,,,,,,,,,,,,,,,,,,,,,,,,,,,,,,,,,,,,,,,,,,,,,,,,,,,,,,,,,,,,,,,,,,,,,,,,,,,,1803.0,2731.0,3085.0,3225.0,3333.0,3426.0,3484.0,3539.0,3568.0,3608.0,3646.0,3666.0,3695.0,3727.0,3772.0,3793.0,3817.0,3838.0,3852.0,3862.0,3888.0,3894.0,3901.0,3916.0,3921.0,3932.0,3935.0,3940.0,3941.0,3945.0,3950.0,3955.0,3958.0,3964.0,3965.0,3970.0,3974.0,3975.0,3976.0,3979.0,3980.0,3982.0,3989.0,3991.0,3997.0,3999.0,4003.0,4006.0,4009.0,4010.0,4011.0,4014.0,4015.0,4017.0,4020.0,4023.0,4025.0,4028.0,4029.0,4033.0,4034.0,4036.0,4037.0,4039.0,4042.0,4046.0,4047.0,4049.0,4050.0,4051.0,4049.0,4052.0,4053.0,4052.0,4054.0,4055.0,4057.0,4059.0,4061.0,4062.0,4062.0,4063.0,4064.0,4066.0,4066.0,4069.0,4072.0,4072.0,4073.0,4077.0,4077.0,4075.0,4075.0,4075.0,4076.0,4077.0,4077.0,4078.0,4079.0,4080.0,4080.0,4080.0,4081.0,4083.0,4081.0,4082.0,4082.0,4083.0,4083.0,4083.0,4083.0,4083.0,4083
oEcfOzYWLSY,,,,,,,,,,,,,,,,,,,,,,,,,,,,,,,,,,,,,,,,,,,,,,,,,,,,,,,,,,,,,,,,,,,,,,,,,,,,,,,,,,,,,,,,,,,,,,,,940.0,974.0,990.0,999.0,1007.0,1016.0,1022.0,1025.0,1026.0,1020.0,1020.0,1023.0,1024.0,1025.0,1026.0,1027.0,1027.0,1028.0,1028.0,1032.0,1033.0,1032.0,1031.0,1031.0,1032.0,1033.0,1033.0,1033.0,1034.0,1034.0,1037.0,1037.0,1037.0,1037.0,1037.0,1038.0,1038.0,1038.0,1038.0,1038.0,1038.0,1037.0,1039.0,1039.0,1039.0,1039.0,1039.0,1039.0,1041.0,1041.0,1042.0,1042.0,1042.0,1043.0,1043.0,1043.0,1044.0,1044.0,1044.0,1044.0,1046.0,1046.0,1046.0,1047.0,1051.0,1051.0,1050.0,1051.0,1050.0,1050.0,1050.0,1050.0,1050.0,1050.0,1050.0,1051.0,1051.0,1051.0,1051.0,1051.0,1049.0,1048.0,1048.0,1047.0,1047.0,1047.0,1047.0,1047.0,1047.0,1047.0,1047.0,1047.0,1047.0,1047.0,1047.0,1047.0,1047.0,1047.0,1047.0,1046.0,1046.0,1046.0,1046.0,1047.0,1047.0,1047.0,1047.0,1049.0,1046.0,1046.0,1034.0,1034.0,1034
OIGPIiPplTc,,,,,,,,,,,,,,,,,,,,,,,,,,,,,,,,,,,,,,,,,,,,,,,,,,,,,,,,,,,,,,,,,,,,,,,,,,,,,,,,,,,,,,,,,,,,,,,,,687.0,1014.0,1120.0,1154.0,1178.0,1201.0,1221.0,1228.0,1237.0,1241.0,1244.0,1248.0,1249.0,1256.0,1259.0,1260.0,1268.0,1273.0,1279.0,1281.0,1283.0,1289.0,1289.0,1294.0,1536.0,1549.0,1555.0,1555.0,1557.0,1558.0,1565.0,1649.0,1653.0,1653.0,1494.0,1494.0,1496.0,1503.0,1529.0,1528.0,1528.0,1530.0,1530.0,1531.0,1537.0,1555.0,1557.0,1559.0,1559.0,1560.0,1560.0,1560.0,1569.0,1569.0,1570.0,1571.0,1572.0,1572.0,1573.0,1575.0,1576.0,1577.0,1578.0,1578.0,1579.0,1579.0,1579.0,1579.0,1580.0,1580.0,1580.0,1580.0,1580.0,1580.0,1581.0,1582.0,1582.0,1583.0,1583.0,1583.0,1584.0,1584.0,1584.0,1584.0,1584.0,1584.0,1588.0,1618.0,1621.0,1622.0,1623.0,1623.0,1623.0,1623.0,1624.0,1624.0,1624.0,1625.0,1625.0,1626.0,1627.0,1628.0,1662.0,1660.0,1661.0,1661.0,1661.0,1661.0,1677.0,1731.0,1732.0,1732
wRZ1MdBoUq0,,,,,,,,,,,,,,,,,,,,,,,,,,,,,,,,,,,,,,,,,,,,,,,,,,,,,,,,,,,,,,,,,,,,,,,,,,,,,,,,,,,,,,,,,,,,,,,,,633.0,966.0,1096.0,1158.0,1212.0,1250.0,1286.0,1306.0,1325.0,1346.0,1373.0,1400.0,1423.0,1452.0,1466.0,1477.0,1492.0,1497.0,1509.0,1521.0,1532.0,1544.0,1550.0,1553.0,1563.0,1566.0,1567.0,1570.0,1572.0,1577.0,1592.0,1595.0,1601.0,1606.0,1610.0,1613.0,1604.0,1608.0,1616.0,1620.0,1624.0,1631.0,1633.0,1635.0,1638.0,1638.0,1640.0,1640.0,1641.0,1643.0,1644.0,1648.0,1650.0,1654.0,1656.0,1657.0,1658.0,1659.0,1663.0,1664.0,1669.0,1670.0,1669.0,1672.0,1674.0,1675.0,1673.0,1674.0,1674.0,1676.0,1680.0,1682.0,1685.0,1687.0,1686.0,1686.0,1686.0,1688.0,1689.0,1690.0,1692.0,1694.0,1698.0,1700.0,1702.0,1703.0,1704.0,1705.0,1705.0,1706.0,1709.0,1710.0,1711.0,1717.0,1719.0,1719.0,1720.0,1724.0,1725.0,1726.0,1726.0,1727.0,1728.0,1732.0,1732.0,1732.0,1732.0,1733.0,1733.0,1735.0,1737.0,1739
1vcwOOfbr7g,,,,,,,,,,,,,,,,,,,,,,,,,,,,,,,,,,,,,,,,,,,,,,,,,,,,,,,,,,,,,,,,,,,,,,,,,,,,,,,,,,,,,,,,,,,,,,,,,35.0,42.0,42.0,43.0,44.0,44.0,44.0,44.0,44.0,45.0,45.0,45.0,45.0,45.0,45.0,45.0,45.0,45.0,45.0,45.0,45.0,45.0,45.0,45.0,46.0,46.0,46.0,46.0,46.0,46.0,46.0,46.0,46.0,46.0,46.0,46.0,46.0,46.0,46.0,46.0,46.0,46.0,46.0,46.0,46.0,46.0,46.0,46.0,46.0,46.0,46.0,46.0,46.0,46.0,46.0,46.0,46.0,46.0,46.0,46.0,46.0,46.0,46.0,46.0,46.0,46.0,46.0,46.0,46.0,46.0,46.0,46.0,46.0,47.0,47.0,47.0,47.0,47.0,47.0,47.0,47.0,47.0,47.0,47.0,47.0,47.0,47.0,47.0,47.0,47.0,47.0,47.0,47.0,47.0,47.0,47.0,47.0,47.0,47.0,47.0,47.0,47.0,47.0,47.0,47.0,47.0,47.0,47.0,47.0,47.0,47.0,47
rsZwrTNklos,,,,,,,,,,,,,,,,,,,,,,,,,,,,,,,,,,,,,,,,,,,,,,,,,,,,,,,,,,,,,,,,,,,,,,,,,,,,,,,,,,,,,,,,,,,,,,,,,1044.0,1669.0,1950.0,2116.0,2272.0,2378.0,2460.0,2519.0,2556.0,2590.0,2613.0,2636.0,2656.0,2680.0,2698.0,2710.0,2720.0,2729.0,2742.0,2753.0,2762.0,2771.0,2784.0,2793.0,2808.0,2818.0,2842.0,2879.0,2919.0,2936.0,2950.0,2976.0,2992.0,3011.0,3023.0,3034.0,3034.0,3047.0,3068.0,3086.0,3104.0,3118.0,3128.0,3141.0,3151.0,3169.0,3196.0,3238.0,3267.0,3312.0,3348.0,3384.0,3431.0,3470.0,3589.0,3620.0,3647.0,3666.0,3704.0,3736.0,3764.0,3792.0,3812.0,3835.0,3863.0,3884.0,3909.0,3927.0,3947.0,3971.0,4041.0,4071.0,4090.0,4105.0,4129.0,4139.0,4165.0,4176.0,4187.0,4200.0,4210.0,4218.0,4220.0,4234.0,4243.0,4263.0,4267.0,4277.0,4295.0,4317.0,4329.0,4352.0,4379.0,4403.0,4408.0,4427.0,4443.0,4458.0,4483.0,4503.0,4569.0,4594.0,4605.0,4633.0,4649.0,4664.0,4676.0,4684.0,4696.0,4715.0,4724.0,4730
62BGFV9A2Ig,,,,,,,,,,,,,,,,,,,,,,,,,,,,,,,,,,,,,,,,,,,,,,,,,,,,,,,,,,,,,,,,,,,,,,,,,,,,,,,,,,,,,,,,,,,,,,,,,86.0,146.0,181.0,201.0,209.0,213.0,220.0,224.0,227.0,228.0,231.0,232.0,232.0,232.0,232.0,232.0,232.0,233.0,233.0,234.0,234.0,235.0,236.0,239.0,239.0,239.0,239.0,239.0,240.0,240.0,240.0,240.0,241.0,241.0,241.0,242.0,242.0,242.0,243.0,244.0,244.0,245.0,245.0,246.0,246.0,246.0,246.0,246.0,246.0,246.0,247.0,247.0,247.0,247.0,247.0,247.0,248.0,248.0,248.0,248.0,248.0,249.0,250.0,250.0,250.0,250.0,250.0,250.0,250.0,250.0,252.0,253.0,253.0,253.0,254.0,255.0,257.0,257.0,257.0,257.0,258.0,259.0,258.0,258.0,258.0,258.0,258.0,259.0,259.0,260.0,260.0,260.0,260.0,260.0,262.0,263.0,263.0,263.0,263.0,262.0,262.0,263.0,263.0,264.0,264.0,264.0,263.0,263.0,264.0,263.0,263.0,264
ZJm1CtGefsk,,,,,,,,,,,,,,,,,,,,,,,,,,,,,,,,,,,,,,,,,,,,,,,,,,,,,,,,,,,,,,,,,,,,,,,,,,,,,,,,,,,,,,,,,,,,,,,,,0.0,0.0,0.0,0.0,0.0,0.0,0.0,0.0,0.0,0.0,0.0,0.0,0.0,0.0,0.0,0.0,0.0,0.0,0.0,0.0,0.0,0.0,0.0,0.0,0.0,0.0,0.0,0.0,0.0,1.0,1.0,1.0,1.0,1.0,1.0,1.0,1.0,1.0,1.0,1.0,1.0,1.0,1.0,1.0,1.0,1.0,1.0,1.0,1.0,1.0,1.0,1.0,1.0,1.0,1.0,1.0,1.0,1.0,1.0,1.0,1.0,1.0,1.0,1.0,1.0,1.0,1.0,1.0,1.0,1.0,1.0,1.0,1.0,1.0,1.0,1.0,1.0,1.0,1.0,1.0,1.0,1.0,1.0,1.0,1.0,1.0,1.0,1.0,1.0,1.0,1.0,1.0,1.0,1.0,1.0,1.0,1.0,1.0,1.0,1.0,1.0,1.0,1.0,1.0,1.0,1.0,1.0,1.0,1.0,1.0,1.0,1
_F8i7y5D_aM,,,,,,,,,,,,,,,,,,,,,,,,,,,,,,,,,,,,,,,,,,,,,,,,,,,,,,,,,,,,,,,,,,,,,,,,,,,,,,,,,,,,,,,,,,,,,,,,,17.0,18.0,19.0,19.0,20.0,20.0,21.0,21.0,21.0,21.0,21.0,21.0,21.0,21.0,22.0,23.0,25.0,26.0,27.0,28.0,28.0,28.0,28.0,28.0,28.0,28.0,29.0,29.0,29.0,29.0,29.0,29.0,29.0,29.0,29.0,29.0,29.0,29.0,29.0,30.0,30.0,32.0,44.0,30.0,32.0,30.0,30.0,30.0,30.0,30.0,30.0,30.0,30.0,30.0,30.0,30.0,30.0,30.0,30.0,30.0,30.0,31.0,31.0,32.0,32.0,32.0,32.0,31.0,31.0,31.0,31.0,31.0,31.0,31.0,31.0,31.0,31.0,31.0,31.0,31.0,31.0,31.0,31.0,31.0,31.0,31.0,31.0,31.0,31.0,31.0,31.0,31.0,31.0,31.0,31.0,31.0,31.0,31.0,31.0,31.0,31.0,32.0,32.0,32.0,32.0,32.0,32.0,32.0,32.0,32.0,32.0,32
knsvd1s25hQ,,,,,,,,,,,,,,,,,,,,,,,,,,,,,,,,,,,,,,,,,,,,,,,,,,,,,,,,,,,,,,,,,,,,,,,,,,,,,,,,,,,,,,,,,,,,,,,,,193.0,456.0,582.0,673.0,725.0,759.0,786.0,793.0,809.0,819.0,818.0,822.0,827.0,831.0,836.0,841.0,844.0,847.0,848.0,849.0,849.0,851.0,851.0,851.0,853.0,855.0,856.0,858.0,863.0,863.0,863.0,864.0,867.0,866.0,866.0,866.0,865.0,865.0,865.0,865.0,865.0,865.0,865.0,865.0,864.0,865.0,865.0,865.0,865.0,865.0,865.0,865.0,866.0,867.0,867.0,867.0,867.0,868.0,868.0,868.0,868.0,868.0,868.0,868.0,868.0,868.0,868.0,868.0,868.0,868.0,868.0,868.0,868.0,868.0,866.0,866.0,866.0,866.0,866.0,866.0,867.0,866.0,866.0,866.0,867.0,867.0,867.0,867.0,867.0,866.0,866.0,866.0,866.0,866.0,866.0,866.0,866.0,866.0,866.0,866.0,866.0,866.0,866.0,866.0,866.0,865.0,865.0,865.0,865.0,865.0,865.0,865
aylyn0E-PbA,,,,,,,,,,,,,,,,,,,,,,,,,,,,,,,,,,,,,,,,,,,,,,,,,,,,,,,,,,,,,,,,,,,,,,,,,,,,,,,,,,,,,,,,,,,,,,,,,,,,,,,,,,,,,,,,,,,,,,,,,,,,,,,,,,,,,,,,,,,,,,,,,,,,,,,,,,,,,,,,,,,,,,,,,,,,,,,,,,,,,,,,,,,,,,,,,,,,,,,,,,,,,,,,
YEMBk076jGM,,,,,,,,,,,,,,,,,,,,,,,,,,,,,,,,,,,,,,,,,,,,,,,,,,,,,,,,,,,,,,,,,,,,,,,,,,,,,,,,,,,,,,,,,,,,,,,,,,1718.0,2920.0,3229.0,3434.0,3595.0,3729.0,3854.0,3932.0,3995.0,4080.0,4139.0,4199.0,4233.0,4290.0,4345.0,4371.0,4402.0,4438.0,4464.0,4503.0,4534.0,4561.0,4577.0,4602.0,4618.0,4635.0,4647.0,4652.0,4665.0,4675.0,4671.0,4681.0,4698.0,4702.0,4709.0,4722.0,4730.0,4735.0,4741.0,4748.0,4751.0,4759.0,4766.0,4746.0,4749.0,4754.0,4757.0,4755.0,4760.0,4773.0,4781.0,4788.0,4791.0,4796.0,4798.0,4803.0,4811.0,4824.0,4830.0,4905.0,5018.0,5058.0,5078.0,5111.0,5136.0,5161.0,5176.0,5183.0,5185.0,5184.0,5192.0,5193.0,5204.0,5212.0,5221.0,5223.0,5223.0,5236.0,5238.0,5245.0,5247.0,5254.0,5257.0,5258.0,5260.0,5260.0,5264.0,5270.0,5269.0,5269.0,5269.0,5270.0,5271.0,5271.0,5275.0,5275.0,5277.0,5277.0,5279.0,5289.0,5291.0,5293.0,5295.0,5301.0,5304.0,5307.0,5308.0,5308.0,5308.0,5310.0,5310
7F1ET2XHQfk,,,,,,,,,,,,,,,,,,,,,,,,,,,,,,,,,,,,,,,,,,,,,,,,,,,,,,,,,,,,,,,,,,,,,,,,,,,,,,,,,,,,,,,,,,,,,,,,,,17494.0,113381.0,125268.0,131293.0,134838.0,136938.0,138222.0,139301.0,139857.0,140655.0,141314.0,141861.0,142369.0,142800.0,143196.0,143579.0,143942.0,144398.0,144705.0,144987.0,145155.0,145365.0,145639.0,145932.0,145957.0,146006.0,146276.0,146326.0,146515.0,146705.0,146965.0,147097.0,147229.0,147359.0,147488.0,147601.0,147729.0,147874.0,148065.0,148212.0,148190.0,148317.0,148433.0,148578.0,148741.0,148856.0,149023.0,149182.0,149301.0,149352.0,149449.0,149543.0,149552.0,149687.0,149766.0,149884.0,149989.0,150069.0,150181.0,150279.0,150355.0,150416.0,150470.0,150606.0,150661.0,150693.0,150780.0,150834.0,150881.0,150974.0,151009.0,151008.0,151101.0,151096.0,151078.0,151118.0,151141.0,151199.0,151240.0,151299.0,151357.0,151363.0,151383.0,151443.0,151479.0,151546.0,151543.0,151559.0,151590.0,151601.0,151643.0,151688.0,151718.0,151742.0,151746.0,151765.0,151772.0,151766.0,151785.0,151845.0,151925.0,151919.0,151936.0,151919.0,151847.0,151874.0,151967.0,151980.0,152042.0,152046.0,152102
dKmPEhJ4wjY,,,,,,,,,,,,,,,,,,,,,,,,,,,,,,,,,,,,,,,,,,,,,,,,,,,,,,,,,,,,,,,,,,,,,,,,,,,,,,,,,,,,,,,,,,,,,,,,,,33878.0,37528.0,39822.0,41198.0,42242.0,42968.0,43578.0,44232.0,44598.0,45246.0,45789.0,46152.0,46420.0,46672.0,46867.0,47013.0,47281.0,47487.0,47679.0,47839.0,47975.0,48127.0,48291.0,48415.0,48474.0,48569.0,48649.0,48724.0,48820.0,48891.0,48931.0,48990.0,49052.0,49149.0,49214.0,49284.0,49359.0,49437.0,49498.0,49521.0,49552.0,49608.0,49667.0,49860.0,49965.0,50048.0,50135.0,50219.0,50296.0,50363.0,50409.0,50476.0,50510.0,50550.0,50595.0,50652.0,50690.0,50743.0,50799.0,50833.0,50869.0,50903.0,50933.0,50971.0,51004.0,51055.0,51079.0,51099.0,51128.0,51121.0,51151.0,51132.0,51170.0,51214.0,51240.0,51263.0,51280.0,51309.0,51323.0,51339.0,51359.0,51373.0,51389.0,51415.0,51421.0,51436.0,51455.0,51479.0,51485.0,51488.0,51503.0,51508.0,51522.0,51532.0,51549.0,51564.0,51562.0,51569.0,51588.0,51599.0,51615.0,51631.0,51647.0,51658.0,51617.0,51598.0,51628.0,51657.0,51670.0,51682.0,51647
tCnVbA-f7qA,,,,,,,,,,,,,,,,,,,,,,,,,,,,,,,,,,,,,,,,,,,,,,,,,,,,,,,,,,,,,,,,,,,,,,,,,,,,,,,,,,,,,,,,,,,,,,,,,,15.0,15.0,15.0,15.0,15.0,15.0,15.0,15.0,15.0,15.0,15.0,15.0,15.0,15.0,15.0,15.0,15.0,15.0,15.0,15.0,15.0,15.0,15.0,15.0,15.0,15.0,15.0,15.0,15.0,15.0,15.0,15.0,15.0,15.0,15.0,15.0,15.0,15.0,15.0,15.0,15.0,15.0,15.0,15.0,15.0,15.0,15.0,15.0,15.0,15.0,15.0,15.0,15.0,15.0,15.0,15.0,15.0,15.0,15.0,15.0,15.0,15.0,15.0,15.0,15.0,15.0,15.0,15.0,15.0,15.0,15.0,15.0,15.0,15.0,15.0,15.0,15.0,15.0,15.0,15.0,15.0,15.0,15.0,15.0,15.0,15.0,15.0,15.0,15.0,15.0,15.0,15.0,15.0,15.0,15.0,15.0,15.0,15.0,15.0,15.0,15.0,15.0,15.0,15.0,15.0,15.0,15.0,15.0,15.0,15.0,15
tzGw9LOZhDA,,,,,,,,,,,,,,,,,,,,,,,,,,,,,,,,,,,,,,,,,,,,,,,,,,,,,,,,,,,,,,,,,,,,,,,,,,,,,,,,,,,,,,,,,,,,,,,,,,1178.0,1286.0,1428.0,1662.0,1825.0,1919.0,2005.0,2110.0,2221.0,2332.0,2523.0,2726.0,2925.0,3109.0,3326.0,3496.0,3627.0,3791.0,3918.0,4117.0,4374.0,4578.0,4783.0,4934.0,5082.0,5207.0,5300.0,5392.0,5501.0,5613.0,5731.0,5851.0,6002.0,6085.0,6163.0,6284.0,6386.0,6475.0,6544.0,6616.0,6679.0,6762.0,6857.0,6952.0,7010.0,7062.0,7118.0,7186.0,7233.0,7290.0,7337.0,7371.0,7429.0,7498.0,7541.0,7576.0,7619.0,7666.0,7706.0,7738.0,7763.0,7790.0,7837.0,7867.0,7894.0,7923.0,7967.0,7994.0,8018.0,8031.0,8056.0,8089.0,8143.0,8179.0,8215.0,8247.0,8277.0,8292.0,8318.0,8337.0,8355.0,8366.0,8386.0,8403.0,8410.0,8432.0,8438.0,8450.0,8464.0,8482.0,8492.0,8516.0,8527.0,8539.0,8549.0,8566.0,8579.0,8590.0,8617.0,8642.0,8657.0,8673.0,8683.0,8694.0,8711.0,8730.0,8752.0,8768.0,8785.0,8792.0,8752
MTjaH8Nk4m8,,,,,,,,,,,,,,,,,,,,,,,,,,,,,,,,,,,,,,,,,,,,,,,,,,,,,,,,,,,,,,,,,,,,,,,,,,,,,,,,,,,,,,,,,,,,,,,,,,0.0,0.0,0.0,0.0,0.0,0.0,0.0,0.0,0.0,0.0,0.0,0.0,0.0,0.0,0.0,0.0,0.0,0.0,0.0,0.0,0.0,0.0,0.0,0.0,0.0,0.0,0.0,0.0,0.0,0.0,0.0,0.0,0.0,0.0,0.0,0.0,0.0,0.0,0.0,0.0,0.0,0.0,0.0,0.0,0.0,0.0,0.0,0.0,0.0,0.0,0.0,0.0,0.0,0.0,0.0,0.0,0.0,0.0,0.0,0.0,0.0,0.0,0.0,0.0,0.0,0.0,0.0,0.0,0.0,0.0,0.0,0.0,0.0,0.0,0.0,0.0,0.0,0.0,0.0,0.0,0.0,0.0,0.0,0.0,0.0,0.0,0.0,0.0,0.0,0.0,0.0,0.0,0.0,0.0,0.0,0.0,0.0,0.0,0.0,0.0,0.0,0.0,0.0,0.0,0.0,0.0,0.0,0.0,0.0,0.0,0
bMqP5bv1emI,,,,,,,,,,,,,,,,,,,,,,,,,,,,,,,,,,,,,,,,,,,,,,,,,,,,,,,,,,,,,,,,,,,,,,,,,,,,,,,,,,,,,,,,,,,,,,,,,,28.0,66.0,166.0,185.0,202.0,218.0,232.0,242.0,248.0,248.0,250.0,252.0,255.0,256.0,257.0,257.0,258.0,260.0,261.0,267.0,267.0,267.0,267.0,267.0,269.0,269.0,270.0,270.0,270.0,270.0,270.0,270.0,270.0,270.0,271.0,271.0,271.0,271.0,271.0,271.0,271.0,271.0,271.0,271.0,271.0,273.0,273.0,273.0,274.0,274.0,274.0,279.0,280.0,284.0,284.0,285.0,285.0,285.0,286.0,286.0,286.0,286.0,286.0,289.0,289.0,289.0,289.0,289.0,289.0,289.0,290.0,291.0,292.0,292.0,292.0,292.0,292.0,292.0,292.0,292.0,292.0,292.0,293.0,293.0,293.0,294.0,294.0,296.0,296.0,295.0,295.0,295.0,295.0,295.0,295.0,295.0,295.0,295.0,295.0,295.0,295.0,295.0,295.0,295.0,295.0,295.0,295.0,295.0,296.0,296.0,296
Jaew7AqWaJQ,,,,,,,,,,,,,,,,,,,,,,,,,,,,,,,,,,,,,,,,,,,,,,,,,,,,,,,,,,,,,,,,,,,,,,,,,,,,,,,,,,,,,,,,,,,,,,,,,,,13.0,15.0,15.0,15.0,15.0,16.0,16.0,17.0,17.0,17.0,17.0,17.0,17.0,17.0,17.0,17.0,18.0,18.0,18.0,18.0,18.0,18.0,18.0,18.0,18.0,18.0,18.0,18.0,19.0,19.0,19.0,20.0,20.0,20.0,21.0,21.0,22.0,22.0,22.0,23.0,23.0,23.0,23.0,23.0,23.0,23.0,23.0,23.0,24.0,24.0,24.0,24.0,24.0,24.0,25.0,25.0,25.0,25.0,25.0,25.0,25.0,25.0,25.0,25.0,25.0,25.0,25.0,25.0,25.0,25.0,25.0,25.0,25.0,25.0,25.0,25.0,25.0,25.0,25.0,25.0,25.0,25.0,26.0,26.0,26.0,26.0,26.0,26.0,26.0,26.0,26.0,26.0,26.0,26.0,26.0,26.0,26.0,26.0,26.0,26.0,27.0,27.0,27.0,27.0,27.0,27.0,27.0,27.0,27.0,27
hHAQcVqbJ6g,,,,,,,,,,,,,,,,,,,,,,,,,,,,,,,,,,,,,,,,,,,,,,,,,,,,,,,,,,,,,,,,,,,,,,,,,,,,,,,,,,,,,,,,,,,,,,,,,,,1.0,1.0,1.0,1.0,1.0,1.0,1.0,1.0,1.0,1.0,1.0,1.0,1.0,1.0,2.0,2.0,2.0,2.0,2.0,3.0,3.0,3.0,3.0,3.0,3.0,3.0,4.0,4.0,4.0,4.0,5.0,5.0,5.0,,,,,,,,,,,,,,,,,,,,,,,,,,,,,,,,,,,,,,,,,,,,,,,,,,,,,,,,,,,,,,,,,,,,,,,,,,,,,
QWhHYopwlaE,,,,,,,,,,,,,,,,,,,,,,,,,,,,,,,,,,,,,,,,,,,,,,,,,,,,,,,,,,,,,,,,,,,,,,,,,,,,,,,,,,,,,,,,,,,,,,,,,,,413.0,722.0,775.0,812.0,827.0,837.0,850.0,856.0,862.0,867.0,866.0,867.0,868.0,872.0,875.0,877.0,877.0,877.0,877.0,877.0,878.0,879.0,881.0,882.0,881.0,881.0,881.0,881.0,881.0,882.0,883.0,883.0,883.0,883.0,883.0,883.0,883.0,883.0,884.0,884.0,884.0,884.0,875.0,875.0,875.0,875.0,875.0,876.0,877.0,877.0,877.0,878.0,876.0,883.0,883.0,885.0,885.0,885.0,885.0,885.0,886.0,886.0,887.0,889.0,889.0,889.0,889.0,889.0,889.0,889.0,889.0,889.0,889.0,888.0,888.0,888.0,888.0,888.0,888.0,888.0,888.0,888.0,888.0,888.0,888.0,888.0,888.0,889.0,889.0,889.0,890.0,891.0,891.0,891.0,893.0,894.0,894.0,894.0,894.0,895.0,896.0,896.0,896.0,897.0,897.0,897.0,897.0,898.0,898.0,898
kiCi4-plFUA,,,,,,,,,,,,,,,,,,,,,,,,,,,,,,,,,,,,,,,,,,,,,,,,,,,,,,,,,,,,,,,,,,,,,,,,,,,,,,,,,,,,,,,,,,,,,,,,,,,69.0,94.0,102.0,105.0,109.0,113.0,114.0,116.0,125.0,128.0,129.0,131.0,133.0,135.0,137.0,141.0,142.0,144.0,145.0,146.0,145.0,145.0,147.0,149.0,152.0,153.0,155.0,155.0,156.0,157.0,161.0,163.0,163.0,164.0,165.0,165.0,167.0,170.0,173.0,175.0,177.0,178.0,180.0,180.0,180.0,180.0,181.0,182.0,182.0,184.0,185.0,185.0,185.0,185.0,185.0,185.0,185.0,186.0,186.0,186.0,186.0,186.0,187.0,189.0,190.0,188.0,188.0,189.0,189.0,189.0,190.0,190.0,191.0,192.0,192.0,192.0,192.0,194.0,195.0,194.0,194.0,194.0,194.0,194.0,195.0,196.0,201.0,201.0,201.0,202.0,202.0,202.0,202.0,203.0,204.0,204.0,205.0,205.0,205.0,205.0,205.0,205.0,205.0,205.0,205.0,206.0,206.0,206.0,206.0,206
GVaA2Avsb4k,,,,,,,,,,,,,,,,,,,,,,,,,,,,,,,,,,,,,,,,,,,,,,,,,,,,,,,,,,,,,,,,,,,,,,,,,,,,,,,,,,,,,,,,,,,,,,,,,,,307.0,457.0,534.0,607.0,739.0,801.0,868.0,924.0,960.0,1001.0,1033.0,1060.0,1085.0,1101.0,1116.0,1134.0,1148.0,1160.0,1167.0,1171.0,1181.0,1184.0,1193.0,1195.0,1196.0,1198.0,1200.0,1204.0,1206.0,1208.0,1211.0,1213.0,1213.0,1213.0,1214.0,1216.0,1216.0,1216.0,1218.0,1221.0,1219.0,1220.0,1221.0,1221.0,1220.0,1221.0,1225.0,1227.0,1228.0,1231.0,1231.0,1231.0,1232.0,1233.0,1234.0,1234.0,1234.0,1234.0,1237.0,1237.0,1237.0,1238.0,1238.0,1237.0,1237.0,1237.0,1237.0,1237.0,1237.0,1237.0,1238.0,1237.0,1236.0,1234.0,1235.0,1235.0,1235.0,1235.0,1234.0,1234.0,1234.0,1234.0,1234.0,1233.0,1234.0,1235.0,1235.0,1235.0,1234.0,1235.0,1235.0,1236.0,1237.0,1238.0,1238.0,1240.0,1240.0,1240.0,1241.0,1241.0,1241.0,1241.0,1241.0,1241.0,1241.0,1242.0,1242.0,1242.0,1242.0,1242
cB068G7jseg,,,,,,,,,,,,,,,,,,,,,,,,,,,,,,,,,,,,,,,,,,,,,,,,,,,,,,,,,,,,,,,,,,,,,,,,,,,,,,,,,,,,,,,,,,,,,,,,,,,184.0,274.0,308.0,342.0,369.0,385.0,401.0,414.0,419.0,428.0,432.0,434.0,435.0,438.0,439.0,442.0,448.0,451.0,455.0,455.0,456.0,459.0,464.0,466.0,471.0,473.0,473.0,473.0,474.0,475.0,476.0,477.0,478.0,480.0,480.0,481.0,483.0,487.0,488.0,489.0,489.0,489.0,489.0,490.0,489.0,489.0,490.0,491.0,491.0,492.0,492.0,492.0,492.0,492.0,492.0,493.0,493.0,494.0,494.0,494.0,495.0,495.0,496.0,496.0,500.0,501.0,501.0,502.0,502.0,502.0,505.0,507.0,508.0,509.0,509.0,509.0,510.0,510.0,510.0,510.0,510.0,511.0,511.0,511.0,511.0,511.0,511.0,511.0,511.0,510.0,510.0,510.0,510.0,509.0,509.0,509.0,509.0,510.0,510.0,510.0,510.0,510.0,510.0,508.0,508.0,509.0,509.0,509.0,510.0,511
Uhfzm92uZ_I,,,,,,,,,,,,,,,,,,,,,,,,,,,,,,,,,,,,,,,,,,,,,,,,,,,,,,,,,,,,,,,,,,,,,,,,,,,,,,,,,,,,,,,,,,,,,,,,,,,0.0,3.0,3.0,3.0,3.0,4.0,5.0,5.0,6.0,6.0,6.0,6.0,6.0,7.0,7.0,7.0,7.0,8.0,8.0,8.0,8.0,8.0,8.0,8.0,8.0,8.0,8.0,8.0,8.0,8.0,8.0,8.0,8.0,8.0,8.0,8.0,8.0,8.0,8.0,8.0,8.0,8.0,8.0,7.0,7.0,7.0,7.0,7.0,7.0,7.0,7.0,7.0,8.0,8.0,8.0,8.0,8.0,8.0,8.0,8.0,8.0,9.0,9.0,9.0,9.0,9.0,9.0,9.0,9.0,9.0,10.0,10.0,10.0,10.0,10.0,10.0,10.0,10.0,10.0,10.0,10.0,10.0,10.0,10.0,10.0,10.0,10.0,10.0,10.0,10.0,10.0,11.0,11.0,11.0,11.0,11.0,11.0,11.0,11.0,11.0,11.0,11.0,11.0,11.0,11.0,11.0,11.0,11.0,11.0,11
K1Pq_LETafQ,,,,,,,,,,,,,,,,,,,,,,,,,,,,,,,,,,,,,,,,,,,,,,,,,,,,,,,,,,,,,,,,,,,,,,,,,,,,,,,,,,,,,,,,,,,,,,,,,,,,7.0,10.0,12.0,14.0,15.0,15.0,15.0,15.0,15.0,15.0,15.0,15.0,15.0,16.0,16.0,17.0,17.0,17.0,17.0,17.0,17.0,17.0,17.0,17.0,17.0,17.0,18.0,18.0,18.0,18.0,18.0,18.0,18.0,18.0,18.0,18.0,18.0,18.0,18.0,18.0,18.0,18.0,18.0,18.0,18.0,18.0,18.0,18.0,18.0,18.0,18.0,18.0,18.0,18.0,18.0,18.0,18.0,18.0,18.0,18.0,19.0,19.0,19.0,19.0,19.0,19.0,19.0,19.0,19.0,19.0,19.0,19.0,19.0,19.0,19.0,19.0,19.0,19.0,19.0,19.0,19.0,19.0,19.0,19.0,19.0,19.0,19.0,19.0,19.0,19.0,19.0,19.0,19.0,19.0,19.0,19.0,19.0,19.0,19.0,19.0,19.0,19.0,19.0,19.0,19.0,19.0,19.0,19.0,19
0PZ4fElBkS8,,,,,,,,,,,,,,,,,,,,,,,,,,,,,,,,,,,,,,,,,,,,,,,,,,,,,,,,,,,,,,,,,,,,,,,,,,,,,,,,,,,,,,,,,,,,,,,,,,,,77.0,100.0,105.0,110.0,112.0,114.0,115.0,117.0,118.0,119.0,119.0,120.0,122.0,125.0,126.0,126.0,127.0,127.0,128.0,129.0,130.0,132.0,132.0,133.0,134.0,136.0,138.0,138.0,138.0,139.0,140.0,140.0,140.0,140.0,144.0,144.0,144.0,144.0,144.0,144.0,144.0,144.0,145.0,145.0,146.0,146.0,146.0,146.0,146.0,146.0,146.0,147.0,147.0,145.0,145.0,145.0,145.0,145.0,145.0,145.0,145.0,145.0,145.0,145.0,145.0,145.0,145.0,145.0,145.0,145.0,145.0,145.0,145.0,145.0,148.0,149.0,149.0,149.0,150.0,150.0,150.0,150.0,151.0,151.0,151.0,151.0,151.0,151.0,151.0,151.0,151.0,151.0,152.0,152.0,152.0,152.0,152.0,152.0,152.0,152.0,152.0,152.0,152.0,152.0,152.0,152.0,152.0,152.0,152
9tCLAEcRW5M,,,,,,,,,,,,,,,,,,,,,,,,,,,,,,,,,,,,,,,,,,,,,,,,,,,,,,,,,,,,,,,,,,,,,,,,,,,,,,,,,,,,,,,,,,,,,,,,,,,,,347.0,349.0,352.0,353.0,355.0,355.0,357.0,359.0,359.0,359.0,360.0,360.0,360.0,361.0,361.0,360.0,360.0,360.0,360.0,362.0,365.0,366.0,366.0,366.0,365.0,365.0,365.0,365.0,365.0,365.0,366.0,367.0,367.0,367.0,368.0,368.0,368.0,368.0,368.0,368.0,368.0,368.0,368.0,368.0,368.0,368.0,367.0,367.0,367.0,368.0,368.0,368.0,368.0,367.0,368.0,369.0,369.0,369.0,369.0,369.0,369.0,369.0,367.0,367.0,367.0,367.0,367.0,367.0,367.0,367.0,367.0,367.0,367.0,367.0,367.0,367.0,367.0,367.0,367.0,367.0,367.0,367.0,367.0,367.0,367.0,367.0,367.0,367.0,367.0,367.0,367.0,367.0,367.0,367.0,367.0,366.0,366.0,366.0,367.0,367.0,360.0,360.0,359.0,358.0,358.0,358.0,358.0,358
kK4kGeB5mQs,,,,,,,,,,,,,,,,,,,,,,,,,,,,,,,,,,,,,,,,,,,,,,,,,,,,,,,,,,,,,,,,,,,,,,,,,,,,,,,,,,,,,,,,,,,,,,,,,,,,,,2774.0,4468.0,5038.0,5404.0,5626.0,5761.0,5863.0,5945.0,6005.0,6081.0,6143.0,6178.0,6213.0,6245.0,6278.0,6308.0,6347.0,6371.0,6404.0,6437.0,6447.0,6456.0,6473.0,6487.0,6501.0,6518.0,6518.0,6524.0,6536.0,6542.0,6554.0,6563.0,6571.0,6581.0,6598.0,6607.0,6613.0,6620.0,6648.0,6688.0,6719.0,6744.0,6758.0,6770.0,6789.0,6801.0,6807.0,6807.0,6830.0,6845.0,6856.0,6873.0,6889.0,6896.0,6903.0,6912.0,6921.0,6928.0,6928.0,6930.0,6934.0,6938.0,6944.0,6946.0,6953.0,6954.0,6958.0,6957.0,6959.0,6959.0,6963.0,6967.0,6976.0,6981.0,6980.0,6982.0,6986.0,6987.0,6991.0,6983.0,6980.0,6980.0,6982.0,6982.0,6983.0,6984.0,6985.0,6986.0,6985.0,6988.0,6991.0,7005.0,7005.0,7009.0,7016.0,7015.0,7017.0,7021.0,7022.0,7022.0,7020.0,7023.0,7025.0,7031.0,7035.0,7037.0,7040
8hU6P7MmRyk,,,,,,,,,,,,,,,,,,,,,,,,,,,,,,,,,,,,,,,,,,,,,,,,,,,,,,,,,,,,,,,,,,,,,,,,,,,,,,,,,,,,,,,,,,,,,,,,,,,,,,9944.0,11775.0,12976.0,13747.0,14445.0,15217.0,16168.0,17246.0,18044.0,18576.0,18808.0,19058.0,19308.0,19486.0,19689.0,19788.0,19938.0,20030.0,20100.0,20199.0,20279.0,20348.0,20405.0,20449.0,20503.0,20536.0,20565.0,20595.0,20620.0,20638.0,20650.0,20664.0,20684.0,20705.0,20721.0,20734.0,20746.0,20759.0,20749.0,20769.0,20786.0,20794.0,20800.0,20814.0,20832.0,20852.0,20868.0,20872.0,20873.0,20884.0,20891.0,20904.0,20919.0,20925.0,20938.0,20944.0,20949.0,20965.0,20971.0,20977.0,20984.0,20990.0,20998.0,21000.0,21006.0,21010.0,21020.0,21027.0,21029.0,21036.0,21048.0,21054.0,21057.0,21070.0,21071.0,21074.0,21075.0,21083.0,21088.0,21089.0,21090.0,21092.0,21093.0,21093.0,21106.0,21110.0,21121.0,21130.0,21131.0,21136.0,21138.0,21133.0,21135.0,21141.0,21146.0,21150.0,21156.0,21161.0,21164.0,21167.0,21173.0,21173.0,21174.0,21175.0,21183.0,21189.0,21192
Q120WlxVxdk,,,,,,,,,,,,,,,,,,,,,,,,,,,,,,,,,,,,,,,,,,,,,,,,,,,,,,,,,,,,,,,,,,,,,,,,,,,,,,,,,,,,,,,,,,,,,,,,,,,,,,7490.0,8345.0,8728.0,8996.0,9212.0,9365.0,9474.0,9623.0,9701.0,9750.0,9787.0,9817.0,9843.0,9896.0,9923.0,9937.0,9953.0,9970.0,9990.0,10011.0,10019.0,10022.0,10020.0,10025.0,10032.0,10033.0,10029.0,10035.0,10051.0,10056.0,10057.0,10064.0,10072.0,10078.0,10083.0,10091.0,10094.0,10100.0,10100.0,10081.0,10082.0,10081.0,10083.0,10083.0,10084.0,10084.0,10089.0,10091.0,10086.0,10088.0,10092.0,10092.0,10097.0,10098.0,10097.0,10093.0,10093.0,10090.0,10089.0,10089.0,10089.0,10088.0,10090.0,10092.0,10094.0,10095.0,10097.0,10099.0,10100.0,10104.0,10110.0,10111.0,10114.0,10116.0,10114.0,10114.0,10115.0,10117.0,10121.0,10123.0,10123.0,10121.0,10126.0,10128.0,10129.0,10128.0,10127.0,10130.0,10127.0,10128.0,10125.0,10127.0,10130.0,10130.0,10130.0,10131.0,10130.0,10132.0,10130.0,10131.0,10129.0,10126.0,10124.0,10125.0,10124.0,10126.0,10127
cX0TF4A7ulQ,,,,,,,,,,,,,,,,,,,,,,,,,,,,,,,,,,,,,,,,,,,,,,,,,,,,,,,,,,,,,,,,,,,,,,,,,,,,,,,,,,,,,,,,,,,,,,,,,,,,,,51.0,51.0,52.0,55.0,55.0,55.0,57.0,58.0,66.0,67.0,67.0,67.0,67.0,67.0,67.0,67.0,67.0,67.0,67.0,69.0,69.0,69.0,70.0,69.0,70.0,69.0,69.0,69.0,70.0,70.0,70.0,70.0,70.0,70.0,70.0,70.0,70.0,70.0,70.0,70.0,70.0,70.0,70.0,70.0,70.0,70.0,70.0,70.0,70.0,70.0,70.0,70.0,70.0,70.0,70.0,70.0,70.0,70.0,70.0,71.0,71.0,71.0,71.0,71.0,71.0,71.0,71.0,71.0,71.0,71.0,71.0,71.0,71.0,71.0,71.0,71.0,71.0,71.0,71.0,71.0,71.0,71.0,71.0,71.0,71.0,71.0,71.0,71.0,71.0,71.0,71.0,71.0,71.0,71.0,71.0,71.0,71.0,71.0,71.0,71.0,71.0,71.0,71.0,71.0,71.0,71.0,71
rp-AiX_r6gU,,,,,,,,,,,,,,,,,,,,,,,,,,,,,,,,,,,,,,,,,,,,,,,,,,,,,,,,,,,,,,,,,,,,,,,,,,,,,,,,,,,,,,,,,,,,,,,,,,,,,,68.0,133.0,146.0,157.0,160.0,164.0,169.0,172.0,173.0,174.0,174.0,175.0,177.0,180.0,181.0,181.0,182.0,182.0,182.0,182.0,182.0,182.0,183.0,183.0,184.0,184.0,185.0,185.0,185.0,185.0,185.0,184.0,185.0,185.0,185.0,185.0,186.0,186.0,186.0,186.0,187.0,187.0,187.0,187.0,187.0,187.0,187.0,187.0,187.0,187.0,187.0,187.0,187.0,187.0,187.0,187.0,187.0,188.0,188.0,188.0,188.0,188.0,188.0,188.0,187.0,187.0,187.0,187.0,187.0,187.0,187.0,187.0,187.0,187.0,187.0,187.0,187.0,187.0,187.0,187.0,188.0,189.0,190.0,189.0,189.0,189.0,189.0,189.0,189.0,190.0,193.0,193.0,193.0,193.0,193.0,193.0,194.0,194.0,194.0,194.0,194.0,194.0,194.0,194.0,194.0,194.0,194
Xk0dFAkAhgo,,,,,,,,,,,,,,,,,,,,,,,,,,,,,,,,,,,,,,,,,,,,,,,,,,,,,,,,,,,,,,,,,,,,,,,,,,,,,,,,,,,,,,,,,,,,,,,,,,,,,,5.0,5.0,5.0,5.0,5.0,5.0,5.0,5.0,5.0,5.0,5.0,5.0,5.0,5.0,5.0,5.0,5.0,5.0,5.0,5.0,5.0,5.0,5.0,5.0,5.0,5.0,5.0,5.0,5.0,5.0,5.0,5.0,5.0,5.0,5.0,5.0,5.0,5.0,5.0,5.0,5.0,5.0,5.0,5.0,5.0,5.0,5.0,5.0,5.0,5.0,5.0,5.0,5.0,5.0,5.0,5.0,5.0,5.0,5.0,5.0,5.0,5.0,5.0,5.0,5.0,5.0,5.0,5.0,5.0,5.0,5.0,5.0,5.0,5.0,5.0,6.0,6.0,6.0,6.0,6.0,6.0,6.0,6.0,6.0,6.0,6.0,6.0,6.0,6.0,6.0,6.0,6.0,6.0,6.0,6.0,6.0,6.0,6.0,6.0,6.0,6.0,6.0,6.0,6.0,6.0,6.0,6
_WDhLMNAukc,,,,,,,,,,,,,,,,,,,,,,,,,,,,,,,,,,,,,,,,,,,,,,,,,,,,,,,,,,,,,,,,,,,,,,,,,,,,,,,,,,,,,,,,,,,,,,,,,,,,,,42.0,42.0,42.0,42.0,42.0,43.0,43.0,43.0,43.0,43.0,43.0,44.0,44.0,44.0,44.0,44.0,44.0,44.0,45.0,45.0,45.0,45.0,45.0,46.0,46.0,46.0,46.0,46.0,46.0,46.0,46.0,46.0,46.0,46.0,46.0,46.0,47.0,48.0,48.0,49.0,49.0,49.0,49.0,49.0,49.0,49.0,49.0,49.0,49.0,49.0,49.0,49.0,49.0,49.0,49.0,49.0,49.0,49.0,49.0,49.0,49.0,49.0,49.0,49.0,49.0,49.0,49.0,49.0,49.0,49.0,49.0,49.0,49.0,49.0,49.0,49.0,49.0,49.0,49.0,49.0,49.0,49.0,49.0,49.0,49.0,49.0,49.0,49.0,49.0,49.0,49.0,49.0,49.0,49.0,49.0,49.0,49.0,49.0,49.0,49.0,49.0,49.0,49.0,49.0,49.0,49.0,49
9eDb53_yTyM,,,,,,,,,,,,,,,,,,,,,,,,,,,,,,,,,,,,,,,,,,,,,,,,,,,,,,,,,,,,,,,,,,,,,,,,,,,,,,,,,,,,,,,,,,,,,,,,,,,,,,42.0,42.0,43.0,43.0,43.0,43.0,43.0,43.0,43.0,43.0,43.0,43.0,43.0,43.0,43.0,43.0,43.0,43.0,43.0,43.0,43.0,43.0,43.0,43.0,43.0,43.0,43.0,43.0,44.0,44.0,44.0,44.0,44.0,44.0,44.0,44.0,44.0,44.0,44.0,44.0,44.0,44.0,44.0,44.0,44.0,44.0,44.0,44.0,44.0,44.0,44.0,44.0,44.0,44.0,44.0,44.0,44.0,44.0,45.0,45.0,45.0,45.0,45.0,45.0,45.0,45.0,45.0,45.0,45.0,45.0,45.0,45.0,45.0,45.0,45.0,45.0,45.0,45.0,45.0,45.0,45.0,45.0,45.0,45.0,45.0,45.0,45.0,45.0,45.0,45.0,45.0,45.0,45.0,45.0,45.0,45.0,45.0,45.0,45.0,45.0,45.0,45.0,45.0,45.0,45.0,45.0,45
ukcanytrH3s,,,,,,,,,,,,,,,,,,,,,,,,,,,,,,,,,,,,,,,,,,,,,,,,,,,,,,,,,,,,,,,,,,,,,,,,,,,,,,,,,,,,,,,,,,,,,,,,,,,,,,10.0,10.0,10.0,10.0,10.0,10.0,10.0,11.0,11.0,11.0,11.0,11.0,11.0,11.0,11.0,11.0,11.0,11.0,11.0,11.0,11.0,11.0,11.0,11.0,11.0,11.0,11.0,11.0,11.0,11.0,11.0,11.0,11.0,11.0,11.0,11.0,11.0,11.0,11.0,11.0,11.0,11.0,11.0,11.0,11.0,11.0,11.0,11.0,11.0,11.0,11.0,11.0,11.0,11.0,11.0,11.0,11.0,11.0,11.0,11.0,11.0,11.0,11.0,11.0,11.0,11.0,11.0,11.0,11.0,11.0,11.0,11.0,11.0,11.0,11.0,11.0,11.0,11.0,11.0,11.0,11.0,11.0,11.0,11.0,11.0,11.0,11.0,11.0,11.0,11.0,11.0,11.0,11.0,11.0,11.0,11.0,11.0,11.0,11.0,11.0,11.0,11.0,11.0,11.0,11.0,11.0,11
sJRDdnkomhw,,,,,,,,,,,,,,,,,,,,,,,,,,,,,,,,,,,,,,,,,,,,,,,,,,,,,,,,,,,,,,,,,,,,,,,,,,,,,,,,,,,,,,,,,,,,,,,,,,,,,,0.0,0.0,0.0,0.0,0.0,0.0,0.0,0.0,0.0,0.0,0.0,0.0,0.0,0.0,0.0,0.0,0.0,0.0,0.0,0.0,0.0,0.0,0.0,0.0,0.0,0.0,0.0,0.0,0.0,0.0,0.0,0.0,0.0,0.0,0.0,0.0,0.0,0.0,0.0,0.0,0.0,0.0,0.0,0.0,0.0,0.0,0.0,0.0,0.0,0.0,0.0,0.0,0.0,0.0,0.0,0.0,0.0,0.0,0.0,0.0,0.0,0.0,0.0,0.0,0.0,0.0,0.0,0.0,0.0,0.0,0.0,0.0,0.0,0.0,0.0,0.0,0.0,0.0,0.0,0.0,0.0,0.0,0.0,0.0,0.0,0.0,0.0,0.0,0.0,0.0,0.0,0.0,0.0,0.0,0.0,0.0,0.0,0.0,0.0,0.0,0.0,0.0,0.0,0.0,0.0,0.0,0
s4wPrKom3cw,,,,,,,,,,,,,,,,,,,,,,,,,,,,,,,,,,,,,,,,,,,,,,,,,,,,,,,,,,,,,,,,,,,,,,,,,,,,,,,,,,,,,,,,,,,,,,,,,,,,,,789.0,807.0,818.0,825.0,829.0,833.0,836.0,837.0,840.0,842.0,843.0,843.0,843.0,843.0,843.0,846.0,848.0,848.0,848.0,849.0,849.0,850.0,850.0,850.0,851.0,852.0,852.0,852.0,852.0,852.0,852.0,853.0,853.0,854.0,854.0,855.0,854.0,854.0,854.0,854.0,854.0,854.0,854.0,854.0,854.0,854.0,854.0,854.0,854.0,854.0,854.0,855.0,855.0,855.0,855.0,856.0,856.0,856.0,856.0,856.0,858.0,858.0,858.0,858.0,858.0,859.0,859.0,859.0,859.0,859.0,859.0,859.0,860.0,860.0,860.0,860.0,860.0,860.0,861.0,861.0,861.0,862.0,862.0,862.0,862.0,862.0,862.0,863.0,863.0,863.0,863.0,863.0,863.0,863.0,863.0,863.0,863.0,863.0,863.0,863.0,863.0,863.0,863.0,863.0,863.0,863.0,863
qw5SpCyQNLQ,,,,,,,,,,,,,,,,,,,,,,,,,,,,,,,,,,,,,,,,,,,,,,,,,,,,,,,,,,,,,,,,,,,,,,,,,,,,,,,,,,,,,,,,,,,,,,,,,,,,,,0.0,0.0,0.0,0.0,0.0,0.0,0.0,0.0,0.0,0.0,0.0,0.0,0.0,0.0,0.0,0.0,0.0,0.0,0.0,0.0,0.0,0.0,0.0,0.0,0.0,0.0,0.0,0.0,0.0,0.0,0.0,0.0,0.0,0.0,0.0,0.0,0.0,0.0,0.0,0.0,0.0,0.0,0.0,0.0,0.0,0.0,0.0,0.0,0.0,0.0,0.0,0.0,0.0,0.0,0.0,0.0,0.0,0.0,0.0,0.0,0.0,0.0,0.0,0.0,0.0,0.0,0.0,0.0,0.0,0.0,0.0,0.0,0.0,0.0,0.0,0.0,0.0,0.0,0.0,0.0,0.0,0.0,0.0,0.0,0.0,0.0,0.0,0.0,0.0,0.0,0.0,0.0,0.0,0.0,0.0,0.0,0.0,0.0,0.0,0.0,0.0,0.0,0.0,0.0,0.0,0.0,0
w6vKt3MsnPE,,,,,,,,,,,,,,,,,,,,,,,,,,,,,,,,,,,,,,,,,,,,,,,,,,,,,,,,,,,,,,,,,,,,,,,,,,,,,,,,,,,,,,,,,,,,,,,,,,,,,,182.0,208.0,219.0,225.0,228.0,234.0,241.0,248.0,251.0,253.0,253.0,254.0,256.0,257.0,258.0,258.0,258.0,258.0,258.0,258.0,258.0,258.0,258.0,259.0,259.0,259.0,261.0,263.0,263.0,263.0,264.0,264.0,264.0,265.0,265.0,265.0,264.0,264.0,264.0,264.0,264.0,265.0,265.0,265.0,266.0,266.0,266.0,266.0,266.0,268.0,267.0,268.0,268.0,268.0,267.0,267.0,268.0,268.0,268.0,268.0,268.0,269.0,270.0,271.0,273.0,273.0,274.0,274.0,273.0,273.0,273.0,273.0,273.0,273.0,273.0,273.0,273.0,273.0,274.0,274.0,275.0,276.0,276.0,276.0,276.0,276.0,276.0,277.0,277.0,277.0,277.0,278.0,278.0,277.0,277.0,277.0,277.0,277.0,277.0,277.0,277.0,277.0,278.0,278.0,278.0,278.0,278
teGrm3A3b6g,,,,,,,,,,,,,,,,,,,,,,,,,,,,,,,,,,,,,,,,,,,,,,,,,,,,,,,,,,,,,,,,,,,,,,,,,,,,,,,,,,,,,,,,,,,,,,,,,,,,,,0.0,0.0,0.0,3.0,3.0,3.0,3.0,3.0,4.0,4.0,4.0,4.0,4.0,4.0,4.0,4.0,6.0,6.0,6.0,6.0,6.0,6.0,7.0,7.0,7.0,7.0,8.0,8.0,8.0,8.0,8.0,8.0,8.0,8.0,8.0,8.0,8.0,8.0,8.0,8.0,8.0,8.0,8.0,8.0,8.0,8.0,8.0,8.0,8.0,8.0,8.0,8.0,8.0,8.0,8.0,8.0,8.0,8.0,8.0,8.0,8.0,8.0,8.0,8.0,8.0,8.0,8.0,8.0,8.0,8.0,8.0,8.0,8.0,8.0,8.0,8.0,8.0,8.0,8.0,8.0,8.0,8.0,8.0,8.0,8.0,8.0,8.0,8.0,8.0,8.0,8.0,8.0,8.0,8.0,8.0,8.0,8.0,8.0,8.0,8.0,8.0,9.0,9.0,9.0,9.0,9.0,9
0JW2A0GqB5U,,,,,,,,,,,,,,,,,,,,,,,,,,,,,,,,,,,,,,,,,,,,,,,,,,,,,,,,,,,,,,,,,,,,,,,,,,,,,,,,,,,,,,,,,,,,,,,,,,,,,,33.0,36.0,37.0,38.0,39.0,44.0,44.0,44.0,44.0,44.0,44.0,44.0,44.0,45.0,45.0,45.0,45.0,45.0,45.0,46.0,46.0,46.0,46.0,46.0,47.0,47.0,47.0,47.0,47.0,47.0,47.0,47.0,47.0,47.0,47.0,47.0,47.0,47.0,47.0,47.0,47.0,47.0,47.0,47.0,47.0,47.0,47.0,47.0,47.0,47.0,47.0,47.0,47.0,47.0,47.0,47.0,47.0,47.0,47.0,47.0,47.0,47.0,47.0,47.0,47.0,47.0,47.0,47.0,47.0,47.0,47.0,47.0,47.0,47.0,47.0,47.0,47.0,47.0,47.0,47.0,47.0,47.0,47.0,47.0,47.0,47.0,47.0,47.0,0.0,47.0,47.0,47.0,47.0,47.0,47.0,47.0,47.0,47.0,47.0,47.0,47.0,47.0,47.0,47.0,47.0,47.0,47
vnAH7q-N_-Q,,,,,,,,,,,,,,,,,,,,,,,,,,,,,,,,,,,,,,,,,,,,,,,,,,,,,,,,,,,,,,,,,,,,,,,,,,,,,,,,,,,,,,,,,,,,,,,,,,,,,,253.0,328.0,350.0,361.0,375.0,382.0,388.0,392.0,400.0,403.0,406.0,411.0,412.0,415.0,416.0,419.0,421.0,422.0,425.0,426.0,426.0,427.0,428.0,428.0,428.0,429.0,430.0,434.0,435.0,437.0,437.0,438.0,439.0,439.0,439.0,439.0,439.0,439.0,439.0,439.0,439.0,439.0,439.0,441.0,443.0,443.0,444.0,444.0,445.0,445.0,445.0,445.0,446.0,446.0,446.0,445.0,445.0,445.0,445.0,445.0,445.0,445.0,447.0,447.0,447.0,447.0,447.0,447.0,447.0,447.0,448.0,448.0,448.0,448.0,448.0,450.0,450.0,451.0,451.0,452.0,452.0,453.0,453.0,454.0,454.0,454.0,454.0,455.0,455.0,455.0,455.0,455.0,455.0,455.0,455.0,455.0,455.0,455.0,455.0,455.0,455.0,455.0,455.0,454.0,454.0,454.0,454
KaOumNboHz4,,,,,,,,,,,,,,,,,,,,,,,,,,,,,,,,,,,,,,,,,,,,,,,,,,,,,,,,,,,,,,,,,,,,,,,,,,,,,,,,,,,,,,,,,,,,,,,,,,,,,,0.0,0.0,0.0,0.0,0.0,0.0,0.0,0.0,0.0,0.0,0.0,0.0,0.0,0.0,0.0,0.0,0.0,0.0,0.0,0.0,0.0,0.0,0.0,0.0,0.0,0.0,0.0,0.0,0.0,0.0,0.0,0.0,0.0,0.0,0.0,0.0,0.0,0.0,0.0,0.0,0.0,0.0,0.0,0.0,0.0,0.0,0.0,0.0,0.0,0.0,0.0,0.0,0.0,0.0,0.0,0.0,0.0,0.0,0.0,0.0,0.0,0.0,0.0,0.0,0.0,0.0,0.0,0.0,0.0,0.0,0.0,0.0,0.0,0.0,0.0,0.0,0.0,0.0,0.0,0.0,0.0,0.0,0.0,0.0,0.0,0.0,0.0,0.0,0.0,0.0,0.0,0.0,0.0,0.0,0.0,0.0,0.0,0.0,0.0,0.0,0.0,0.0,0.0,0.0,0.0,0.0,0
dLkfa-X_H9E,,,,,,,,,,,,,,,,,,,,,,,,,,,,,,,,,,,,,,,,,,,,,,,,,,,,,,,,,,,,,,,,,,,,,,,,,,,,,,,,,,,,,,,,,,,,,,,,,,,,,,261.0,375.0,409.0,423.0,429.0,434.0,442.0,450.0,454.0,459.0,467.0,467.0,474.0,477.0,479.0,483.0,492.0,496.0,497.0,497.0,497.0,498.0,500.0,499.0,501.0,501.0,501.0,502.0,503.0,503.0,504.0,504.0,504.0,504.0,506.0,507.0,506.0,507.0,509.0,509.0,509.0,510.0,512.0,512.0,512.0,514.0,520.0,520.0,520.0,520.0,520.0,520.0,520.0,520.0,519.0,519.0,519.0,519.0,520.0,520.0,521.0,521.0,521.0,521.0,520.0,519.0,519.0,521.0,521.0,521.0,521.0,522.0,522.0,523.0,523.0,523.0,525.0,525.0,525.0,526.0,526.0,526.0,527.0,527.0,527.0,527.0,527.0,528.0,528.0,529.0,529.0,529.0,529.0,530.0,530.0,530.0,531.0,531.0,527.0,524.0,524.0,524.0,524.0,528.0,529.0,529.0,529
iYkraEzsQ1g,,,,,,,,,,,,,,,,,,,,,,,,,,,,,,,,,,,,,,,,,,,,,,,,,,,,,,,,,,,,,,,,,,,,,,,,,,,,,,,,,,,,,,,,,,,,,,,,,,,,,,458.0,676.0,732.0,800.0,872.0,927.0,972.0,1008.0,1034.0,1061.0,1090.0,1119.0,1154.0,1177.0,1208.0,1239.0,1270.0,1300.0,1318.0,1334.0,1349.0,1366.0,1390.0,1412.0,1427.0,1448.0,1472.0,1486.0,1501.0,1502.0,1503.0,1516.0,1536.0,1560.0,1589.0,1609.0,1626.0,1643.0,1656.0,1676.0,1695.0,1723.0,1741.0,1760.0,1774.0,1791.0,1806.0,1822.0,1840.0,1858.0,1871.0,1885.0,1897.0,1907.0,1923.0,1930.0,1940.0,1942.0,1944.0,1945.0,1944.0,1944.0,1945.0,1946.0,1948.0,1948.0,1948.0,1948.0,1948.0,1948.0,1949.0,1949.0,1949.0,1949.0,1950.0,1950.0,1950.0,1950.0,1952.0,1953.0,1956.0,1957.0,1957.0,1957.0,1957.0,1957.0,1957.0,1957.0,1957.0,1957.0,1957.0,1958.0,1959.0,1958.0,1959.0,1959.0,1959.0,1960.0,1960.0,1960.0,1960.0,1961.0,1961.0,1961.0,1961.0,1961.0,1961
FLw8FIdBunI,,,,,,,,,,,,,,,,,,,,,,,,,,,,,,,,,,,,,,,,,,,,,,,,,,,,,,,,,,,,,,,,,,,,,,,,,,,,,,,,,,,,,,,,,,,,,,,,,,,,,,14.0,22.0,25.0,28.0,43.0,53.0,64.0,74.0,90.0,95.0,101.0,106.0,107.0,109.0,110.0,113.0,116.0,117.0,118.0,117.0,116.0,116.0,116.0,118.0,118.0,118.0,119.0,121.0,121.0,121.0,121.0,121.0,121.0,122.0,122.0,121.0,121.0,121.0,121.0,121.0,121.0,121.0,121.0,121.0,121.0,121.0,121.0,121.0,121.0,121.0,121.0,121.0,121.0,121.0,121.0,121.0,119.0,119.0,119.0,119.0,119.0,119.0,119.0,119.0,119.0,119.0,119.0,119.0,119.0,119.0,119.0,119.0,119.0,119.0,119.0,119.0,119.0,119.0,119.0,119.0,119.0,119.0,119.0,119.0,119.0,119.0,119.0,119.0,119.0,121.0,121.0,121.0,120.0,120.0,120.0,120.0,120.0,120.0,120.0,120.0,120.0,120.0,120.0,120.0,120.0,120.0,120
nNR74qU3VXA,,,,,,,,,,,,,,,,,,,,,,,,,,,,,,,,,,,,,,,,,,,,,,,,,,,,,,,,,,,,,,,,,,,,,,,,,,,,,,,,,,,,,,,,,,,,,,,,,,,,,,,138.0,335.0,421.0,449.0,490.0,570.0,674.0,768.0,828.0,870.0,897.0,908.0,941.0,957.0,968.0,977.0,986.0,995.0,1000.0,1002.0,1009.0,1011.0,1016.0,1022.0,1025.0,1022.0,1025.0,1026.0,1031.0,1033.0,1034.0,1039.0,1041.0,1042.0,1046.0,1048.0,1048.0,1055.0,1055.0,1059.0,1062.0,1066.0,1069.0,1070.0,1077.0,1079.0,1080.0,1081.0,1084.0,1083.0,1083.0,1084.0,1084.0,1085.0,1085.0,1085.0,1085.0,1085.0,1085.0,1085.0,1085.0,1085.0,1083.0,1084.0,1085.0,1085.0,1085.0,1086.0,1086.0,1085.0,1085.0,1085.0,1085.0,1085.0,1085.0,1085.0,1086.0,1086.0,1087.0,1087.0,1086.0,1086.0,1088.0,1087.0,1085.0,1085.0,1084.0,1085.0,1086.0,1087.0,1087.0,1087.0,1086.0,1086.0,1087.0,1087.0,1086.0,1086.0,1087.0,1087.0,1087.0,1087.0,1087.0,1087.0,1087.0,1087
Q79ML1vOCcU,,,,,,,,,,,,,,,,,,,,,,,,,,,,,,,,,,,,,,,,,,,,,,,,,,,,,,,,,,,,,,,,,,,,,,,,,,,,,,,,,,,,,,,,,,,,,,,,,,,,,,,27.0,41.0,51.0,53.0,55.0,55.0,55.0,56.0,57.0,61.0,62.0,63.0,63.0,63.0,64.0,64.0,64.0,64.0,64.0,65.0,65.0,67.0,67.0,67.0,68.0,68.0,68.0,68.0,68.0,68.0,68.0,68.0,68.0,68.0,68.0,68.0,68.0,68.0,68.0,68.0,68.0,68.0,68.0,69.0,69.0,69.0,69.0,69.0,69.0,69.0,69.0,69.0,69.0,70.0,70.0,70.0,70.0,70.0,70.0,70.0,70.0,70.0,71.0,71.0,71.0,71.0,71.0,71.0,71.0,71.0,71.0,71.0,71.0,71.0,71.0,71.0,72.0,72.0,72.0,72.0,72.0,72.0,72.0,72.0,72.0,72.0,72.0,72.0,72.0,72.0,72.0,72.0,72.0,72.0,72.0,72.0,72.0,72.0,72.0,72.0,72.0,72.0,72.0,72.0,72.0,72
WoPlpIz2P0I,,,,,,,,,,,,,,,,,,,,,,,,,,,,,,,,,,,,,,,,,,,,,,,,,,,,,,,,,,,,,,,,,,,,,,,,,,,,,,,,,,,,,,,,,,,,,,,,,,,,,,,0.0,1.0,3.0,4.0,4.0,4.0,4.0,5.0,5.0,5.0,5.0,5.0,5.0,5.0,6.0,6.0,6.0,6.0,6.0,6.0,6.0,6.0,6.0,6.0,6.0,6.0,6.0,6.0,6.0,6.0,6.0,7.0,7.0,7.0,7.0,7.0,7.0,7.0,7.0,7.0,7.0,7.0,7.0,7.0,7.0,7.0,7.0,7.0,7.0,7.0,7.0,7.0,7.0,7.0,7.0,7.0,7.0,7.0,7.0,7.0,7.0,8.0,8.0,8.0,8.0,8.0,8.0,8.0,8.0,8.0,8.0,8.0,8.0,8.0,8.0,8.0,8.0,8.0,8.0,8.0,8.0,8.0,8.0,8.0,8.0,8.0,8.0,8.0,9.0,9.0,9.0,9.0,9.0,9.0,9.0,9.0,9.0,9.0,9.0,9.0,9.0,9.0,9.0,9.0,9.0,9
cjmUDgmzUWw,,,,,,,,,,,,,,,,,,,,,,,,,,,,,,,,,,,,,,,,,,,,,,,,,,,,,,,,,,,,,,,,,,,,,,,,,,,,,,,,,,,,,,,,,,,,,,,,,,,,,,,193.0,296.0,342.0,365.0,375.0,384.0,397.0,404.0,399.0,400.0,401.0,405.0,406.0,412.0,415.0,417.0,417.0,419.0,421.0,422.0,425.0,426.0,427.0,427.0,427.0,427.0,427.0,428.0,428.0,428.0,428.0,433.0,436.0,437.0,443.0,445.0,446.0,447.0,447.0,447.0,447.0,447.0,448.0,448.0,448.0,448.0,451.0,451.0,451.0,451.0,452.0,452.0,451.0,451.0,451.0,451.0,451.0,451.0,451.0,452.0,452.0,453.0,453.0,453.0,454.0,455.0,455.0,455.0,455.0,455.0,454.0,454.0,454.0,454.0,454.0,454.0,454.0,454.0,454.0,454.0,454.0,454.0,454.0,455.0,453.0,453.0,453.0,453.0,453.0,454.0,454.0,454.0,454.0,454.0,454.0,454.0,454.0,454.0,455.0,456.0,456.0,456.0,456.0,456.0,456.0,456
e-bwzm8-xnU,,,,,,,,,,,,,,,,,,,,,,,,,,,,,,,,,,,,,,,,,,,,,,,,,,,,,,,,,,,,,,,,,,,,,,,,,,,,,,,,,,,,,,,,,,,,,,,,,,,,,,,,649.0,1656.0,2734.0,3556.0,4259.0,4876.0,5464.0,5810.0,5892.0,5996.0,6049.0,6132.0,6187.0,6226.0,6261.0,6291.0,6321.0,6342.0,6356.0,6383.0,6412.0,6442.0,6491.0,6498.0,6498.0,6506.0,6511.0,6544.0,6578.0,6599.0,6603.0,6611.0,6612.0,6614.0,6615.0,6618.0,6627.0,6628.0,6631.0,6630.0,6628.0,6633.0,6636.0,6632.0,6636.0,6639.0,6641.0,6641.0,6645.0,6646.0,6647.0,6644.0,6642.0,6645.0,6646.0,6649.0,6648.0,6647.0,6646.0,6644.0,6647.0,6647.0,6649.0,6651.0,6651.0,6656.0,6658.0,6660.0,6662.0,6662.0,6664.0,6667.0,6668.0,6666.0,6667.0,6668.0,6668.0,6669.0,6671.0,6669.0,6669.0,6670.0,6669.0,6670.0,6670.0,6672.0,6672.0,6673.0,6673.0,6672.0,6673.0,6678.0,6678.0,6678.0,6680.0,6684.0,6686.0,6687.0,6688.0,6690.0,6692.0,6692.0,6692.0,6691.0,6692
8_HPIJfRbpI,,,,,,,,,,,,,,,,,,,,,,,,,,,,,,,,,,,,,,,,,,,,,,,,,,,,,,,,,,,,,,,,,,,,,,,,,,,,,,,,,,,,,,,,,,,,,,,,,,,,,,,,90.0,117.0,125.0,132.0,139.0,144.0,154.0,160.0,161.0,164.0,166.0,170.0,173.0,175.0,177.0,180.0,181.0,182.0,185.0,186.0,191.0,191.0,191.0,191.0,193.0,194.0,196.0,197.0,197.0,199.0,201.0,201.0,203.0,206.0,206.0,206.0,206.0,206.0,208.0,208.0,209.0,210.0,211.0,213.0,214.0,214.0,214.0,214.0,214.0,214.0,215.0,215.0,216.0,216.0,216.0,216.0,216.0,214.0,214.0,215.0,215.0,215.0,215.0,218.0,218.0,220.0,221.0,221.0,221.0,222.0,222.0,222.0,222.0,220.0,220.0,221.0,222.0,222.0,222.0,222.0,224.0,224.0,224.0,224.0,225.0,227.0,227.0,228.0,228.0,228.0,229.0,229.0,229.0,229.0,231.0,231.0,231.0,231.0,232.0,232.0,233.0,235.0,237.0,237.0,237
BJfKLlFySQs,,,,,,,,,,,,,,,,,,,,,,,,,,,,,,,,,,,,,,,,,,,,,,,,,,,,,,,,,,,,,,,,,,,,,,,,,,,,,,,,,,,,,,,,,,,,,,,,,,,,,,,,0.0,0.0,0.0,0.0,4.0,7.0,7.0,8.0,11.0,11.0,11.0,13.0,14.0,15.0,15.0,16.0,16.0,16.0,16.0,16.0,16.0,16.0,16.0,16.0,16.0,16.0,16.0,17.0,17.0,17.0,17.0,17.0,17.0,17.0,17.0,17.0,17.0,17.0,17.0,17.0,17.0,17.0,17.0,17.0,17.0,17.0,17.0,17.0,17.0,17.0,17.0,17.0,17.0,17.0,17.0,17.0,17.0,17.0,17.0,17.0,17.0,17.0,17.0,17.0,17.0,18.0,18.0,18.0,18.0,18.0,18.0,18.0,18.0,18.0,18.0,18.0,18.0,18.0,18.0,18.0,18.0,18.0,18.0,18.0,18.0,18.0,18.0,18.0,18.0,18.0,19.0,19.0,19.0,19.0,19.0,19.0,19.0,19.0,19.0,19.0,19.0,19.0,19.0,19.0,19
tqnRgZIWORI,,,,,,,,,,,,,,,,,,,,,,,,,,,,,,,,,,,,,,,,,,,,,,,,,,,,,,,,,,,,,,,,,,,,,,,,,,,,,,,,,,,,,,,,,,,,,,,,,,,,,,,,7.0,9.0,10.0,11.0,11.0,11.0,14.0,15.0,17.0,18.0,19.0,19.0,20.0,20.0,21.0,21.0,21.0,21.0,21.0,21.0,21.0,21.0,21.0,21.0,21.0,21.0,21.0,22.0,22.0,22.0,22.0,22.0,22.0,22.0,22.0,22.0,22.0,23.0,22.0,22.0,22.0,22.0,22.0,22.0,23.0,23.0,23.0,23.0,23.0,23.0,23.0,23.0,23.0,23.0,23.0,23.0,23.0,23.0,23.0,23.0,23.0,23.0,23.0,23.0,23.0,23.0,23.0,23.0,23.0,23.0,23.0,23.0,23.0,23.0,23.0,23.0,23.0,23.0,23.0,23.0,23.0,23.0,23.0,23.0,23.0,23.0,23.0,23.0,23.0,23.0,23.0,23.0,23.0,23.0,23.0,23.0,23.0,23.0,23.0,23.0,23.0,23.0,23.0,24.0,24
2GOl_ku6-Hs,,,,,,,,,,,,,,,,,,,,,,,,,,,,,,,,,,,,,,,,,,,,,,,,,,,,,,,,,,,,,,,,,,,,,,,,,,,,,,,,,,,,,,,,,,,,,,,,,,,,,,,,490.0,786.0,902.0,953.0,1008.0,1078.0,1136.0,1174.0,1192.0,1201.0,1216.0,1225.0,1234.0,1250.0,1258.0,1262.0,1267.0,1272.0,1279.0,1282.0,1287.0,1346.0,1355.0,1370.0,1377.0,1381.0,1399.0,1410.0,1413.0,1414.0,1424.0,1443.0,1448.0,1456.0,1456.0,1461.0,1467.0,1470.0,1471.0,1474.0,1480.0,1482.0,1487.0,1488.0,1489.0,1494.0,1499.0,1501.0,1504.0,1506.0,1510.0,1510.0,1513.0,1515.0,1515.0,1517.0,1520.0,1527.0,1529.0,1529.0,1530.0,1543.0,1544.0,1546.0,1552.0,1555.0,1555.0,1555.0,1557.0,1560.0,1565.0,1567.0,1567.0,1569.0,1577.0,1580.0,1581.0,1583.0,1586.0,1588.0,1590.0,1590.0,1591.0,1593.0,1594.0,1595.0,1597.0,1598.0,1599.0,1602.0,1605.0,1606.0,1606.0,1607.0,1607.0,1607.0,1605.0,1606.0,1606.0,1608.0,1608.0,1608.0,1608.0,1608.0,1609
6GUKqEfiX1I,,,,,,,,,,,,,,,,,,,,,,,,,,,,,,,,,,,,,,,,,,,,,,,,,,,,,,,,,,,,,,,,,,,,,,,,,,,,,,,,,,,,,,,,,,,,,,,,,,,,,,,,284.0,429.0,469.0,483.0,504.0,514.0,522.0,529.0,532.0,534.0,536.0,540.0,541.0,542.0,544.0,546.0,548.0,550.0,552.0,553.0,555.0,557.0,560.0,561.0,563.0,563.0,565.0,567.0,568.0,569.0,570.0,585.0,585.0,586.0,591.0,591.0,594.0,597.0,605.0,605.0,605.0,605.0,605.0,605.0,605.0,607.0,612.0,613.0,613.0,615.0,615.0,615.0,616.0,616.0,617.0,617.0,618.0,617.0,617.0,620.0,621.0,621.0,621.0,621.0,621.0,621.0,626.0,626.0,632.0,633.0,633.0,634.0,634.0,636.0,637.0,638.0,638.0,640.0,641.0,642.0,641.0,641.0,641.0,642.0,643.0,644.0,644.0,644.0,647.0,646.0,649.0,647.0,648.0,649.0,649.0,651.0,651.0,651.0,653.0,654.0,654.0,654.0,657.0,657.0,657
AEjI1n2Tgv0,,,,,,,,,,,,,,,,,,,,,,,,,,,,,,,,,,,,,,,,,,,,,,,,,,,,,,,,,,,,,,,,,,,,,,,,,,,,,,,,,,,,,,,,,,,,,,,,,,,,,,,,11.0,11.0,11.0,11.0,11.0,11.0,11.0,11.0,11.0,11.0,11.0,11.0,11.0,11.0,11.0,11.0,11.0,11.0,11.0,11.0,11.0,11.0,11.0,11.0,11.0,11.0,12.0,12.0,12.0,12.0,12.0,12.0,12.0,12.0,12.0,12.0,12.0,12.0,12.0,12.0,12.0,12.0,12.0,12.0,12.0,12.0,12.0,12.0,12.0,12.0,12.0,12.0,12.0,12.0,11.0,11.0,11.0,11.0,11.0,11.0,11.0,11.0,11.0,11.0,11.0,11.0,11.0,11.0,11.0,11.0,11.0,11.0,11.0,11.0,11.0,11.0,11.0,11.0,11.0,11.0,11.0,11.0,11.0,11.0,11.0,11.0,11.0,11.0,11.0,11.0,11.0,11.0,11.0,11.0,11.0,11.0,11.0,11.0,11.0,11.0,11.0,11.0,11.0,11.0,11
GKu20OT657k,,,,,,,,,,,,,,,,,,,,,,,,,,,,,,,,,,,,,,,,,,,,,,,,,,,,,,,,,,,,,,,,,,,,,,,,,,,,,,,,,,,,,,,,,,,,,,,,,,,,,,,,55.0,64.0,68.0,72.0,76.0,80.0,85.0,90.0,91.0,93.0,95.0,97.0,99.0,104.0,106.0,107.0,107.0,110.0,110.0,114.0,115.0,115.0,115.0,117.0,117.0,117.0,117.0,118.0,118.0,119.0,119.0,119.0,119.0,119.0,119.0,119.0,119.0,120.0,121.0,121.0,121.0,121.0,121.0,121.0,121.0,121.0,121.0,121.0,121.0,121.0,121.0,121.0,121.0,121.0,121.0,124.0,124.0,124.0,124.0,124.0,124.0,124.0,124.0,124.0,124.0,124.0,124.0,124.0,124.0,124.0,124.0,124.0,124.0,124.0,124.0,124.0,124.0,124.0,124.0,124.0,124.0,124.0,124.0,125.0,125.0,125.0,125.0,125.0,125.0,125.0,125.0,125.0,125.0,125.0,125.0,125.0,125.0,125.0,125.0,125.0,125.0,125.0,125.0,125.0,125
PfsK2VFci5Q,,,,,,,,,,,,,,,,,,,,,,,,,,,,,,,,,,,,,,,,,,,,,,,,,,,,,,,,,,,,,,,,,,,,,,,,,,,,,,,,,,,,,,,,,,,,,,,,,,,,,,,,46.0,99.0,102.0,104.0,109.0,111.0,114.0,115.0,117.0,122.0,122.0,122.0,123.0,123.0,124.0,126.0,127.0,128.0,128.0,130.0,131.0,131.0,131.0,135.0,136.0,136.0,137.0,138.0,138.0,138.0,138.0,139.0,140.0,140.0,141.0,141.0,141.0,141.0,141.0,142.0,142.0,142.0,142.0,142.0,140.0,140.0,142.0,143.0,143.0,143.0,143.0,143.0,143.0,143.0,143.0,143.0,143.0,144.0,144.0,144.0,144.0,144.0,144.0,144.0,144.0,144.0,143.0,144.0,144.0,144.0,144.0,144.0,144.0,145.0,145.0,145.0,145.0,145.0,145.0,145.0,145.0,146.0,146.0,146.0,146.0,146.0,146.0,146.0,146.0,146.0,146.0,146.0,146.0,146.0,146.0,146.0,146.0,146.0,146.0,147.0,147.0,147.0,147.0,147.0,147
XgplTOjZatA,,,,,,,,,,,,,,,,,,,,,,,,,,,,,,,,,,,,,,,,,,,,,,,,,,,,,,,,,,,,,,,,,,,,,,,,,,,,,,,,,,,,,,,,,,,,,,,,,,,,,,,,0.0,0.0,0.0,0.0,0.0,0.0,0.0,0.0,0.0,0.0,0.0,0.0,0.0,0.0,0.0,0.0,0.0,0.0,0.0,0.0,0.0,0.0,0.0,0.0,0.0,0.0,0.0,0.0,0.0,0.0,0.0,0.0,0.0,0.0,0.0,0.0,0.0,0.0,0.0,0.0,0.0,0.0,0.0,0.0,0.0,0.0,0.0,0.0,0.0,0.0,0.0,0.0,0.0,0.0,0.0,0.0,0.0,0.0,0.0,0.0,0.0,0.0,0.0,0.0,0.0,0.0,0.0,0.0,0.0,0.0,0.0,0.0,0.0,0.0,0.0,0.0,0.0,0.0,0.0,0.0,0.0,0.0,0.0,0.0,0.0,0.0,0.0,0.0,0.0,0.0,0.0,0.0,0.0,0.0,0.0,0.0,0.0,0.0,0.0,0.0,0.0,0.0,0.0,0.0,0
t2gJ2szo-60,,,,,,,,,,,,,,,,,,,,,,,,,,,,,,,,,,,,,,,,,,,,,,,,,,,,,,,,,,,,,,,,,,,,,,,,,,,,,,,,,,,,,,,,,,,,,,,,,,,,,,,,,6.0,,,,,,,,,,,,,,,,,,,,,,,,,,,,,,,,,,,,,,,,,,,,,,,,,,,,,,,,,,,,,,,,,,,,,,,,,,,,,,,,,,,,,,,,,,,,,,,,,,,,,,,
xnwOfIiZ-zQ,,,,,,,,,,,,,,,,,,,,,,,,,,,,,,,,,,,,,,,,,,,,,,,,,,,,,,,,,,,,,,,,,,,,,,,,,,,,,,,,,,,,,,,,,,,,,,,,,,,,,,,,,488.0,838.0,1016.0,1125.0,1212.0,1255.0,1301.0,1326.0,1342.0,1358.0,1371.0,1382.0,1404.0,1412.0,1424.0,1435.0,1438.0,1441.0,1445.0,1446.0,1453.0,1458.0,1461.0,1463.0,1464.0,1466.0,1471.0,1472.0,1474.0,1476.0,1475.0,1475.0,1477.0,1477.0,1478.0,1479.0,1474.0,1473.0,1474.0,1476.0,1480.0,1481.0,1483.0,1485.0,1486.0,1487.0,1489.0,1492.0,1495.0,1497.0,1507.0,1514.0,1519.0,1520.0,1525.0,1527.0,1529.0,1534.0,1534.0,1537.0,1539.0,1540.0,1544.0,1545.0,1549.0,1549.0,1549.0,1549.0,1550.0,1551.0,1551.0,1551.0,1551.0,1552.0,1552.0,1554.0,1554.0,1559.0,1558.0,1558.0,1560.0,1560.0,1561.0,1561.0,1562.0,1563.0,1563.0,1563.0,1563.0,1563.0,1563.0,1565.0,1566.0,1566.0,1566.0,1567.0,1568.0,1568.0,1568.0,1569.0,1569.0,1569.0,1569.0,1570
Jv0vqhWRbe8,,,,,,,,,,,,,,,,,,,,,,,,,,,,,,,,,,,,,,,,,,,,,,,,,,,,,,,,,,,,,,,,,,,,,,,,,,,,,,,,,,,,,,,,,,,,,,,,,,,,,,,,,1755.0,1771.0,1781.0,1785.0,1791.0,1802.0,1815.0,1820.0,1830.0,1835.0,1843.0,1847.0,1854.0,1863.0,1868.0,1879.0,1895.0,1904.0,1908.0,1909.0,1915.0,1920.0,1925.0,1928.0,1930.0,1934.0,1939.0,1940.0,1940.0,1943.0,1941.0,1946.0,1952.0,1955.0,1957.0,1959.0,1964.0,1969.0,1972.0,1968.0,1973.0,1977.0,1983.0,1989.0,1995.0,2008.0,2013.0,2016.0,2017.0,2024.0,2033.0,2037.0,2036.0,2037.0,2038.0,2038.0,2039.0,2037.0,2040.0,2044.0,2046.0,2050.0,2051.0,2053.0,2056.0,2057.0,2058.0,2059.0,2059.0,2058.0,2058.0,2061.0,2063.0,2067.0,2070.0,2075.0,2074.0,2074.0,2078.0,2079.0,2079.0,2084.0,2085.0,2090.0,2093.0,2093.0,2096.0,2083.0,2084.0,2087.0,2089.0,2089.0,2090.0,2091.0,2092.0,2095.0,2096.0,2095.0,2095.0,2097.0,2105.0,2112.0,2116.0,2123
ZNdMrUCOLqQ,,,,,,,,,,,,,,,,,,,,,,,,,,,,,,,,,,,,,,,,,,,,,,,,,,,,,,,,,,,,,,,,,,,,,,,,,,,,,,,,,,,,,,,,,,,,,,,,,,,,,,,,,1955.0,1960.0,1965.0,1978.0,1980.0,1980.0,1981.0,1985.0,1989.0,1988.0,1989.0,1992.0,1993.0,1995.0,1997.0,2002.0,2005.0,2011.0,2013.0,2015.0,2018.0,2020.0,2024.0,2024.0,2029.0,2032.0,2033.0,2033.0,2035.0,2039.0,2039.0,2040.0,2042.0,2044.0,2046.0,2047.0,2049.0,2049.0,2050.0,2051.0,2054.0,2056.0,2056.0,2057.0,2058.0,2058.0,2060.0,2061.0,2064.0,2064.0,2065.0,2068.0,2071.0,2071.0,2069.0,2069.0,2069.0,2069.0,2069.0,2071.0,2072.0,2075.0,2077.0,2079.0,2079.0,2080.0,2082.0,2085.0,2086.0,2090.0,2090.0,2091.0,2092.0,2094.0,2095.0,2098.0,2098.0,2098.0,2099.0,2099.0,2100.0,2101.0,2103.0,2102.0,2100.0,2101.0,2101.0,2101.0,2103.0,2103.0,2104.0,2106.0,2121.0,2124.0,2127.0,2128.0,2128.0,2129.0,2129.0,2129.0,2129.0,2130.0,2130.0,2133
kPHG7TbAVXQ,,,,,,,,,,,,,,,,,,,,,,,,,,,,,,,,,,,,,,,,,,,,,,,,,,,,,,,,,,,,,,,,,,,,,,,,,,,,,,,,,,,,,,,,,,,,,,,,,,,,,,,,,80.0,85.0,86.0,87.0,88.0,89.0,89.0,91.0,91.0,91.0,91.0,93.0,94.0,96.0,96.0,96.0,96.0,96.0,96.0,96.0,96.0,96.0,96.0,96.0,95.0,95.0,95.0,95.0,95.0,95.0,95.0,95.0,95.0,95.0,95.0,95.0,95.0,95.0,96.0,96.0,96.0,96.0,96.0,96.0,96.0,96.0,96.0,96.0,96.0,96.0,96.0,96.0,96.0,96.0,96.0,96.0,96.0,96.0,96.0,96.0,96.0,96.0,96.0,96.0,96.0,96.0,96.0,96.0,96.0,95.0,95.0,95.0,95.0,95.0,95.0,95.0,95.0,95.0,95.0,95.0,95.0,95.0,95.0,94.0,94.0,94.0,94.0,94.0,94.0,94.0,94.0,94.0,94.0,94.0,94.0,94.0,94.0,94.0,94.0,94.0,94.0,94.0,94.0,94
9OXa07b_Uac,,,,,,,,,,,,,,,,,,,,,,,,,,,,,,,,,,,,,,,,,,,,,,,,,,,,,,,,,,,,,,,,,,,,,,,,,,,,,,,,,,,,,,,,,,,,,,,,,,,,,,,,,21.0,22.0,22.0,22.0,22.0,23.0,23.0,23.0,25.0,25.0,25.0,25.0,25.0,25.0,25.0,25.0,25.0,25.0,25.0,26.0,26.0,26.0,26.0,26.0,26.0,26.0,26.0,26.0,26.0,26.0,26.0,26.0,26.0,26.0,26.0,26.0,26.0,26.0,26.0,27.0,27.0,27.0,27.0,27.0,27.0,27.0,27.0,27.0,27.0,27.0,28.0,28.0,28.0,28.0,28.0,28.0,29.0,29.0,29.0,29.0,29.0,29.0,29.0,29.0,29.0,30.0,30.0,30.0,30.0,30.0,30.0,30.0,30.0,30.0,30.0,30.0,30.0,30.0,30.0,30.0,30.0,30.0,30.0,30.0,30.0,30.0,30.0,30.0,30.0,29.0,29.0,29.0,29.0,29.0,29.0,29.0,29.0,29.0,29.0,29.0,29.0,29.0,29.0,29
n4eYZv1QlSM,,,,,,,,,,,,,,,,,,,,,,,,,,,,,,,,,,,,,,,,,,,,,,,,,,,,,,,,,,,,,,,,,,,,,,,,,,,,,,,,,,,,,,,,,,,,,,,,,,,,,,,,,42.0,51.0,51.0,56.0,56.0,57.0,59.0,63.0,65.0,65.0,66.0,67.0,69.0,70.0,70.0,70.0,70.0,70.0,71.0,72.0,72.0,73.0,73.0,74.0,74.0,74.0,74.0,74.0,75.0,75.0,75.0,75.0,75.0,75.0,75.0,75.0,76.0,76.0,76.0,78.0,78.0,78.0,78.0,87.0,87.0,89.0,89.0,90.0,90.0,90.0,90.0,90.0,90.0,90.0,90.0,90.0,90.0,90.0,91.0,91.0,91.0,91.0,91.0,91.0,91.0,91.0,91.0,91.0,91.0,91.0,91.0,91.0,91.0,91.0,91.0,92.0,92.0,94.0,94.0,94.0,94.0,94.0,94.0,95.0,94.0,94.0,94.0,95.0,95.0,95.0,95.0,95.0,95.0,95.0,95.0,96.0,97.0,97.0,97.0,97.0,97.0,97.0,97.0,97
V0wcIPdbm_A,,,,,,,,,,,,,,,,,,,,,,,,,,,,,,,,,,,,,,,,,,,,,,,,,,,,,,,,,,,,,,,,,,,,,,,,,,,,,,,,,,,,,,,,,,,,,,,,,,,,,,,,,12.0,17.0,19.0,20.0,20.0,20.0,20.0,20.0,20.0,20.0,20.0,21.0,21.0,21.0,21.0,21.0,21.0,21.0,21.0,21.0,21.0,21.0,21.0,21.0,22.0,22.0,22.0,22.0,22.0,22.0,22.0,22.0,22.0,22.0,22.0,22.0,22.0,22.0,22.0,22.0,22.0,22.0,22.0,22.0,22.0,22.0,22.0,22.0,22.0,22.0,22.0,22.0,22.0,22.0,22.0,23.0,23.0,23.0,24.0,24.0,24.0,24.0,24.0,24.0,24.0,24.0,24.0,24.0,24.0,24.0,24.0,24.0,24.0,24.0,24.0,24.0,24.0,24.0,24.0,24.0,24.0,24.0,24.0,24.0,24.0,24.0,24.0,24.0,24.0,24.0,24.0,24.0,24.0,24.0,24.0,24.0,24.0,24.0,24.0,24.0,24.0,24.0,24.0,24
tP7djdhTUUE,,,,,,,,,,,,,,,,,,,,,,,,,,,,,,,,,,,,,,,,,,,,,,,,,,,,,,,,,,,,,,,,,,,,,,,,,,,,,,,,,,,,,,,,,,,,,,,,,,,,,,,,,28.0,41.0,43.0,45.0,46.0,46.0,47.0,47.0,48.0,48.0,48.0,48.0,49.0,49.0,49.0,50.0,51.0,50.0,50.0,50.0,50.0,51.0,51.0,52.0,52.0,52.0,52.0,52.0,52.0,52.0,52.0,52.0,52.0,52.0,50.0,50.0,50.0,50.0,50.0,50.0,50.0,51.0,51.0,51.0,52.0,52.0,52.0,52.0,54.0,54.0,54.0,54.0,54.0,54.0,54.0,54.0,54.0,54.0,54.0,54.0,54.0,54.0,54.0,54.0,54.0,54.0,54.0,54.0,53.0,54.0,54.0,54.0,54.0,54.0,54.0,54.0,54.0,54.0,54.0,54.0,54.0,54.0,54.0,54.0,54.0,54.0,54.0,54.0,54.0,54.0,54.0,54.0,54.0,54.0,54.0,54.0,54.0,54.0,54.0,54.0,55.0,55.0,55.0,55
_wd-uFI3Njc,,,,,,,,,,,,,,,,,,,,,,,,,,,,,,,,,,,,,,,,,,,,,,,,,,,,,,,,,,,,,,,,,,,,,,,,,,,,,,,,,,,,,,,,,,,,,,,,,,,,,,,,,0.0,0.0,0.0,0.0,0.0,0.0,0.0,0.0,0.0,0.0,0.0,0.0,0.0,0.0,0.0,0.0,0.0,0.0,0.0,0.0,0.0,0.0,0.0,0.0,0.0,0.0,0.0,0.0,0.0,0.0,0.0,0.0,0.0,0.0,0.0,0.0,0.0,0.0,0.0,0.0,0.0,0.0,0.0,0.0,0.0,0.0,0.0,0.0,0.0,0.0,0.0,0.0,0.0,0.0,0.0,0.0,0.0,0.0,0.0,0.0,0.0,0.0,0.0,0.0,0.0,0.0,0.0,0.0,0.0,0.0,0.0,0.0,0.0,0.0,0.0,0.0,0.0,0.0,0.0,0.0,0.0,0.0,0.0,0.0,0.0,0.0,0.0,0.0,0.0,0.0,0.0,0.0,0.0,0.0,0.0,0.0,0.0,0.0,0.0,0.0,0.0,0.0,0.0,0
fcFlHmkY-ZI,,,,,,,,,,,,,,,,,,,,,,,,,,,,,,,,,,,,,,,,,,,,,,,,,,,,,,,,,,,,,,,,,,,,,,,,,,,,,,,,,,,,,,,,,,,,,,,,,,,,,,,,,54.0,102.0,140.0,160.0,159.0,162.0,171.0,174.0,174.0,176.0,181.0,184.0,174.0,176.0,178.0,179.0,179.0,180.0,181.0,181.0,182.0,183.0,183.0,183.0,183.0,183.0,183.0,183.0,183.0,183.0,183.0,183.0,183.0,183.0,184.0,183.0,183.0,183.0,183.0,184.0,184.0,184.0,184.0,184.0,185.0,185.0,185.0,185.0,185.0,185.0,185.0,187.0,187.0,187.0,187.0,186.0,186.0,186.0,186.0,186.0,186.0,186.0,186.0,189.0,189.0,189.0,189.0,189.0,189.0,189.0,189.0,189.0,189.0,189.0,190.0,190.0,190.0,191.0,191.0,191.0,191.0,191.0,191.0,191.0,191.0,191.0,191.0,191.0,191.0,192.0,193.0,193.0,193.0,193.0,193.0,193.0,193.0,193.0,193.0,193.0,193.0,193.0,193.0,193
04l_GY_v5Wk,,,,,,,,,,,,,,,,,,,,,,,,,,,,,,,,,,,,,,,,,,,,,,,,,,,,,,,,,,,,,,,,,,,,,,,,,,,,,,,,,,,,,,,,,,,,,,,,,,,,,,,,,,1900.0,2439.0,2607.0,2699.0,2795.0,2844.0,2891.0,2927.0,2948.0,2983.0,3008.0,3026.0,3038.0,3060.0,3076.0,3083.0,3092.0,3097.0,3100.0,3106.0,3113.0,3117.0,3125.0,3131.0,3135.0,3138.0,3142.0,3160.0,3159.0,3165.0,3171.0,3171.0,3175.0,3182.0,3182.0,3183.0,3183.0,3186.0,3187.0,3189.0,3190.0,3191.0,3192.0,3193.0,3194.0,3202.0,3204.0,3207.0,3211.0,3215.0,3216.0,3215.0,3216.0,3218.0,3220.0,3225.0,3229.0,3229.0,3231.0,3233.0,3235.0,3236.0,3240.0,3243.0,3245.0,3249.0,3251.0,3254.0,3256.0,3257.0,3261.0,3264.0,3264.0,3268.0,3271.0,3271.0,3272.0,3268.0,3268.0,3273.0,3273.0,3274.0,3275.0,3276.0,3276.0,3276.0,3277.0,3277.0,3276.0,3276.0,3275.0,3276.0,3277.0,3277.0,3277.0,3276.0,3276.0,3276.0,3275.0,3276.0,3276.0,3276.0,3277
X1O6JR4BXU0,,,,,,,,,,,,,,,,,,,,,,,,,,,,,,,,,,,,,,,,,,,,,,,,,,,,,,,,,,,,,,,,,,,,,,,,,,,,,,,,,,,,,,,,,,,,,,,,,,,,,,,,,,0.0,0.0,0.0,0.0,0.0,0.0,0.0,0.0,0.0,0.0,0.0,0.0,0.0,0.0,0.0,0.0,0.0,0.0,0.0,0.0,0.0,0.0,0.0,0.0,0.0,0.0,0.0,0.0,0.0,0.0,0.0,0.0,0.0,0.0,0.0,0.0,0.0,0.0,0.0,0.0,0.0,0.0,0.0,0.0,0.0,0.0,0.0,0.0,0.0,0.0,0.0,0.0,0.0,0.0,0.0,0.0,0.0,0.0,0.0,0.0,0.0,0.0,0.0,0.0,0.0,0.0,0.0,0.0,0.0,0.0,0.0,0.0,0.0,0.0,0.0,0.0,0.0,0.0,0.0,0.0,0.0,0.0,0.0,0.0,0.0,0.0,0.0,0.0,0.0,0.0,0.0,0.0,0.0,0.0,0.0,0.0,0.0,0.0,0.0,0.0,0.0,0.0,0
FX5YsDRRwiw,,,,,,,,,,,,,,,,,,,,,,,,,,,,,,,,,,,,,,,,,,,,,,,,,,,,,,,,,,,,,,,,,,,,,,,,,,,,,,,,,,,,,,,,,,,,,,,,,,,,,,,,,,1758.0,2242.0,2448.0,2772.0,2868.0,2968.0,3033.0,3059.0,3087.0,3106.0,3133.0,3145.0,3161.0,3175.0,3197.0,3207.0,3212.0,3220.0,3223.0,3233.0,3241.0,3246.0,3250.0,3259.0,3267.0,3287.0,3288.0,3290.0,3295.0,3305.0,3315.0,3324.0,3326.0,3331.0,3333.0,3335.0,3337.0,3339.0,3339.0,3341.0,3342.0,3343.0,3344.0,3345.0,3345.0,3346.0,3346.0,3346.0,3348.0,3348.0,3348.0,3348.0,3349.0,3349.0,3349.0,3349.0,3349.0,3349.0,3349.0,3350.0,3351.0,3352.0,3352.0,3352.0,3353.0,3353.0,3355.0,3355.0,3355.0,3355.0,3355.0,3355.0,3354.0,3355.0,3355.0,3357.0,3357.0,3357.0,3357.0,3357.0,3357.0,3356.0,3357.0,3357.0,3356.0,3356.0,3357.0,3358.0,3358.0,3358.0,3358.0,3358.0,3359.0,3359.0,3361.0,3361.0,3361.0,3361.0,3362.0,3362.0,3354.0,3354.0,3354
qSewOUTWues,,,,,,,,,,,,,,,,,,,,,,,,,,,,,,,,,,,,,,,,,,,,,,,,,,,,,,,,,,,,,,,,,,,,,,,,,,,,,,,,,,,,,,,,,,,,,,,,,,,,,,,,,,49.0,53.0,58.0,63.0,64.0,64.0,65.0,65.0,67.0,67.0,67.0,67.0,67.0,67.0,67.0,67.0,67.0,69.0,69.0,69.0,69.0,70.0,70.0,70.0,71.0,71.0,71.0,71.0,72.0,73.0,74.0,74.0,74.0,74.0,74.0,75.0,75.0,76.0,76.0,76.0,76.0,76.0,76.0,75.0,75.0,75.0,75.0,75.0,75.0,75.0,75.0,76.0,76.0,76.0,76.0,76.0,76.0,76.0,77.0,77.0,78.0,78.0,79.0,79.0,80.0,81.0,81.0,81.0,81.0,82.0,82.0,82.0,83.0,83.0,83.0,84.0,84.0,84.0,84.0,84.0,83.0,83.0,83.0,83.0,83.0,83.0,83.0,83.0,83.0,83.0,83.0,83.0,83.0,83.0,83.0,83.0,83.0,83.0,83.0,86.0,86.0,86.0,86
zxs0N9_94Zs,,,,,,,,,,,,,,,,,,,,,,,,,,,,,,,,,,,,,,,,,,,,,,,,,,,,,,,,,,,,,,,,,,,,,,,,,,,,,,,,,,,,,,,,,,,,,,,,,,,,,,,,,,2895.0,4074.0,4569.0,4884.0,5101.0,5375.0,5597.0,5737.0,5860.0,5942.0,5990.0,6083.0,6149.0,6214.0,6287.0,6377.0,6434.0,6495.0,6542.0,6587.0,6672.0,6727.0,6825.0,6935.0,7002.0,7049.0,7132.0,7177.0,7224.0,7261.0,7338.0,7420.0,7479.0,7543.0,7608.0,7653.0,7698.0,7755.0,7796.0,7822.0,7842.0,7874.0,7909.0,7943.0,7994.0,8034.0,8080.0,8109.0,8125.0,8149.0,8187.0,8210.0,8225.0,8249.0,8260.0,8285.0,8336.0,8382.0,8410.0,8430.0,8459.0,8466.0,8480.0,8490.0,8504.0,8513.0,8520.0,8532.0,8542.0,8552.0,8563.0,8574.0,8587.0,8592.0,8606.0,8619.0,8621.0,8632.0,8639.0,8643.0,8652.0,8661.0,8680.0,8682.0,8690.0,8693.0,8703.0,8705.0,8711.0,8723.0,8730.0,8739.0,8742.0,8747.0,8755.0,8759.0,8770.0,8772.0,8784.0,8790.0,8808.0,8816.0,8821
2mUjLyyZOW0,,,,,,,,,,,,,,,,,,,,,,,,,,,,,,,,,,,,,,,,,,,,,,,,,,,,,,,,,,,,,,,,,,,,,,,,,,,,,,,,,,,,,,,,,,,,,,,,,,,,,,,,,,232.0,241.0,250.0,254.0,263.0,268.0,272.0,279.0,281.0,283.0,283.0,283.0,284.0,284.0,286.0,285.0,286.0,285.0,285.0,286.0,287.0,290.0,291.0,291.0,292.0,293.0,294.0,294.0,294.0,294.0,294.0,294.0,296.0,296.0,296.0,297.0,297.0,297.0,298.0,298.0,299.0,299.0,299.0,299.0,300.0,301.0,302.0,302.0,304.0,306.0,307.0,308.0,309.0,309.0,309.0,309.0,309.0,310.0,311.0,311.0,311.0,312.0,313.0,317.0,317.0,318.0,320.0,320.0,321.0,321.0,323.0,323.0,324.0,324.0,325.0,326.0,326.0,326.0,326.0,326.0,326.0,327.0,328.0,329.0,331.0,331.0,331.0,331.0,331.0,331.0,331.0,331.0,331.0,331.0,331.0,332.0,333.0,333.0,334.0,334.0,334.0,334.0,334
E-DoiGgwze4,,,,,,,,,,,,,,,,,,,,,,,,,,,,,,,,,,,,,,,,,,,,,,,,,,,,,,,,,,,,,,,,,,,,,,,,,,,,,,,,,,,,,,,,,,,,,,,,,,,,,,,,,,92.0,94.0,96.0,97.0,101.0,102.0,103.0,104.0,104.0,105.0,106.0,107.0,107.0,107.0,110.0,112.0,113.0,111.0,112.0,113.0,113.0,113.0,113.0,113.0,113.0,113.0,113.0,113.0,113.0,113.0,113.0,113.0,113.0,113.0,113.0,113.0,113.0,114.0,114.0,114.0,114.0,114.0,114.0,114.0,114.0,114.0,114.0,114.0,114.0,114.0,114.0,114.0,114.0,114.0,114.0,114.0,114.0,114.0,114.0,114.0,114.0,114.0,114.0,114.0,114.0,114.0,114.0,114.0,113.0,113.0,113.0,113.0,113.0,113.0,113.0,114.0,114.0,114.0,114.0,114.0,114.0,114.0,114.0,114.0,115.0,115.0,115.0,115.0,115.0,115.0,115.0,115.0,115.0,115.0,115.0,115.0,115.0,115.0,115.0,115.0,115.0,116.0,116
Uw15hkEiTjw,,,,,,,,,,,,,,,,,,,,,,,,,,,,,,,,,,,,,,,,,,,,,,,,,,,,,,,,,,,,,,,,,,,,,,,,,,,,,,,,,,,,,,,,,,,,,,,,,,,,,,,,,,94.0,94.0,94.0,94.0,94.0,94.0,94.0,95.0,95.0,95.0,95.0,95.0,95.0,95.0,95.0,95.0,96.0,96.0,96.0,96.0,96.0,96.0,96.0,96.0,96.0,96.0,96.0,96.0,96.0,96.0,96.0,96.0,96.0,96.0,96.0,96.0,96.0,97.0,97.0,97.0,97.0,97.0,97.0,97.0,97.0,97.0,97.0,97.0,97.0,97.0,97.0,97.0,97.0,97.0,97.0,97.0,97.0,97.0,97.0,97.0,97.0,97.0,97.0,97.0,97.0,97.0,97.0,97.0,97.0,97.0,97.0,97.0,97.0,97.0,97.0,97.0,97.0,97.0,97.0,97.0,97.0,97.0,97.0,97.0,97.0,97.0,97.0,97.0,97.0,97.0,97.0,97.0,97.0,97.0,97.0,97.0,97.0,98.0,98.0,98.0,98.0,98.0,98
bwANnNaPGgk,,,,,,,,,,,,,,,,,,,,,,,,,,,,,,,,,,,,,,,,,,,,,,,,,,,,,,,,,,,,,,,,,,,,,,,,,,,,,,,,,,,,,,,,,,,,,,,,,,,,,,,,,,0.0,0.0,0.0,0.0,0.0,0.0,0.0,0.0,0.0,0.0,0.0,0.0,0.0,0.0,0.0,0.0,0.0,0.0,0.0,0.0,0.0,0.0,0.0,0.0,0.0,0.0,0.0,0.0,0.0,0.0,0.0,0.0,0.0,0.0,0.0,0.0,0.0,0.0,0.0,0.0,0.0,0.0,0.0,0.0,0.0,0.0,0.0,0.0,0.0,0.0,0.0,0.0,0.0,0.0,0.0,0.0,0.0,0.0,0.0,0.0,0.0,0.0,0.0,0.0,0.0,0.0,0.0,0.0,0.0,0.0,0.0,0.0,0.0,0.0,0.0,0.0,0.0,0.0,0.0,0.0,0.0,0.0,0.0,0.0,0.0,0.0,0.0,0.0,0.0,0.0,0.0,0.0,0.0,0.0,0.0,0.0,0.0,0.0,0.0,0.0,0.0,0.0,0
RJmuGJKSYK8,,,,,,,,,,,,,,,,,,,,,,,,,,,,,,,,,,,,,,,,,,,,,,,,,,,,,,,,,,,,,,,,,,,,,,,,,,,,,,,,,,,,,,,,,,,,,,,,,,,,,,,,,,409.0,445.0,445.0,445.0,445.0,445.0,459.0,477.0,480.0,489.0,492.0,494.0,495.0,496.0,500.0,503.0,503.0,505.0,508.0,509.0,510.0,512.0,512.0,512.0,516.0,517.0,520.0,520.0,520.0,521.0,523.0,523.0,526.0,526.0,526.0,526.0,526.0,527.0,527.0,527.0,528.0,529.0,529.0,528.0,527.0,527.0,527.0,527.0,527.0,527.0,528.0,528.0,530.0,531.0,531.0,531.0,536.0,536.0,536.0,536.0,536.0,536.0,534.0,534.0,535.0,535.0,535.0,535.0,535.0,535.0,535.0,535.0,535.0,535.0,535.0,535.0,535.0,535.0,535.0,535.0,535.0,537.0,537.0,537.0,536.0,535.0,535.0,535.0,534.0,534.0,535.0,534.0,537.0,537.0,537.0,537.0,537.0,537.0,538.0,539.0,539.0,539.0,539
cJ-h5gxPmHs,,,,,,,,,,,,,,,,,,,,,,,,,,,,,,,,,,,,,,,,,,,,,,,,,,,,,,,,,,,,,,,,,,,,,,,,,,,,,,,,,,,,,,,,,,,,,,,,,,,,,,,,,,,16.0,22.0,24.0,25.0,27.0,27.0,27.0,28.0,29.0,30.0,30.0,30.0,31.0,32.0,32.0,32.0,32.0,32.0,32.0,32.0,32.0,32.0,32.0,32.0,32.0,32.0,32.0,32.0,32.0,32.0,32.0,32.0,32.0,32.0,32.0,32.0,32.0,32.0,32.0,32.0,32.0,34.0,34.0,34.0,35.0,35.0,35.0,35.0,35.0,35.0,35.0,35.0,35.0,35.0,35.0,35.0,35.0,35.0,35.0,35.0,35.0,35.0,35.0,35.0,35.0,35.0,35.0,36.0,36.0,36.0,36.0,36.0,37.0,37.0,37.0,37.0,37.0,37.0,37.0,37.0,37.0,37.0,37.0,37.0,37.0,36.0,37.0,37.0,37.0,37.0,37.0,37.0,37.0,37.0,37.0,37.0,37.0,37.0,37.0,37.0,37.0,37
GWgJFJJVyl0,,,,,,,,,,,,,,,,,,,,,,,,,,,,,,,,,,,,,,,,,,,,,,,,,,,,,,,,,,,,,,,,,,,,,,,,,,,,,,,,,,,,,,,,,,,,,,,,,,,,,,,,,,,24.0,31.0,34.0,35.0,36.0,36.0,36.0,36.0,36.0,37.0,37.0,37.0,37.0,37.0,37.0,37.0,37.0,37.0,37.0,37.0,37.0,37.0,37.0,37.0,37.0,37.0,37.0,37.0,37.0,37.0,37.0,37.0,37.0,37.0,37.0,37.0,37.0,37.0,37.0,37.0,37.0,37.0,37.0,37.0,37.0,37.0,37.0,37.0,37.0,37.0,37.0,37.0,37.0,37.0,37.0,37.0,37.0,37.0,37.0,37.0,37.0,37.0,37.0,37.0,37.0,37.0,37.0,37.0,37.0,37.0,37.0,37.0,37.0,37.0,37.0,37.0,37.0,37.0,37.0,37.0,37.0,37.0,37.0,37.0,37.0,37.0,37.0,37.0,37.0,37.0,37.0,37.0,37.0,37.0,37.0,37.0,37.0,37.0,37.0,37.0,37.0,37
P5TKt6l1Tz8,,,,,,,,,,,,,,,,,,,,,,,,,,,,,,,,,,,,,,,,,,,,,,,,,,,,,,,,,,,,,,,,,,,,,,,,,,,,,,,,,,,,,,,,,,,,,,,,,,,,,,,,,,,0.0,0.0,0.0,0.0,0.0,0.0,0.0,0.0,0.0,0.0,0.0,0.0,0.0,0.0,0.0,0.0,0.0,0.0,0.0,0.0,0.0,0.0,0.0,0.0,0.0,0.0,0.0,0.0,0.0,0.0,0.0,0.0,0.0,0.0,0.0,0.0,0.0,0.0,0.0,0.0,0.0,0.0,0.0,0.0,0.0,0.0,0.0,0.0,0.0,0.0,0.0,0.0,0.0,0.0,0.0,0.0,0.0,0.0,0.0,0.0,0.0,0.0,0.0,0.0,0.0,0.0,0.0,0.0,0.0,0.0,0.0,0.0,0.0,0.0,0.0,0.0,0.0,0.0,0.0,0.0,0.0,0.0,0.0,0.0,0.0,0.0,0.0,0.0,0.0,0.0,0.0,0.0,0.0,0.0,0.0,0.0,0.0,0.0,0.0,0.0,0.0,0
CzpCZPD8Xmc,,,,,,,,,,,,,,,,,,,,,,,,,,,,,,,,,,,,,,,,,,,,,,,,,,,,,,,,,,,,,,,,,,,,,,,,,,,,,,,,,,,,,,,,,,,,,,,,,,,,,,,,,,,0.0,0.0,0.0,0.0,0.0,0.0,0.0,0.0,0.0,0.0,0.0,0.0,0.0,0.0,0.0,0.0,0.0,0.0,0.0,0.0,0.0,0.0,0.0,0.0,0.0,0.0,0.0,0.0,0.0,0.0,0.0,0.0,0.0,0.0,0.0,0.0,0.0,0.0,0.0,0.0,0.0,0.0,0.0,0.0,0.0,0.0,0.0,0.0,0.0,0.0,0.0,0.0,0.0,0.0,0.0,0.0,0.0,0.0,0.0,0.0,0.0,0.0,0.0,0.0,0.0,0.0,0.0,0.0,0.0,0.0,0.0,0.0,0.0,0.0,0.0,0.0,0.0,0.0,0.0,0.0,0.0,0.0,0.0,0.0,0.0,0.0,0.0,0.0,0.0,0.0,0.0,0.0,0.0,0.0,0.0,0.0,0.0,0.0,0.0,0.0,0.0,0
YZ8hlzxVwb8,,,,,,,,,,,,,,,,,,,,,,,,,,,,,,,,,,,,,,,,,,,,,,,,,,,,,,,,,,,,,,,,,,,,,,,,,,,,,,,,,,,,,,,,,,,,,,,,,,,,,,,,,,,0.0,0.0,0.0,0.0,0.0,0.0,0.0,0.0,0.0,0.0,0.0,0.0,0.0,0.0,0.0,0.0,0.0,0.0,0.0,0.0,0.0,0.0,0.0,0.0,0.0,0.0,0.0,0.0,0.0,0.0,0.0,0.0,0.0,0.0,0.0,0.0,0.0,0.0,0.0,0.0,0.0,0.0,0.0,0.0,0.0,0.0,0.0,0.0,0.0,0.0,0.0,0.0,0.0,0.0,0.0,0.0,0.0,0.0,0.0,0.0,0.0,0.0,0.0,0.0,0.0,0.0,0.0,0.0,0.0,0.0,0.0,0.0,0.0,0.0,0.0,0.0,0.0,0.0,0.0,0.0,0.0,0.0,0.0,0.0,0.0,0.0,0.0,0.0,0.0,0.0,0.0,0.0,0.0,0.0,0.0,0.0,0.0,0.0,0.0,0.0,0.0,0
puY8TlKCenU,,,,,,,,,,,,,,,,,,,,,,,,,,,,,,,,,,,,,,,,,,,,,,,,,,,,,,,,,,,,,,,,,,,,,,,,,,,,,,,,,,,,,,,,,,,,,,,,,,,,,,,,,,,605.0,671.0,708.0,731.0,749.0,760.0,779.0,792.0,802.0,814.0,820.0,829.0,834.0,842.0,848.0,857.0,862.0,867.0,864.0,871.0,874.0,878.0,884.0,889.0,889.0,893.0,895.0,901.0,907.0,909.0,910.0,916.0,922.0,923.0,929.0,928.0,928.0,933.0,934.0,936.0,937.0,939.0,941.0,945.0,946.0,948.0,950.0,952.0,958.0,960.0,962.0,965.0,965.0,963.0,963.0,963.0,965.0,965.0,965.0,966.0,967.0,972.0,975.0,975.0,974.0,977.0,977.0,977.0,977.0,975.0,976.0,977.0,977.0,977.0,974.0,974.0,974.0,973.0,973.0,973.0,972.0,972.0,973.0,974.0,974.0,974.0,974.0,975.0,975.0,975.0,977.0,977.0,979.0,980.0,984.0,987.0,990.0,992.0,992.0,990.0,991.0,993
ceJ0qvgaxmI,,,,,,,,,,,,,,,,,,,,,,,,,,,,,,,,,,,,,,,,,,,,,,,,,,,,,,,,,,,,,,,,,,,,,,,,,,,,,,,,,,,,,,,,,,,,,,,,,,,,,,,,,,,0.0,0.0,0.0,0.0,0.0,0.0,0.0,0.0,0.0,0.0,0.0,0.0,0.0,0.0,0.0,0.0,0.0,0.0,0.0,0.0,0.0,0.0,0.0,0.0,0.0,0.0,0.0,0.0,0.0,0.0,0.0,0.0,0.0,0.0,0.0,0.0,0.0,0.0,0.0,0.0,0.0,0.0,0.0,0.0,0.0,0.0,0.0,0.0,0.0,0.0,0.0,0.0,0.0,0.0,0.0,0.0,0.0,0.0,0.0,0.0,0.0,0.0,0.0,0.0,0.0,0.0,0.0,0.0,0.0,0.0,0.0,0.0,0.0,0.0,0.0,0.0,0.0,0.0,0.0,0.0,0.0,0.0,0.0,0.0,0.0,0.0,0.0,0.0,0.0,0.0,0.0,0.0,0.0,0.0,0.0,0.0,0.0,0.0,0.0,0.0,0.0,0
UGYR8AhDDEg,,,,,,,,,,,,,,,,,,,,,,,,,,,,,,,,,,,,,,,,,,,,,,,,,,,,,,,,,,,,,,,,,,,,,,,,,,,,,,,,,,,,,,,,,,,,,,,,,,,,,,,,,,,,150.0,194.0,210.0,227.0,234.0,245.0,259.0,269.0,275.0,283.0,290.0,294.0,295.0,298.0,301.0,303.0,305.0,309.0,310.0,314.0,316.0,317.0,318.0,318.0,320.0,322.0,326.0,327.0,332.0,332.0,332.0,340.0,343.0,348.0,354.0,354.0,358.0,358.0,360.0,361.0,362.0,365.0,366.0,367.0,369.0,371.0,373.0,377.0,377.0,379.0,380.0,380.0,383.0,385.0,386.0,386.0,390.0,391.0,391.0,390.0,390.0,392.0,393.0,394.0,396.0,397.0,398.0,401.0,403.0,403.0,405.0,406.0,406.0,407.0,407.0,407.0,408.0,410.0,410.0,410.0,409.0,410.0,409.0,409.0,409.0,410.0,412.0,413.0,413.0,414.0,414.0,414.0,414.0,414.0,414.0,415.0,415.0,417.0,418.0,418.0,418
fnfaeIWp5lI,,,,,,,,,,,,,,,,,,,,,,,,,,,,,,,,,,,,,,,,,,,,,,,,,,,,,,,,,,,,,,,,,,,,,,,,,,,,,,,,,,,,,,,,,,,,,,,,,,,,,,,,,,,,0.0,0.0,0.0,0.0,0.0,0.0,0.0,0.0,0.0,0.0,0.0,0.0,0.0,0.0,0.0,0.0,0.0,0.0,0.0,0.0,0.0,0.0,0.0,0.0,0.0,0.0,0.0,0.0,0.0,0.0,0.0,0.0,0.0,0.0,0.0,0.0,0.0,0.0,0.0,0.0,0.0,0.0,0.0,0.0,0.0,0.0,0.0,0.0,0.0,0.0,0.0,0.0,0.0,0.0,0.0,0.0,0.0,0.0,0.0,0.0,0.0,0.0,0.0,0.0,0.0,0.0,0.0,0.0,0.0,0.0,0.0,0.0,0.0,0.0,0.0,0.0,0.0,0.0,0.0,0.0,0.0,0.0,0.0,0.0,0.0,0.0,0.0,0.0,0.0,0.0,0.0,0.0,0.0,0.0,0.0,0.0,0.0,0.0,0.0,0.0,0
3sKKVJ_jfAs,,,,,,,,,,,,,,,,,,,,,,,,,,,,,,,,,,,,,,,,,,,,,,,,,,,,,,,,,,,,,,,,,,,,,,,,,,,,,,,,,,,,,,,,,,,,,,,,,,,,,,,,,,,,557.0,592.0,609.0,636.0,647.0,662.0,673.0,680.0,690.0,698.0,702.0,705.0,712.0,718.0,725.0,737.0,744.0,753.0,760.0,763.0,768.0,772.0,776.0,782.0,784.0,788.0,789.0,789.0,790.0,794.0,798.0,798.0,798.0,799.0,801.0,803.0,805.0,808.0,810.0,810.0,810.0,810.0,810.0,810.0,810.0,810.0,812.0,813.0,813.0,814.0,814.0,815.0,815.0,815.0,816.0,816.0,816.0,818.0,819.0,820.0,819.0,819.0,819.0,819.0,819.0,819.0,819.0,821.0,822.0,824.0,823.0,825.0,826.0,826.0,826.0,826.0,826.0,826.0,826.0,827.0,827.0,828.0,828.0,829.0,829.0,829.0,829.0,829.0,829.0,830.0,831.0,831.0,831.0,832.0,832.0,832.0,832.0,832.0,832.0,832.0,832
qMm0gWRpWFU,,,,,,,,,,,,,,,,,,,,,,,,,,,,,,,,,,,,,,,,,,,,,,,,,,,,,,,,,,,,,,,,,,,,,,,,,,,,,,,,,,,,,,,,,,,,,,,,,,,,,,,,,,,,5.0,6.0,6.0,8.0,9.0,9.0,9.0,9.0,9.0,10.0,10.0,10.0,10.0,10.0,10.0,10.0,10.0,10.0,10.0,10.0,10.0,10.0,10.0,10.0,10.0,10.0,10.0,10.0,10.0,10.0,10.0,10.0,10.0,10.0,10.0,10.0,10.0,10.0,10.0,10.0,10.0,10.0,10.0,10.0,10.0,10.0,10.0,10.0,10.0,10.0,10.0,10.0,10.0,10.0,10.0,10.0,10.0,10.0,10.0,10.0,10.0,10.0,10.0,10.0,10.0,10.0,10.0,10.0,10.0,10.0,10.0,10.0,10.0,10.0,10.0,10.0,10.0,10.0,10.0,10.0,10.0,10.0,11.0,11.0,11.0,11.0,11.0,11.0,11.0,11.0,11.0,11.0,11.0,11.0,11.0,11.0,11.0,11.0,11.0,11.0,11
uHRRrnhTDiQ,,,,,,,,,,,,,,,,,,,,,,,,,,,,,,,,,,,,,,,,,,,,,,,,,,,,,,,,,,,,,,,,,,,,,,,,,,,,,,,,,,,,,,,,,,,,,,,,,,,,,,,,,,,,53.0,71.0,73.0,77.0,85.0,85.0,88.0,90.0,92.0,96.0,97.0,98.0,100.0,101.0,103.0,103.0,104.0,105.0,106.0,106.0,106.0,106.0,107.0,107.0,110.0,110.0,111.0,111.0,111.0,112.0,112.0,112.0,112.0,112.0,112.0,113.0,113.0,113.0,113.0,113.0,113.0,113.0,113.0,113.0,113.0,113.0,113.0,113.0,113.0,113.0,113.0,113.0,113.0,113.0,113.0,113.0,113.0,113.0,113.0,113.0,113.0,113.0,113.0,113.0,113.0,113.0,113.0,110.0,110.0,110.0,110.0,110.0,110.0,109.0,109.0,109.0,109.0,109.0,109.0,109.0,109.0,109.0,110.0,110.0,110.0,110.0,110.0,110.0,110.0,110.0,111.0,110.0,110.0,110.0,110.0,110.0,111.0,111.0,111.0,111.0,112
7oxaTPvKP6g,,,,,,,,,,,,,,,,,,,,,,,,,,,,,,,,,,,,,,,,,,,,,,,,,,,,,,,,,,,,,,,,,,,,,,,,,,,,,,,,,,,,,,,,,,,,,,,,,,,,,,,,,,,,5.0,5.0,5.0,5.0,5.0,5.0,5.0,5.0,5.0,5.0,5.0,5.0,5.0,5.0,5.0,5.0,5.0,5.0,5.0,5.0,5.0,5.0,5.0,5.0,5.0,5.0,5.0,5.0,5.0,5.0,5.0,5.0,5.0,5.0,5.0,5.0,5.0,5.0,5.0,5.0,5.0,5.0,5.0,5.0,5.0,5.0,5.0,5.0,5.0,5.0,5.0,5.0,5.0,5.0,5.0,5.0,5.0,5.0,5.0,5.0,5.0,5.0,5.0,5.0,5.0,5.0,5.0,5.0,5.0,5.0,5.0,5.0,5.0,5.0,5.0,5.0,5.0,5.0,5.0,5.0,5.0,5.0,5.0,5.0,5.0,5.0,5.0,5.0,5.0,5.0,5.0,5.0,5.0,5.0,5.0,5.0,5.0,5.0,5.0,5.0,5
U6BDbXIah-Y,,,,,,,,,,,,,,,,,,,,,,,,,,,,,,,,,,,,,,,,,,,,,,,,,,,,,,,,,,,,,,,,,,,,,,,,,,,,,,,,,,,,,,,,,,,,,,,,,,,,,,,,,,,,,43185.0,50165.0,52001.0,53285.0,54448.0,55115.0,56079.0,56693.0,57339.0,58072.0,58596.0,59085.0,59702.0,60233.0,60763.0,61052.0,61242.0,61428.0,61652.0,61886.0,62121.0,62381.0,62582.0,62701.0,62855.0,62978.0,63131.0,63266.0,63367.0,63467.0,63578.0,63693.0,63837.0,63977.0,64712.0,65044.0,65214.0,65358.0,65506.0,65655.0,66081.0,66302.0,66423.0,66502.0,66568.0,66610.0,66680.0,66752.0,66835.0,66931.0,67014.0,67092.0,67154.0,67239.0,67303.0,67397.0,67460.0,67529.0,67603.0,67645.0,67699.0,67770.0,67841.0,67905.0,67973.0,68039.0,68114.0,68185.0,68240.0,68305.0,68355.0,68413.0,68494.0,68530.0,68597.0,68633.0,68679.0,68779.0,68845.0,68925.0,69001.0,69103.0,69203.0,69287.0,69410.0,69469.0,69534.0,69561.0,69630.0,69671.0,69754.0,69796.0,69828.0,69857.0,69887.0,69937.0,69965.0,70003.0,70038.0,70066
sadl9Ujgnms,,,,,,,,,,,,,,,,,,,,,,,,,,,,,,,,,,,,,,,,,,,,,,,,,,,,,,,,,,,,,,,,,,,,,,,,,,,,,,,,,,,,,,,,,,,,,,,,,,,,,,,,,,,,,828.0,1436.0,1711.0,1950.0,2102.0,2247.0,2604.0,2694.0,2745.0,2778.0,2814.0,2835.0,2883.0,2917.0,2947.0,2966.0,2987.0,3011.0,3027.0,3036.0,3041.0,3049.0,3055.0,3061.0,3067.0,3072.0,3075.0,3078.0,3086.0,3090.0,3093.0,3099.0,3122.0,3134.0,3144.0,3147.0,3157.0,3170.0,3176.0,3184.0,3187.0,3193.0,3195.0,3197.0,3203.0,3207.0,3210.0,3211.0,3213.0,3215.0,3220.0,3224.0,3228.0,3230.0,3239.0,3247.0,3250.0,3257.0,3260.0,3262.0,3265.0,3269.0,3273.0,3275.0,3278.0,3282.0,3296.0,3302.0,3303.0,3305.0,3310.0,3319.0,3325.0,3327.0,3331.0,3334.0,3334.0,3336.0,3337.0,3339.0,3340.0,3341.0,3341.0,3332.0,3336.0,3340.0,3343.0,3346.0,3348.0,3353.0,3353.0,3361.0,3362.0,3364.0,3366.0,0.0,3370.0,3370.0,3381.0,3381
8wKz7rN2pAk,,,,,,,,,,,,,,,,,,,,,,,,,,,,,,,,,,,,,,,,,,,,,,,,,,,,,,,,,,,,,,,,,,,,,,,,,,,,,,,,,,,,,,,,,,,,,,,,,,,,,,,,,,,,,950.0,978.0,1006.0,1019.0,1040.0,1056.0,1066.0,1064.0,1072.0,1081.0,1087.0,1091.0,1111.0,1110.0,1113.0,1110.0,1114.0,1115.0,1118.0,1117.0,1122.0,1124.0,1126.0,1126.0,1127.0,1129.0,1125.0,1126.0,1126.0,1127.0,1128.0,1133.0,1132.0,1133.0,1134.0,1135.0,1133.0,1134.0,1134.0,1135.0,1135.0,1136.0,1134.0,1135.0,1134.0,1135.0,1137.0,1137.0,1138.0,1140.0,1142.0,1141.0,1140.0,1140.0,1140.0,1141.0,1141.0,1141.0,1140.0,1141.0,1141.0,1142.0,1142.0,1143.0,1143.0,1142.0,1142.0,1142.0,1142.0,1142.0,1142.0,1142.0,1142.0,1142.0,1142.0,1141.0,1142.0,1141.0,1141.0,1141.0,1141.0,1141.0,1144.0,1141.0,1141.0,1141.0,1142.0,1139.0,1139.0,1138.0,1138.0,1139.0,1138.0,1139.0,1139.0,1138.0,1138.0,1138.0,1137.0,1137
VxzIGplyFNc,,,,,,,,,,,,,,,,,,,,,,,,,,,,,,,,,,,,,,,,,,,,,,,,,,,,,,,,,,,,,,,,,,,,,,,,,,,,,,,,,,,,,,,,,,,,,,,,,,,,,,,,,,,,,279.0,299.0,304.0,311.0,313.0,316.0,317.0,319.0,321.0,330.0,331.0,331.0,334.0,335.0,335.0,336.0,336.0,336.0,339.0,339.0,340.0,340.0,340.0,340.0,340.0,340.0,340.0,343.0,342.0,341.0,343.0,343.0,343.0,343.0,343.0,343.0,343.0,343.0,343.0,344.0,344.0,344.0,344.0,344.0,344.0,344.0,344.0,344.0,344.0,344.0,344.0,344.0,344.0,344.0,344.0,345.0,345.0,345.0,345.0,345.0,344.0,344.0,344.0,344.0,344.0,344.0,344.0,344.0,344.0,344.0,344.0,344.0,344.0,344.0,344.0,344.0,344.0,344.0,344.0,344.0,344.0,344.0,344.0,344.0,344.0,344.0,344.0,344.0,344.0,344.0,344.0,344.0,344.0,344.0,344.0,344.0,344.0,344.0,344.0,344
YJ9s1dCYqV4,,,,,,,,,,,,,,,,,,,,,,,,,,,,,,,,,,,,,,,,,,,,,,,,,,,,,,,,,,,,,,,,,,,,,,,,,,,,,,,,,,,,,,,,,,,,,,,,,,,,,,,,,,,,,151.0,151.0,151.0,151.0,151.0,151.0,151.0,151.0,151.0,151.0,151.0,151.0,151.0,151.0,151.0,151.0,151.0,151.0,152.0,152.0,153.0,153.0,153.0,153.0,153.0,153.0,153.0,153.0,154.0,155.0,155.0,155.0,155.0,155.0,155.0,155.0,155.0,155.0,155.0,155.0,155.0,155.0,155.0,155.0,155.0,155.0,155.0,155.0,155.0,157.0,157.0,157.0,158.0,158.0,158.0,158.0,158.0,158.0,158.0,158.0,158.0,158.0,158.0,159.0,159.0,159.0,159.0,159.0,158.0,158.0,158.0,158.0,158.0,158.0,158.0,158.0,158.0,158.0,158.0,158.0,158.0,158.0,158.0,158.0,158.0,158.0,158.0,158.0,158.0,158.0,158.0,158.0,158.0,158.0,158.0,158.0,158.0,158.0,158.0,158
v6QDpTMB23w,,,,,,,,,,,,,,,,,,,,,,,,,,,,,,,,,,,,,,,,,,,,,,,,,,,,,,,,,,,,,,,,,,,,,,,,,,,,,,,,,,,,,,,,,,,,,,,,,,,,,,,,,,,,,49.0,55.0,57.0,56.0,57.0,58.0,59.0,60.0,59.0,59.0,59.0,59.0,59.0,59.0,59.0,59.0,59.0,59.0,60.0,60.0,60.0,60.0,60.0,61.0,61.0,61.0,61.0,61.0,61.0,61.0,61.0,61.0,61.0,62.0,62.0,62.0,62.0,62.0,62.0,62.0,62.0,62.0,62.0,62.0,62.0,62.0,62.0,62.0,62.0,62.0,62.0,62.0,62.0,62.0,62.0,62.0,62.0,62.0,62.0,62.0,62.0,62.0,62.0,62.0,62.0,62.0,62.0,62.0,62.0,64.0,64.0,64.0,64.0,64.0,64.0,64.0,64.0,64.0,64.0,64.0,64.0,64.0,64.0,64.0,64.0,64.0,64.0,64.0,64.0,64.0,64.0,64.0,64.0,64.0,64.0,64.0,64.0,64.0,64.0,64
QETyA3sR60Y,,,,,,,,,,,,,,,,,,,,,,,,,,,,,,,,,,,,,,,,,,,,,,,,,,,,,,,,,,,,,,,,,,,,,,,,,,,,,,,,,,,,,,,,,,,,,,,,,,,,,,,,,,,,,50.0,65.0,68.0,68.0,69.0,69.0,69.0,69.0,69.0,69.0,69.0,69.0,69.0,69.0,70.0,70.0,70.0,70.0,70.0,70.0,70.0,70.0,70.0,70.0,70.0,70.0,70.0,70.0,70.0,70.0,70.0,70.0,70.0,70.0,70.0,70.0,70.0,70.0,70.0,70.0,70.0,70.0,70.0,70.0,70.0,70.0,70.0,70.0,70.0,70.0,70.0,70.0,70.0,70.0,70.0,70.0,70.0,70.0,70.0,71.0,71.0,71.0,71.0,71.0,71.0,71.0,71.0,71.0,71.0,71.0,71.0,71.0,71.0,71.0,71.0,71.0,71.0,71.0,71.0,71.0,71.0,71.0,71.0,71.0,72.0,72.0,72.0,72.0,72.0,72.0,72.0,72.0,72.0,72.0,72.0,72.0,72.0,72.0,72.0,72
UKxqiUMesc8,,,,,,,,,,,,,,,,,,,,,,,,,,,,,,,,,,,,,,,,,,,,,,,,,,,,,,,,,,,,,,,,,,,,,,,,,,,,,,,,,,,,,,,,,,,,,,,,,,,,,,,,,,,,,3.0,3.0,4.0,4.0,4.0,6.0,6.0,6.0,6.0,6.0,6.0,6.0,6.0,6.0,7.0,7.0,7.0,7.0,7.0,7.0,7.0,7.0,7.0,7.0,7.0,7.0,7.0,7.0,7.0,7.0,7.0,7.0,7.0,7.0,7.0,7.0,7.0,7.0,7.0,7.0,7.0,7.0,7.0,7.0,7.0,7.0,7.0,7.0,7.0,7.0,7.0,7.0,7.0,7.0,7.0,7.0,7.0,7.0,7.0,7.0,7.0,7.0,7.0,7.0,7.0,7.0,7.0,7.0,7.0,7.0,7.0,7.0,7.0,7.0,7.0,7.0,7.0,7.0,7.0,7.0,7.0,7.0,7.0,7.0,7.0,7.0,7.0,7.0,7.0,7.0,7.0,7.0,7.0,8.0,8.0,8.0,8.0,8.0,8.0,8
YaD9tfBeFfs,,,,,,,,,,,,,,,,,,,,,,,,,,,,,,,,,,,,,,,,,,,,,,,,,,,,,,,,,,,,,,,,,,,,,,,,,,,,,,,,,,,,,,,,,,,,,,,,,,,,,,,,,,,,,0.0,0.0,0.0,0.0,0.0,0.0,0.0,0.0,0.0,0.0,0.0,0.0,0.0,0.0,0.0,0.0,0.0,0.0,0.0,0.0,0.0,0.0,0.0,0.0,0.0,0.0,0.0,0.0,0.0,0.0,0.0,0.0,0.0,0.0,0.0,0.0,0.0,0.0,0.0,0.0,0.0,0.0,0.0,0.0,0.0,0.0,0.0,0.0,0.0,0.0,0.0,0.0,0.0,0.0,0.0,0.0,0.0,0.0,0.0,0.0,0.0,0.0,0.0,0.0,0.0,0.0,0.0,0.0,0.0,0.0,0.0,0.0,0.0,0.0,0.0,0.0,0.0,0.0,0.0,0.0,0.0,0.0,0.0,0.0,0.0,0.0,0.0,0.0,0.0,0.0,0.0,0.0,0.0,0.0,0.0,0.0,0.0,0.0,0.0,0
pkea5SglAHg,,,,,,,,,,,,,,,,,,,,,,,,,,,,,,,,,,,,,,,,,,,,,,,,,,,,,,,,,,,,,,,,,,,,,,,,,,,,,,,,,,,,,,,,,,,,,,,,,,,,,,,,,,,,,,196.0,196.0,196.0,195.0,195.0,195.0,195.0,195.0,195.0,195.0,195.0,195.0,195.0,195.0,194.0,194.0,194.0,194.0,194.0,195.0,195.0,195.0,195.0,195.0,195.0,195.0,195.0,195.0,195.0,195.0,195.0,195.0,195.0,195.0,195.0,195.0,195.0,195.0,195.0,195.0,195.0,195.0,195.0,195.0,195.0,195.0,195.0,195.0,195.0,195.0,195.0,195.0,195.0,195.0,195.0,195.0,195.0,195.0,196.0,196.0,196.0,196.0,196.0,196.0,196.0,197.0,197.0,197.0,197.0,197.0,197.0,197.0,197.0,197.0,197.0,197.0,197.0,197.0,197.0,197.0,197.0,197.0,197.0,197.0,197.0,197.0,197.0,197.0,197.0,197.0,197.0,197.0,197.0,197.0,197.0,197.0,197.0,197.0,197
wWvu34x2INc,,,,,,,,,,,,,,,,,,,,,,,,,,,,,,,,,,,,,,,,,,,,,,,,,,,,,,,,,,,,,,,,,,,,,,,,,,,,,,,,,,,,,,,,,,,,,,,,,,,,,,,,,,,,,,14833.0,22344.0,24607.0,25854.0,26914.0,27727.0,28226.0,28654.0,28971.0,29210.0,29520.0,29749.0,29867.0,30076.0,30202.0,30256.0,30324.0,30411.0,30472.0,30545.0,30509.0,30562.0,30519.0,30556.0,30614.0,30637.0,30695.0,30738.0,30782.0,30822.0,30873.0,30908.0,30952.0,30990.0,31023.0,31077.0,31112.0,31146.0,31179.0,31204.0,31220.0,31247.0,31269.0,31279.0,31289.0,31309.0,31314.0,31341.0,31359.0,31351.0,31358.0,31376.0,31393.0,31400.0,31415.0,31436.0,31458.0,31465.0,31476.0,31491.0,31521.0,31524.0,31532.0,31535.0,31545.0,31565.0,31579.0,31583.0,31578.0,31600.0,31601.0,31631.0,31642.0,31654.0,31660.0,31659.0,31683.0,31697.0,31714.0,31735.0,31768.0,31772.0,31786.0,31795.0,31823.0,31826.0,31835.0,31840.0,31859.0,31858.0,31875.0,31880.0,31875.0,31893.0,31898.0,31893.0,31905.0,31916.0,31916
O8dR2eWKq8A,,,,,,,,,,,,,,,,,,,,,,,,,,,,,,,,,,,,,,,,,,,,,,,,,,,,,,,,,,,,,,,,,,,,,,,,,,,,,,,,,,,,,,,,,,,,,,,,,,,,,,,,,,,,,,1181.0,1783.0,1933.0,2031.0,2073.0,2108.0,2141.0,2163.0,2182.0,2209.0,2228.0,2242.0,2252.0,2268.0,2278.0,2288.0,2307.0,2318.0,2327.0,2335.0,2339.0,2346.0,2345.0,2349.0,2350.0,2356.0,2360.0,2365.0,2376.0,2386.0,2387.0,2392.0,2400.0,2405.0,2411.0,2415.0,2427.0,2436.0,2441.0,2445.0,2445.0,2459.0,2460.0,2463.0,2466.0,2467.0,2469.0,2472.0,2474.0,2484.0,2486.0,2489.0,2491.0,2496.0,2495.0,2499.0,2503.0,2505.0,2506.0,2507.0,2509.0,2514.0,2515.0,2518.0,2522.0,2523.0,2524.0,2525.0,2529.0,2530.0,2530.0,2530.0,2532.0,2534.0,2537.0,2540.0,2541.0,2542.0,2543.0,2544.0,2544.0,2544.0,2546.0,2547.0,2547.0,2548.0,2551.0,2552.0,2553.0,2555.0,2555.0,2559.0,2557.0,2557.0,2561.0,2563.0,2567.0,2579.0,2578
aJMpcmUobD0,,,,,,,,,,,,,,,,,,,,,,,,,,,,,,,,,,,,,,,,,,,,,,,,,,,,,,,,,,,,,,,,,,,,,,,,,,,,,,,,,,,,,,,,,,,,,,,,,,,,,,,,,,,,,,0.0,0.0,0.0,0.0,0.0,0.0,0.0,0.0,3.0,3.0,3.0,3.0,3.0,3.0,3.0,3.0,3.0,3.0,3.0,3.0,3.0,3.0,3.0,3.0,3.0,3.0,3.0,3.0,3.0,3.0,3.0,3.0,3.0,3.0,3.0,3.0,3.0,3.0,3.0,3.0,3.0,3.0,3.0,3.0,3.0,3.0,3.0,3.0,3.0,3.0,3.0,3.0,3.0,3.0,3.0,3.0,3.0,3.0,3.0,3.0,3.0,3.0,3.0,3.0,3.0,3.0,3.0,3.0,3.0,3.0,3.0,3.0,3.0,3.0,3.0,3.0,3.0,3.0,3.0,3.0,3.0,3.0,3.0,3.0,3.0,3.0,3.0,3.0,3.0,3.0,3.0,3.0,3.0,3.0,3.0,3.0,3.0,3.0,3
m7tmgK3RR3g,,,,,,,,,,,,,,,,,,,,,,,,,,,,,,,,,,,,,,,,,,,,,,,,,,,,,,,,,,,,,,,,,,,,,,,,,,,,,,,,,,,,,,,,,,,,,,,,,,,,,,,,,,,,,,0.0,0.0,0.0,0.0,0.0,0.0,0.0,0.0,0.0,0.0,0.0,0.0,1.0,1.0,1.0,1.0,1.0,1.0,1.0,1.0,1.0,1.0,1.0,1.0,1.0,1.0,1.0,1.0,1.0,1.0,1.0,1.0,1.0,1.0,1.0,1.0,1.0,1.0,1.0,1.0,1.0,1.0,1.0,1.0,1.0,1.0,1.0,1.0,1.0,1.0,1.0,1.0,1.0,1.0,1.0,1.0,1.0,1.0,1.0,1.0,1.0,1.0,1.0,1.0,1.0,1.0,1.0,1.0,1.0,1.0,1.0,1.0,1.0,1.0,1.0,1.0,1.0,1.0,1.0,1.0,1.0,1.0,1.0,1.0,1.0,1.0,1.0,1.0,1.0,1.0,1.0,1.0,1.0,1.0,1.0,1.0,1.0,1.0,1
JUZQS-LhQY0,,,,,,,,,,,,,,,,,,,,,,,,,,,,,,,,,,,,,,,,,,,,,,,,,,,,,,,,,,,,,,,,,,,,,,,,,,,,,,,,,,,,,,,,,,,,,,,,,,,,,,,,,,,,,,1.0,1.0,1.0,1.0,1.0,1.0,1.0,1.0,1.0,1.0,1.0,1.0,1.0,1.0,1.0,1.0,1.0,1.0,1.0,1.0,1.0,1.0,1.0,1.0,1.0,1.0,1.0,1.0,1.0,1.0,1.0,1.0,1.0,1.0,1.0,1.0,1.0,1.0,1.0,1.0,1.0,1.0,1.0,1.0,1.0,1.0,1.0,1.0,1.0,1.0,1.0,1.0,1.0,1.0,1.0,1.0,1.0,1.0,2.0,2.0,2.0,2.0,2.0,2.0,2.0,2.0,2.0,2.0,2.0,2.0,2.0,2.0,2.0,2.0,2.0,2.0,2.0,2.0,2.0,2.0,2.0,2.0,2.0,2.0,2.0,2.0,2.0,2.0,2.0,2.0,2.0,2.0,2.0,2.0,3.0,3.0,3.0,3.0,3
om5Px6IVyEI,,,,,,,,,,,,,,,,,,,,,,,,,,,,,,,,,,,,,,,,,,,,,,,,,,,,,,,,,,,,,,,,,,,,,,,,,,,,,,,,,,,,,,,,,,,,,,,,,,,,,,,,,,,,,,1.0,1.0,1.0,1.0,1.0,1.0,1.0,1.0,1.0,1.0,1.0,1.0,1.0,1.0,1.0,1.0,1.0,1.0,1.0,1.0,1.0,1.0,1.0,1.0,1.0,1.0,1.0,1.0,1.0,1.0,1.0,1.0,1.0,1.0,1.0,1.0,1.0,1.0,1.0,1.0,1.0,1.0,1.0,1.0,1.0,1.0,1.0,1.0,1.0,1.0,1.0,1.0,1.0,1.0,1.0,1.0,1.0,1.0,1.0,1.0,1.0,1.0,1.0,1.0,1.0,1.0,1.0,1.0,1.0,1.0,1.0,1.0,1.0,1.0,1.0,1.0,1.0,1.0,1.0,1.0,1.0,1.0,1.0,1.0,1.0,1.0,1.0,1.0,1.0,1.0,1.0,1.0,1.0,1.0,1.0,1.0,1.0,1.0,1
5qGHUPfF3tM,,,,,,,,,,,,,,,,,,,,,,,,,,,,,,,,,,,,,,,,,,,,,,,,,,,,,,,,,,,,,,,,,,,,,,,,,,,,,,,,,,,,,,,,,,,,,,,,,,,,,,,,,,,,,,627.0,1003.0,1194.0,1268.0,1320.0,1352.0,1363.0,1377.0,1384.0,1396.0,1402.0,1406.0,1409.0,1416.0,1420.0,1423.0,1425.0,1426.0,1428.0,1432.0,1437.0,1438.0,1443.0,1448.0,1451.0,1717.0,2155.0,2324.0,2412.0,2477.0,2549.0,2601.0,2643.0,2706.0,2725.0,2733.0,2741.0,2743.0,2747.0,2754.0,2756.0,2759.0,2762.0,2763.0,2767.0,2768.0,2768.0,2769.0,2770.0,2771.0,2771.0,2771.0,2770.0,2770.0,2771.0,2771.0,2772.0,2773.0,2772.0,2774.0,2774.0,2774.0,2775.0,2777.0,2778.0,2778.0,2778.0,2778.0,2778.0,2778.0,2778.0,2778.0,2780.0,2783.0,2783.0,2784.0,2785.0,2786.0,2788.0,2788.0,2789.0,2792.0,2792.0,2792.0,2792.0,2793.0,2793.0,2794.0,2794.0,2795.0,2795.0,2795.0,2794.0,2794.0,2794.0,2794.0,2794.0,2794.0,2795
Dj5SOqo92OU,,,,,,,,,,,,,,,,,,,,,,,,,,,,,,,,,,,,,,,,,,,,,,,,,,,,,,,,,,,,,,,,,,,,,,,,,,,,,,,,,,,,,,,,,,,,,,,,,,,,,,,,,,,,,,1953.0,3144.0,3532.0,3686.0,3759.0,3815.0,3860.0,3916.0,3953.0,3982.0,4008.0,4031.0,4055.0,4077.0,4097.0,4119.0,4135.0,4156.0,4194.0,4212.0,4227.0,4240.0,4261.0,4266.0,4275.0,4288.0,4303.0,4310.0,4315.0,4324.0,4328.0,4336.0,4351.0,4359.0,4366.0,4376.0,4383.0,4388.0,4398.0,4401.0,4404.0,4412.0,4415.0,4424.0,4426.0,4433.0,4438.0,4444.0,4444.0,4453.0,4454.0,4456.0,4462.0,4464.0,4466.0,4469.0,4471.0,4475.0,4477.0,4479.0,4482.0,4485.0,4490.0,4491.0,4499.0,4505.0,4509.0,4516.0,4516.0,4518.0,4521.0,4523.0,4528.0,4529.0,4530.0,4531.0,4534.0,4536.0,4540.0,4546.0,4551.0,4555.0,4558.0,4559.0,4561.0,4563.0,4566.0,4570.0,4573.0,4576.0,4577.0,4577.0,4578.0,4579.0,4583.0,4585.0,4588.0,4590.0,4589
nBBYmYvsbP0,,,,,,,,,,,,,,,,,,,,,,,,,,,,,,,,,,,,,,,,,,,,,,,,,,,,,,,,,,,,,,,,,,,,,,,,,,,,,,,,,,,,,,,,,,,,,,,,,,,,,,,,,,,,,,,13432.0,13842.0,14170.0,14349.0,14781.0,14941.0,15076.0,15327.0,15460.0,15552.0,15757.0,15887.0,15949.0,16195.0,16294.0,16380.0,16577.0,16681.0,16729.0,16884.0,17022.0,17089.0,17236.0,17303.0,17357.0,17410.0,17464.0,17496.0,17557.0,17619.0,17663.0,17711.0,17764.0,17810.0,17862.0,17925.0,17988.0,18033.0,18064.0,18106.0,18158.0,18211.0,18258.0,18311.0,18354.0,18399.0,18479.0,18534.0,18592.0,18639.0,18689.0,18736.0,18822.0,18853.0,18906.0,18946.0,18990.0,19035.0,19069.0,19107.0,19142.0,19177.0,19213.0,19244.0,19274.0,19309.0,19347.0,19383.0,19427.0,19463.0,19499.0,19535.0,19578.0,19608.0,19642.0,19692.0,19752.0,19793.0,19841.0,19892.0,19928.0,19976.0,20015.0,20049.0,20092.0,20121.0,20167.0,20218.0,20251.0,20296.0,20334.0,20426.0,20485.0,20524.0,20557.0,20600.0,20635.0,20671
HnBSiikXMjU,,,,,,,,,,,,,,,,,,,,,,,,,,,,,,,,,,,,,,,,,,,,,,,,,,,,,,,,,,,,,,,,,,,,,,,,,,,,,,,,,,,,,,,,,,,,,,,,,,,,,,,,,,,,,,,21.0,32.0,37.0,39.0,39.0,39.0,39.0,39.0,39.0,39.0,40.0,40.0,41.0,41.0,42.0,42.0,42.0,42.0,42.0,42.0,42.0,42.0,42.0,42.0,42.0,42.0,42.0,42.0,42.0,43.0,43.0,43.0,43.0,43.0,43.0,43.0,43.0,43.0,43.0,43.0,43.0,43.0,43.0,43.0,43.0,45.0,45.0,45.0,45.0,45.0,45.0,45.0,45.0,45.0,45.0,45.0,45.0,45.0,45.0,45.0,45.0,45.0,45.0,45.0,45.0,45.0,45.0,45.0,45.0,46.0,46.0,46.0,46.0,46.0,46.0,46.0,46.0,46.0,46.0,46.0,46.0,46.0,46.0,46.0,46.0,46.0,46.0,46.0,46.0,46.0,46.0,46.0,46.0,46.0,46.0,46.0,46.0,46
GWoKVMMLkuA,,,,,,,,,,,,,,,,,,,,,,,,,,,,,,,,,,,,,,,,,,,,,,,,,,,,,,,,,,,,,,,,,,,,,,,,,,,,,,,,,,,,,,,,,,,,,,,,,,,,,,,,,,,,,,,131.0,192.0,200.0,212.0,213.0,217.0,219.0,219.0,220.0,222.0,222.0,224.0,225.0,226.0,226.0,225.0,225.0,227.0,228.0,228.0,228.0,229.0,229.0,230.0,231.0,231.0,231.0,231.0,232.0,232.0,232.0,232.0,233.0,233.0,233.0,232.0,232.0,232.0,232.0,232.0,233.0,231.0,231.0,231.0,231.0,231.0,231.0,232.0,232.0,232.0,232.0,232.0,232.0,233.0,233.0,233.0,233.0,233.0,233.0,233.0,233.0,233.0,234.0,234.0,234.0,234.0,234.0,234.0,235.0,235.0,235.0,235.0,235.0,235.0,235.0,235.0,235.0,235.0,235.0,236.0,236.0,237.0,234.0,234.0,234.0,234.0,234.0,234.0,234.0,234.0,234.0,234.0,234.0,234.0,234.0,234.0,233.0,233
5TG_4h29VIg,,,,,,,,,,,,,,,,,,,,,,,,,,,,,,,,,,,,,,,,,,,,,,,,,,,,,,,,,,,,,,,,,,,,,,,,,,,,,,,,,,,,,,,,,,,,,,,,,,,,,,,,,,,,,,,319.0,449.0,510.0,542.0,560.0,575.0,589.0,594.0,599.0,609.0,617.0,623.0,635.0,644.0,650.0,653.0,659.0,665.0,671.0,676.0,681.0,685.0,698.0,701.0,701.0,702.0,704.0,708.0,711.0,716.0,722.0,725.0,730.0,733.0,736.0,737.0,739.0,739.0,740.0,742.0,744.0,748.0,749.0,750.0,753.0,753.0,754.0,757.0,761.0,762.0,767.0,769.0,773.0,774.0,777.0,779.0,780.0,783.0,783.0,785.0,787.0,788.0,789.0,789.0,798.0,802.0,804.0,803.0,804.0,809.0,813.0,814.0,814.0,816.0,817.0,817.0,818.0,821.0,821.0,822.0,822.0,822.0,826.0,827.0,829.0,830.0,830.0,829.0,829.0,832.0,833.0,835.0,837.0,840.0,840.0,842.0,843.0,843
dGkVTpg2ojY,,,,,,,,,,,,,,,,,,,,,,,,,,,,,,,,,,,,,,,,,,,,,,,,,,,,,,,,,,,,,,,,,,,,,,,,,,,,,,,,,,,,,,,,,,,,,,,,,,,,,,,,,,,,,,,742.0,742.0,743.0,743.0,742.0,742.0,742.0,742.0,742.0,742.0,742.0,742.0,743.0,743.0,743.0,743.0,743.0,743.0,744.0,744.0,745.0,745.0,745.0,745.0,745.0,745.0,745.0,745.0,745.0,745.0,745.0,746.0,746.0,746.0,746.0,746.0,746.0,746.0,746.0,746.0,746.0,746.0,746.0,746.0,746.0,746.0,746.0,746.0,746.0,746.0,746.0,746.0,746.0,746.0,746.0,746.0,746.0,746.0,746.0,748.0,748.0,748.0,749.0,749.0,749.0,749.0,749.0,749.0,749.0,749.0,749.0,749.0,749.0,749.0,749.0,748.0,749.0,749.0,750.0,750.0,750.0,750.0,750.0,750.0,750.0,750.0,750.0,750.0,750.0,751.0,751.0,752.0,752.0,752.0,752.0,753.0,753.0,753
-aY63527pYo,,,,,,,,,,,,,,,,,,,,,,,,,,,,,,,,,,,,,,,,,,,,,,,,,,,,,,,,,,,,,,,,,,,,,,,,,,,,,,,,,,,,,,,,,,,,,,,,,,,,,,,,,,,,,,,1618.0,1618.0,1621.0,1621.0,1622.0,1621.0,1622.0,1622.0,1621.0,1621.0,1622.0,1622.0,1623.0,1623.0,1623.0,1623.0,1624.0,1624.0,1624.0,1624.0,1624.0,1624.0,1624.0,1624.0,1625.0,1624.0,1624.0,1624.0,1624.0,1624.0,1624.0,1623.0,1623.0,1624.0,1624.0,1623.0,1622.0,1622.0,1622.0,1621.0,1621.0,1621.0,1621.0,1621.0,1621.0,1621.0,1621.0,1620.0,1620.0,1620.0,1620.0,1620.0,1617.0,1617.0,1617.0,1617.0,1617.0,1615.0,1615.0,1616.0,1616.0,1616.0,1617.0,1618.0,1618.0,1618.0,1617.0,1617.0,1617.0,1617.0,1617.0,1618.0,1618.0,1618.0,1618.0,1618.0,1618.0,1618.0,1618.0,1618.0,1618.0,1618.0,1618.0,1617.0,1617.0,1618.0,1618.0,1618.0,1618.0,1618.0,1619.0,1619.0,1619.0,1619.0,1619.0,1620.0,1620.0,1620
yoOJHtj2egE,,,,,,,,,,,,,,,,,,,,,,,,,,,,,,,,,,,,,,,,,,,,,,,,,,,,,,,,,,,,,,,,,,,,,,,,,,,,,,,,,,,,,,,,,,,,,,,,,,,,,,,,,,,,,,,271.0,339.0,373.0,405.0,421.0,435.0,446.0,464.0,479.0,489.0,497.0,507.0,513.0,516.0,520.0,524.0,531.0,534.0,539.0,542.0,544.0,550.0,557.0,559.0,566.0,571.0,576.0,580.0,583.0,588.0,594.0,599.0,602.0,608.0,614.0,615.0,620.0,625.0,624.0,626.0,628.0,635.0,635.0,638.0,640.0,642.0,643.0,644.0,646.0,651.0,651.0,651.0,653.0,654.0,656.0,658.0,660.0,661.0,662.0,662.0,664.0,667.0,667.0,668.0,670.0,671.0,672.0,672.0,673.0,676.0,679.0,681.0,681.0,681.0,682.0,683.0,685.0,686.0,687.0,688.0,690.0,691.0,691.0,692.0,694.0,696.0,696.0,697.0,698.0,702.0,703.0,705.0,707.0,709.0,709.0,709.0,710.0,711
Ys3CILVbK2c,,,,,,,,,,,,,,,,,,,,,,,,,,,,,,,,,,,,,,,,,,,,,,,,,,,,,,,,,,,,,,,,,,,,,,,,,,,,,,,,,,,,,,,,,,,,,,,,,,,,,,,,,,,,,,,2.0,2.0,2.0,2.0,2.0,2.0,2.0,2.0,2.0,2.0,2.0,2.0,2.0,2.0,2.0,2.0,2.0,2.0,2.0,2.0,2.0,2.0,2.0,2.0,2.0,2.0,2.0,2.0,2.0,2.0,2.0,2.0,2.0,2.0,2.0,2.0,2.0,2.0,2.0,2.0,2.0,2.0,2.0,2.0,2.0,2.0,2.0,2.0,2.0,2.0,2.0,2.0,2.0,2.0,2.0,2.0,2.0,2.0,2.0,2.0,2.0,2.0,2.0,2.0,2.0,2.0,2.0,2.0,2.0,2.0,2.0,2.0,2.0,2.0,2.0,2.0,2.0,2.0,2.0,2.0,2.0,2.0,2.0,2.0,2.0,2.0,2.0,2.0,2.0,2.0,2.0,2.0,2.0,2.0,2.0,2.0,2.0,2
qQEDjLd5ETw,,,,,,,,,,,,,,,,,,,,,,,,,,,,,,,,,,,,,,,,,,,,,,,,,,,,,,,,,,,,,,,,,,,,,,,,,,,,,,,,,,,,,,,,,,,,,,,,,,,,,,,,,,,,,,,15.0,15.0,15.0,15.0,15.0,16.0,16.0,16.0,16.0,16.0,16.0,16.0,16.0,16.0,16.0,16.0,16.0,16.0,16.0,16.0,16.0,16.0,16.0,16.0,16.0,16.0,16.0,16.0,16.0,16.0,16.0,16.0,16.0,16.0,16.0,16.0,16.0,16.0,16.0,16.0,16.0,16.0,16.0,16.0,17.0,17.0,17.0,17.0,17.0,17.0,17.0,17.0,17.0,17.0,17.0,17.0,17.0,17.0,17.0,17.0,17.0,17.0,17.0,17.0,17.0,17.0,17.0,17.0,17.0,17.0,17.0,17.0,17.0,17.0,17.0,17.0,17.0,17.0,17.0,17.0,17.0,17.0,17.0,17.0,17.0,17.0,17.0,17.0,18.0,18.0,18.0,18.0,18.0,18.0,19.0,19.0,19.0,20
vHDuZUfrnT4,,,,,,,,,,,,,,,,,,,,,,,,,,,,,,,,,,,,,,,,,,,,,,,,,,,,,,,,,,,,,,,,,,,,,,,,,,,,,,,,,,,,,,,,,,,,,,,,,,,,,,,,,,,,,,,243.0,337.0,366.0,383.0,399.0,420.0,429.0,438.0,444.0,448.0,452.0,455.0,458.0,459.0,462.0,462.0,464.0,467.0,467.0,468.0,472.0,472.0,478.0,480.0,481.0,481.0,482.0,485.0,485.0,486.0,486.0,485.0,489.0,490.0,493.0,494.0,494.0,496.0,497.0,498.0,500.0,504.0,504.0,504.0,504.0,504.0,504.0,505.0,506.0,506.0,506.0,506.0,506.0,506.0,506.0,506.0,507.0,507.0,507.0,508.0,508.0,508.0,508.0,509.0,509.0,509.0,511.0,512.0,512.0,512.0,512.0,512.0,513.0,512.0,512.0,512.0,512.0,513.0,513.0,513.0,513.0,513.0,513.0,514.0,514.0,515.0,514.0,514.0,516.0,516.0,516.0,516.0,517.0,518.0,519.0,520.0,520.0,521
nD08BQ-T80k,,,,,,,,,,,,,,,,,,,,,,,,,,,,,,,,,,,,,,,,,,,,,,,,,,,,,,,,,,,,,,,,,,,,,,,,,,,,,,,,,,,,,,,,,,,,,,,,,,,,,,,,,,,,,,,,0.0,0.0,0.0,0.0,0.0,0.0,0.0,0.0,0.0,0.0,0.0,0.0,0.0,0.0,0.0,0.0,0.0,0.0,0.0,0.0,0.0,0.0,0.0,0.0,0.0,0.0,0.0,0.0,0.0,0.0,0.0,0.0,0.0,0.0,0.0,0.0,0.0,0.0,0.0,0.0,0.0,0.0,0.0,0.0,0.0,0.0,0.0,0.0,0.0,0.0,0.0,0.0,0.0,0.0,0.0,0.0,0.0,0.0,0.0,0.0,0.0,0.0,0.0,0.0,0.0,0.0,0.0,0.0,0.0,0.0,0.0,0.0,0.0,0.0,0.0,0.0,0.0,0.0,0.0,0.0,0.0,0.0,0.0,0.0,0.0,0.0,0.0,0.0,0.0,0.0,0.0,0.0,0.0,0.0,0.0,0.0,0
wUugTlPlSNw,,,,,,,,,,,,,,,,,,,,,,,,,,,,,,,,,,,,,,,,,,,,,,,,,,,,,,,,,,,,,,,,,,,,,,,,,,,,,,,,,,,,,,,,,,,,,,,,,,,,,,,,,,,,,,,,24.0,44.0,50.0,55.0,58.0,59.0,59.0,63.0,63.0,64.0,64.0,64.0,64.0,64.0,64.0,65.0,66.0,68.0,69.0,69.0,69.0,69.0,71.0,72.0,73.0,74.0,74.0,74.0,74.0,75.0,75.0,75.0,75.0,75.0,75.0,75.0,75.0,75.0,75.0,75.0,74.0,74.0,74.0,74.0,74.0,74.0,74.0,74.0,74.0,74.0,74.0,74.0,74.0,74.0,74.0,74.0,74.0,74.0,74.0,74.0,74.0,74.0,74.0,74.0,74.0,74.0,74.0,74.0,74.0,74.0,75.0,75.0,75.0,75.0,74.0,74.0,74.0,74.0,74.0,74.0,75.0,75.0,75.0,75.0,75.0,75.0,75.0,75.0,75.0,75.0,75.0,75.0,75.0,75.0,75.0,75.0,75
oTh3icTtJ64,,,,,,,,,,,,,,,,,,,,,,,,,,,,,,,,,,,,,,,,,,,,,,,,,,,,,,,,,,,,,,,,,,,,,,,,,,,,,,,,,,,,,,,,,,,,,,,,,,,,,,,,,,,,,,,,216.0,307.0,321.0,328.0,330.0,333.0,335.0,340.0,340.0,342.0,346.0,348.0,348.0,348.0,350.0,351.0,351.0,352.0,352.0,352.0,352.0,353.0,353.0,354.0,354.0,355.0,355.0,354.0,354.0,355.0,356.0,356.0,356.0,356.0,356.0,357.0,357.0,357.0,357.0,357.0,357.0,357.0,357.0,357.0,358.0,358.0,359.0,359.0,359.0,362.0,362.0,362.0,362.0,362.0,362.0,362.0,362.0,362.0,362.0,363.0,363.0,363.0,363.0,363.0,364.0,364.0,364.0,364.0,364.0,364.0,363.0,363.0,363.0,363.0,364.0,364.0,364.0,364.0,364.0,364.0,364.0,363.0,363.0,363.0,363.0,364.0,363.0,363.0,363.0,363.0,363.0,363.0,363.0,364.0,364.0,364.0,364
a2grcJdfXmY,,,,,,,,,,,,,,,,,,,,,,,,,,,,,,,,,,,,,,,,,,,,,,,,,,,,,,,,,,,,,,,,,,,,,,,,,,,,,,,,,,,,,,,,,,,,,,,,,,,,,,,,,,,,,,,,,9617.0,12368.0,13607.0,14234.0,14841.0,15211.0,15540.0,15764.0,15987.0,16141.0,16265.0,16419.0,16526.0,16648.0,16748.0,16830.0,16895.0,17011.0,17075.0,17138.0,17200.0,17267.0,17355.0,17401.0,17443.0,17489.0,17538.0,17595.0,17697.0,17760.0,17798.0,17859.0,17877.0,17908.0,17941.0,17963.0,17995.0,18019.0,18047.0,18069.0,18079.0,18087.0,18117.0,18127.0,18151.0,18164.0,18177.0,18187.0,18206.0,18224.0,18250.0,18261.0,18276.0,18281.0,18292.0,18299.0,18302.0,18307.0,18310.0,18340.0,18358.0,18369.0,18376.0,18380.0,18382.0,18397.0,18403.0,18415.0,18424.0,18432.0,18436.0,18443.0,18450.0,18466.0,18467.0,18478.0,18485.0,18486.0,18493.0,18492.0,18561.0,18559.0,18557.0,18561.0,18564.0,18576.0,18576.0,18586.0,18590.0,18584.0,18592.0,18596.0,18594.0,18595.0,18589.0,18588
a2grcJdfXmY,,,,,,,,,,,,,,,,,,,,,,,,,,,,,,,,,,,,,,,,,,,,,,,,,,,,,,,,,,,,,,,,,,,,,,,,,,,,,,,,,,,,,,,,,,,,,,,,,,,,,,,,,,,,,,,,,9617.0,12368.0,13607.0,14234.0,14841.0,15211.0,15540.0,15764.0,15987.0,16141.0,16265.0,16419.0,16526.0,16648.0,16748.0,16830.0,16895.0,17011.0,17075.0,17138.0,17200.0,17267.0,17355.0,17401.0,17443.0,17489.0,17538.0,17595.0,17697.0,17760.0,17798.0,17859.0,17877.0,17908.0,17941.0,17963.0,17995.0,18019.0,18047.0,18069.0,18079.0,18087.0,18117.0,18127.0,18151.0,18164.0,18177.0,18187.0,18206.0,18224.0,18250.0,18261.0,18276.0,18281.0,18292.0,18299.0,18302.0,18307.0,18310.0,18340.0,18358.0,18369.0,18376.0,18380.0,18382.0,18397.0,18403.0,18415.0,18424.0,18432.0,18436.0,18443.0,18450.0,18466.0,18467.0,18478.0,18485.0,18486.0,18493.0,18492.0,18561.0,18559.0,18557.0,18561.0,18564.0,18576.0,18576.0,18586.0,18590.0,18584.0,18592.0,18596.0,18594.0,18595.0,18589.0,18588
7jr4H6M1hUU,,,,,,,,,,,,,,,,,,,,,,,,,,,,,,,,,,,,,,,,,,,,,,,,,,,,,,,,,,,,,,,,,,,,,,,,,,,,,,,,,,,,,,,,,,,,,,,,,,,,,,,,,,,,,,,,,17.0,19.0,20.0,23.0,23.0,23.0,24.0,26.0,28.0,28.0,28.0,28.0,28.0,30.0,32.0,35.0,36.0,38.0,39.0,39.0,39.0,40.0,40.0,40.0,40.0,41.0,41.0,42.0,42.0,42.0,42.0,42.0,42.0,43.0,44.0,46.0,47.0,47.0,47.0,47.0,47.0,48.0,48.0,48.0,49.0,49.0,50.0,50.0,50.0,50.0,50.0,50.0,50.0,51.0,51.0,51.0,51.0,51.0,50.0,50.0,50.0,50.0,50.0,50.0,50.0,50.0,50.0,50.0,50.0,51.0,51.0,51.0,51.0,51.0,51.0,51.0,51.0,51.0,51.0,51.0,51.0,51.0,51.0,51.0,51.0,51.0,51.0,51.0,51.0,51.0,51.0,51.0,51.0,51.0,51.0,51
FmX81RnQNIM,,,,,,,,,,,,,,,,,,,,,,,,,,,,,,,,,,,,,,,,,,,,,,,,,,,,,,,,,,,,,,,,,,,,,,,,,,,,,,,,,,,,,,,,,,,,,,,,,,,,,,,,,,,,,,,,,2.0,2.0,2.0,2.0,3.0,3.0,4.0,4.0,4.0,4.0,4.0,4.0,4.0,4.0,4.0,4.0,4.0,4.0,4.0,4.0,4.0,4.0,4.0,4.0,4.0,4.0,4.0,4.0,4.0,4.0,4.0,4.0,4.0,5.0,5.0,5.0,5.0,5.0,5.0,5.0,5.0,5.0,5.0,5.0,5.0,5.0,5.0,5.0,5.0,5.0,5.0,5.0,5.0,5.0,5.0,5.0,5.0,5.0,5.0,5.0,5.0,5.0,5.0,5.0,5.0,5.0,5.0,5.0,5.0,5.0,5.0,5.0,5.0,5.0,5.0,5.0,5.0,5.0,5.0,5.0,5.0,5.0,5.0,5.0,5.0,5.0,5.0,5.0,5.0,5.0,5.0,5.0,5.0,5.0,5.0,5
d0rNr_rDAzc,,,,,,,,,,,,,,,,,,,,,,,,,,,,,,,,,,,,,,,,,,,,,,,,,,,,,,,,,,,,,,,,,,,,,,,,,,,,,,,,,,,,,,,,,,,,,,,,,,,,,,,,,,,,,,,,,81.0,86.0,89.0,92.0,92.0,92.0,92.0,92.0,92.0,92.0,94.0,94.0,95.0,96.0,96.0,96.0,96.0,96.0,96.0,96.0,96.0,96.0,96.0,96.0,96.0,96.0,96.0,96.0,96.0,96.0,96.0,96.0,96.0,96.0,96.0,96.0,96.0,96.0,96.0,96.0,96.0,96.0,96.0,96.0,96.0,96.0,96.0,97.0,97.0,97.0,97.0,97.0,97.0,97.0,97.0,97.0,97.0,97.0,97.0,97.0,97.0,97.0,97.0,97.0,97.0,97.0,97.0,97.0,97.0,97.0,96.0,97.0,97.0,97.0,97.0,97.0,97.0,97.0,97.0,97.0,97.0,97.0,97.0,97.0,97.0,97.0,97.0,97.0,97.0,97.0,97.0,97.0,97.0,97.0,97.0,97
43WPof6Scmw,,,,,,,,,,,,,,,,,,,,,,,,,,,,,,,,,,,,,,,,,,,,,,,,,,,,,,,,,,,,,,,,,,,,,,,,,,,,,,,,,,,,,,,,,,,,,,,,,,,,,,,,,,,,,,,,,527.0,582.0,621.0,638.0,652.0,669.0,682.0,690.0,701.0,707.0,708.0,715.0,717.0,725.0,728.0,733.0,734.0,736.0,738.0,741.0,742.0,742.0,743.0,745.0,750.0,751.0,751.0,751.0,751.0,752.0,752.0,752.0,754.0,754.0,754.0,754.0,754.0,754.0,754.0,755.0,755.0,756.0,757.0,758.0,758.0,758.0,759.0,762.0,762.0,762.0,762.0,762.0,762.0,762.0,762.0,763.0,764.0,764.0,767.0,768.0,768.0,768.0,768.0,768.0,768.0,768.0,768.0,768.0,768.0,768.0,768.0,768.0,768.0,768.0,768.0,768.0,768.0,768.0,768.0,769.0,769.0,769.0,769.0,769.0,769.0,769.0,769.0,769.0,769.0,769.0,769.0,769.0,770.0,770.0,770.0,770
S-gqL53ys6c,,,,,,,,,,,,,,,,,,,,,,,,,,,,,,,,,,,,,,,,,,,,,,,,,,,,,,,,,,,,,,,,,,,,,,,,,,,,,,,,,,,,,,,,,,,,,,,,,,,,,,,,,,,,,,,,,331.0,332.0,334.0,336.0,339.0,341.0,345.0,346.0,347.0,348.0,349.0,349.0,349.0,351.0,354.0,356.0,356.0,356.0,357.0,357.0,357.0,359.0,359.0,359.0,359.0,360.0,361.0,361.0,361.0,361.0,362.0,363.0,363.0,363.0,363.0,363.0,364.0,364.0,364.0,365.0,365.0,368.0,368.0,369.0,369.0,370.0,371.0,371.0,371.0,371.0,370.0,371.0,371.0,371.0,371.0,371.0,373.0,373.0,373.0,375.0,375.0,375.0,375.0,375.0,375.0,375.0,375.0,375.0,375.0,376.0,377.0,377.0,377.0,378.0,377.0,377.0,378.0,378.0,378.0,379.0,380.0,381.0,381.0,381.0,381.0,381.0,382.0,382.0,382.0,382.0,382.0,383.0,383.0,383.0,383.0,384
T9OeXyLzZlw,,,,,,,,,,,,,,,,,,,,,,,,,,,,,,,,,,,,,,,,,,,,,,,,,,,,,,,,,,,,,,,,,,,,,,,,,,,,,,,,,,,,,,,,,,,,,,,,,,,,,,,,,,,,,,,,,145.0,145.0,145.0,145.0,145.0,145.0,145.0,145.0,145.0,145.0,146.0,146.0,146.0,146.0,146.0,146.0,148.0,148.0,148.0,149.0,149.0,149.0,149.0,149.0,149.0,149.0,149.0,149.0,149.0,149.0,149.0,149.0,149.0,149.0,149.0,149.0,149.0,149.0,149.0,149.0,149.0,149.0,150.0,150.0,151.0,150.0,150.0,151.0,151.0,151.0,151.0,151.0,151.0,151.0,151.0,151.0,151.0,151.0,151.0,151.0,151.0,151.0,151.0,151.0,152.0,152.0,152.0,152.0,152.0,152.0,152.0,152.0,152.0,152.0,152.0,152.0,152.0,152.0,152.0,152.0,152.0,152.0,152.0,152.0,152.0,152.0,152.0,152.0,152.0,152.0,152.0,152.0,152.0,152.0,152.0,154
20X2OC0OkbU,,,,,,,,,,,,,,,,,,,,,,,,,,,,,,,,,,,,,,,,,,,,,,,,,,,,,,,,,,,,,,,,,,,,,,,,,,,,,,,,,,,,,,,,,,,,,,,,,,,,,,,,,,,,,,,,,6.0,6.0,6.0,6.0,6.0,6.0,6.0,6.0,6.0,6.0,6.0,6.0,6.0,7.0,7.0,7.0,7.0,7.0,7.0,7.0,7.0,7.0,7.0,7.0,7.0,7.0,7.0,7.0,7.0,7.0,7.0,7.0,7.0,7.0,7.0,7.0,7.0,7.0,7.0,7.0,7.0,7.0,7.0,7.0,7.0,7.0,7.0,7.0,7.0,7.0,7.0,7.0,7.0,7.0,7.0,7.0,7.0,7.0,7.0,7.0,7.0,7.0,7.0,7.0,7.0,7.0,7.0,7.0,7.0,7.0,7.0,7.0,7.0,7.0,7.0,7.0,7.0,7.0,7.0,7.0,7.0,7.0,7.0,7.0,7.0,7.0,7.0,7.0,7.0,7.0,7.0,7.0,7.0,7.0,7.0,7
-XCN1YYLXss,,,,,,,,,,,,,,,,,,,,,,,,,,,,,,,,,,,,,,,,,,,,,,,,,,,,,,,,,,,,,,,,,,,,,,,,,,,,,,,,,,,,,,,,,,,,,,,,,,,,,,,,,,,,,,,,,556.0,576.0,583.0,591.0,597.0,603.0,607.0,613.0,617.0,619.0,628.0,632.0,634.0,637.0,641.0,647.0,648.0,651.0,652.0,655.0,659.0,668.0,667.0,669.0,668.0,671.0,673.0,673.0,675.0,678.0,687.0,692.0,693.0,696.0,697.0,699.0,702.0,703.0,702.0,706.0,707.0,709.0,709.0,709.0,711.0,711.0,713.0,714.0,715.0,716.0,715.0,716.0,716.0,716.0,718.0,718.0,719.0,721.0,723.0,724.0,725.0,725.0,725.0,725.0,726.0,728.0,728.0,727.0,727.0,727.0,729.0,729.0,731.0,732.0,731.0,729.0,729.0,729.0,739.0,741.0,742.0,746.0,743.0,743.0,747.0,747.0,747.0,748.0,748.0,748.0,748.0,747.0,748.0,750.0,750.0,751
KyK5hMq97tY,,,,,,,,,,,,,,,,,,,,,,,,,,,,,,,,,,,,,,,,,,,,,,,,,,,,,,,,,,,,,,,,,,,,,,,,,,,,,,,,,,,,,,,,,,,,,,,,,,,,,,,,,,,,,,,,,3.0,3.0,3.0,3.0,3.0,3.0,3.0,3.0,3.0,3.0,3.0,3.0,3.0,3.0,3.0,3.0,3.0,3.0,3.0,3.0,3.0,3.0,3.0,3.0,3.0,3.0,3.0,3.0,3.0,3.0,3.0,3.0,3.0,3.0,3.0,3.0,3.0,3.0,3.0,3.0,3.0,3.0,3.0,3.0,3.0,3.0,3.0,3.0,3.0,3.0,3.0,3.0,3.0,3.0,3.0,3.0,3.0,3.0,3.0,3.0,3.0,3.0,3.0,3.0,3.0,3.0,3.0,3.0,3.0,3.0,3.0,3.0,3.0,3.0,3.0,3.0,3.0,3.0,3.0,3.0,3.0,3.0,3.0,3.0,3.0,3.0,3.0,3.0,3.0,3.0,3.0,3.0,3.0,3.0,3.0,3
Y7ttKwp76Dg,,,,,,,,,,,,,,,,,,,,,,,,,,,,,,,,,,,,,,,,,,,,,,,,,,,,,,,,,,,,,,,,,,,,,,,,,,,,,,,,,,,,,,,,,,,,,,,,,,,,,,,,,,,,,,,,,27.0,34.0,37.0,38.0,39.0,41.0,41.0,41.0,41.0,41.0,41.0,41.0,41.0,41.0,41.0,41.0,41.0,41.0,41.0,41.0,41.0,41.0,41.0,41.0,41.0,41.0,41.0,41.0,41.0,41.0,41.0,41.0,41.0,41.0,41.0,41.0,41.0,41.0,41.0,41.0,41.0,41.0,41.0,41.0,41.0,41.0,41.0,41.0,41.0,41.0,41.0,41.0,41.0,41.0,41.0,41.0,41.0,41.0,41.0,41.0,41.0,41.0,41.0,41.0,41.0,41.0,41.0,41.0,41.0,41.0,41.0,41.0,41.0,41.0,41.0,41.0,41.0,41.0,41.0,41.0,41.0,41.0,41.0,41.0,41.0,41.0,41.0,41.0,41.0,41.0,41.0,41.0,41.0,41.0,41.0,41
zkYeq7V30Pg,,,,,,,,,,,,,,,,,,,,,,,,,,,,,,,,,,,,,,,,,,,,,,,,,,,,,,,,,,,,,,,,,,,,,,,,,,,,,,,,,,,,,,,,,,,,,,,,,,,,,,,,,,,,,,,,,116.0,135.0,140.0,141.0,143.0,146.0,147.0,149.0,153.0,153.0,154.0,154.0,155.0,157.0,165.0,164.0,164.0,165.0,165.0,167.0,167.0,167.0,167.0,167.0,167.0,167.0,167.0,167.0,167.0,167.0,167.0,167.0,167.0,167.0,167.0,167.0,167.0,167.0,167.0,167.0,167.0,167.0,167.0,168.0,168.0,168.0,168.0,169.0,169.0,169.0,169.0,169.0,169.0,169.0,169.0,169.0,169.0,169.0,168.0,168.0,168.0,168.0,168.0,168.0,168.0,168.0,168.0,168.0,168.0,168.0,168.0,169.0,169.0,169.0,169.0,169.0,169.0,169.0,169.0,169.0,169.0,169.0,169.0,169.0,169.0,169.0,169.0,169.0,168.0,168.0,168.0,168.0,168.0,168.0,168.0,168
DaI8s1s3phM,,,,,,,,,,,,,,,,,,,,,,,,,,,,,,,,,,,,,,,,,,,,,,,,,,,,,,,,,,,,,,,,,,,,,,,,,,,,,,,,,,,,,,,,,,,,,,,,,,,,,,,,,,,,,,,,,10.0,10.0,10.0,10.0,10.0,14.0,16.0,18.0,18.0,18.0,19.0,20.0,23.0,24.0,25.0,27.0,27.0,27.0,27.0,28.0,28.0,28.0,28.0,28.0,29.0,30.0,30.0,31.0,32.0,33.0,33.0,35.0,35.0,37.0,38.0,40.0,42.0,42.0,42.0,44.0,44.0,44.0,46.0,46.0,46.0,46.0,47.0,47.0,47.0,47.0,47.0,51.0,51.0,51.0,51.0,53.0,53.0,53.0,53.0,54.0,56.0,56.0,56.0,56.0,56.0,57.0,57.0,58.0,58.0,58.0,58.0,58.0,58.0,58.0,58.0,58.0,58.0,59.0,59.0,59.0,59.0,59.0,59.0,59.0,59.0,59.0,59.0,59.0,59.0,60.0,60.0,59.0,59.0,59.0,59.0,59
AJjVSg4Y7r4,,,,,,,,,,,,,,,,,,,,,,,,,,,,,,,,,,,,,,,,,,,,,,,,,,,,,,,,,,,,,,,,,,,,,,,,,,,,,,,,,,,,,,,,,,,,,,,,,,,,,,,,,,,,,,,,,2.0,8.0,10.0,11.0,12.0,13.0,13.0,14.0,14.0,14.0,14.0,14.0,14.0,15.0,15.0,15.0,15.0,15.0,16.0,16.0,16.0,16.0,16.0,16.0,16.0,16.0,16.0,16.0,16.0,16.0,16.0,16.0,16.0,16.0,17.0,17.0,17.0,17.0,17.0,17.0,17.0,17.0,17.0,17.0,17.0,17.0,17.0,17.0,17.0,17.0,18.0,18.0,18.0,18.0,18.0,18.0,18.0,18.0,18.0,18.0,18.0,18.0,18.0,18.0,18.0,18.0,18.0,18.0,18.0,18.0,18.0,18.0,18.0,18.0,18.0,18.0,18.0,18.0,18.0,19.0,19.0,19.0,19.0,19.0,19.0,19.0,19.0,20.0,20.0,20.0,20.0,20.0,20.0,20.0,20.0,20
mOH1A0zZI2Y,,,,,,,,,,,,,,,,,,,,,,,,,,,,,,,,,,,,,,,,,,,,,,,,,,,,,,,,,,,,,,,,,,,,,,,,,,,,,,,,,,,,,,,,,,,,,,,,,,,,,,,,,,,,,,,,,332.0,445.0,516.0,559.0,588.0,599.0,615.0,623.0,629.0,634.0,637.0,639.0,643.0,647.0,651.0,652.0,653.0,654.0,654.0,657.0,658.0,661.0,662.0,664.0,665.0,665.0,665.0,666.0,666.0,666.0,666.0,667.0,667.0,667.0,668.0,668.0,669.0,673.0,676.0,676.0,676.0,677.0,677.0,680.0,680.0,681.0,680.0,682.0,682.0,685.0,686.0,686.0,686.0,686.0,687.0,687.0,687.0,687.0,687.0,687.0,687.0,689.0,689.0,689.0,690.0,691.0,692.0,691.0,692.0,692.0,691.0,692.0,692.0,692.0,692.0,692.0,692.0,693.0,693.0,693.0,693.0,694.0,694.0,695.0,695.0,699.0,699.0,699.0,699.0,699.0,699.0,700.0,700.0,700.0,700.0,700
HosGMY8IcGk,,,,,,,,,,,,,,,,,,,,,,,,,,,,,,,,,,,,,,,,,,,,,,,,,,,,,,,,,,,,,,,,,,,,,,,,,,,,,,,,,,,,,,,,,,,,,,,,,,,,,,,,,,,,,,,,,,14.0,30.0,31.0,37.0,38.0,38.0,38.0,38.0,41.0,41.0,41.0,41.0,41.0,41.0,41.0,41.0,43.0,44.0,44.0,44.0,44.0,44.0,44.0,45.0,45.0,45.0,45.0,45.0,45.0,46.0,46.0,46.0,46.0,46.0,46.0,46.0,46.0,46.0,46.0,46.0,46.0,46.0,46.0,46.0,46.0,46.0,46.0,46.0,46.0,47.0,47.0,47.0,47.0,47.0,47.0,47.0,47.0,47.0,48.0,48.0,48.0,48.0,48.0,48.0,48.0,48.0,48.0,48.0,48.0,48.0,48.0,48.0,48.0,48.0,48.0,48.0,48.0,48.0,48.0,48.0,48.0,48.0,48.0,48.0,48.0,48.0,48.0,48.0,48.0,48.0,48.0,48.0,48.0,48.0,48
zpEcTuch36g,,,,,,,,,,,,,,,,,,,,,,,,,,,,,,,,,,,,,,,,,,,,,,,,,,,,,,,,,,,,,,,,,,,,,,,,,,,,,,,,,,,,,,,,,,,,,,,,,,,,,,,,,,,,,,,,,,110.0,153.0,167.0,177.0,184.0,189.0,194.0,197.0,201.0,207.0,207.0,212.0,217.0,218.0,221.0,232.0,236.0,239.0,243.0,246.0,247.0,250.0,252.0,254.0,258.0,260.0,261.0,263.0,264.0,266.0,267.0,267.0,267.0,267.0,269.0,270.0,271.0,271.0,271.0,271.0,271.0,273.0,273.0,273.0,273.0,273.0,273.0,273.0,273.0,274.0,274.0,275.0,275.0,275.0,275.0,275.0,275.0,275.0,275.0,276.0,276.0,277.0,278.0,280.0,280.0,282.0,282.0,282.0,282.0,283.0,284.0,284.0,284.0,285.0,285.0,285.0,285.0,285.0,285.0,285.0,285.0,285.0,286.0,286.0,287.0,288.0,288.0,288.0,288.0,288.0,288.0,288.0,288.0,288.0,288
j1ppbHUneEk,,,,,,,,,,,,,,,,,,,,,,,,,,,,,,,,,,,,,,,,,,,,,,,,,,,,,,,,,,,,,,,,,,,,,,,,,,,,,,,,,,,,,,,,,,,,,,,,,,,,,,,,,,,,,,,,,,64.0,125.0,142.0,150.0,158.0,164.0,170.0,189.0,189.0,191.0,192.0,193.0,193.0,194.0,194.0,195.0,195.0,195.0,195.0,195.0,194.0,196.0,196.0,196.0,196.0,196.0,196.0,197.0,198.0,199.0,199.0,199.0,199.0,199.0,199.0,199.0,199.0,200.0,200.0,200.0,200.0,200.0,200.0,200.0,201.0,202.0,202.0,202.0,202.0,202.0,202.0,203.0,203.0,203.0,203.0,203.0,203.0,204.0,204.0,204.0,212.0,212.0,212.0,212.0,212.0,212.0,212.0,212.0,212.0,212.0,212.0,212.0,212.0,212.0,212.0,212.0,212.0,212.0,212.0,212.0,212.0,212.0,212.0,212.0,212.0,212.0,212.0,212.0,212.0,212.0,212.0,212.0,212.0,212.0,212
TUlXhDrkb0M,,,,,,,,,,,,,,,,,,,,,,,,,,,,,,,,,,,,,,,,,,,,,,,,,,,,,,,,,,,,,,,,,,,,,,,,,,,,,,,,,,,,,,,,,,,,,,,,,,,,,,,,,,,,,,,,,,,0.0,0.0,0.0,0.0,0.0,0.0,0.0,0.0,0.0,0.0,0.0,0.0,0.0,0.0,0.0,0.0,0.0,0.0,0.0,0.0,0.0,0.0,0.0,0.0,0.0,0.0,0.0,0.0,0.0,0.0,0.0,0.0,0.0,0.0,0.0,0.0,0.0,0.0,0.0,0.0,0.0,0.0,0.0,0.0,0.0,0.0,0.0,0.0,0.0,0.0,0.0,0.0,0.0,0.0,0.0,0.0,0.0,0.0,0.0,0.0,0.0,0.0,0.0,0.0,0.0,0.0,0.0,0.0,0.0,0.0,0.0,0.0,0.0,0.0,0.0,0.0,0.0,0.0,0.0,0.0,0.0,0.0,0.0,0.0,0.0,0.0,0.0,0.0,0.0,0.0,0.0,0.0,0.0,0
fDiGKBjGT1c,,,,,,,,,,,,,,,,,,,,,,,,,,,,,,,,,,,,,,,,,,,,,,,,,,,,,,,,,,,,,,,,,,,,,,,,,,,,,,,,,,,,,,,,,,,,,,,,,,,,,,,,,,,,,,,,,,,4.0,6.0,8.0,8.0,8.0,9.0,9.0,9.0,10.0,11.0,12.0,12.0,13.0,13.0,13.0,13.0,14.0,15.0,15.0,15.0,15.0,15.0,16.0,17.0,18.0,18.0,18.0,18.0,20.0,21.0,21.0,21.0,21.0,21.0,21.0,22.0,22.0,24.0,24.0,24.0,25.0,25.0,26.0,26.0,27.0,27.0,27.0,27.0,28.0,29.0,30.0,30.0,30.0,30.0,30.0,30.0,30.0,30.0,30.0,30.0,30.0,30.0,30.0,30.0,30.0,30.0,30.0,30.0,29.0,29.0,29.0,29.0,29.0,29.0,29.0,29.0,29.0,29.0,29.0,29.0,29.0,29.0,29.0,29.0,29.0,29.0,29.0,29.0,29.0,29.0,29.0,29.0,29.0,29
DaXX_2Eg08Q,,,,,,,,,,,,,,,,,,,,,,,,,,,,,,,,,,,,,,,,,,,,,,,,,,,,,,,,,,,,,,,,,,,,,,,,,,,,,,,,,,,,,,,,,,,,,,,,,,,,,,,,,,,,,,,,,,,23.0,26.0,26.0,26.0,27.0,30.0,31.0,32.0,32.0,32.0,32.0,32.0,33.0,33.0,33.0,33.0,33.0,33.0,33.0,33.0,34.0,34.0,34.0,34.0,34.0,34.0,35.0,38.0,38.0,38.0,38.0,38.0,38.0,38.0,41.0,45.0,50.0,50.0,51.0,52.0,53.0,53.0,53.0,54.0,54.0,54.0,54.0,56.0,56.0,56.0,57.0,57.0,57.0,57.0,57.0,57.0,57.0,58.0,58.0,59.0,60.0,60.0,61.0,62.0,62.0,62.0,62.0,62.0,62.0,62.0,62.0,62.0,62.0,62.0,63.0,63.0,63.0,63.0,63.0,63.0,63.0,63.0,67.0,67.0,67.0,67.0,67.0,67.0,67.0,67.0,67.0,67.0,67.0,67
JysxamgACVo,,,,,,,,,,,,,,,,,,,,,,,,,,,,,,,,,,,,,,,,,,,,,,,,,,,,,,,,,,,,,,,,,,,,,,,,,,,,,,,,,,,,,,,,,,,,,,,,,,,,,,,,,,,,,,,,,,,0.0,0.0,0.0,0.0,0.0,4.0,4.0,5.0,5.0,8.0,10.0,12.0,12.0,13.0,13.0,13.0,15.0,16.0,16.0,17.0,17.0,18.0,19.0,19.0,19.0,19.0,20.0,20.0,20.0,21.0,21.0,22.0,22.0,22.0,22.0,23.0,24.0,24.0,25.0,25.0,25.0,25.0,25.0,25.0,25.0,25.0,25.0,25.0,27.0,27.0,27.0,27.0,28.0,28.0,28.0,28.0,28.0,28.0,28.0,28.0,28.0,28.0,28.0,28.0,28.0,28.0,28.0,28.0,29.0,29.0,29.0,29.0,29.0,29.0,29.0,29.0,29.0,29.0,29.0,29.0,29.0,29.0,29.0,29.0,29.0,29.0,29.0,29.0,29.0,29.0,29.0,29.0,29.0,29
z0Mgn0b5VfM,,,,,,,,,,,,,,,,,,,,,,,,,,,,,,,,,,,,,,,,,,,,,,,,,,,,,,,,,,,,,,,,,,,,,,,,,,,,,,,,,,,,,,,,,,,,,,,,,,,,,,,,,,,,,,,,,,,0.0,0.0,0.0,0.0,0.0,0.0,0.0,0.0,0.0,0.0,0.0,0.0,0.0,0.0,0.0,0.0,0.0,0.0,0.0,0.0,0.0,0.0,0.0,0.0,0.0,0.0,0.0,0.0,0.0,0.0,0.0,0.0,0.0,0.0,0.0,0.0,0.0,0.0,0.0,0.0,0.0,0.0,0.0,0.0,0.0,0.0,0.0,0.0,0.0,0.0,0.0,0.0,0.0,0.0,0.0,0.0,0.0,0.0,0.0,0.0,0.0,0.0,0.0,0.0,0.0,0.0,0.0,0.0,0.0,0.0,0.0,0.0,0.0,0.0,0.0,0.0,0.0,0.0,0.0,0.0,0.0,0.0,0.0,0.0,0.0,0.0,0.0,0.0,0.0,0.0,0.0,0.0,0.0,0
eQtMa9xjCo8,,,,,,,,,,,,,,,,,,,,,,,,,,,,,,,,,,,,,,,,,,,,,,,,,,,,,,,,,,,,,,,,,,,,,,,,,,,,,,,,,,,,,,,,,,,,,,,,,,,,,,,,,,,,,,,,,,,45.0,54.0,57.0,60.0,60.0,60.0,61.0,64.0,67.0,67.0,67.0,67.0,69.0,69.0,69.0,69.0,69.0,70.0,70.0,70.0,70.0,72.0,72.0,72.0,72.0,72.0,72.0,72.0,72.0,72.0,73.0,74.0,74.0,75.0,75.0,76.0,77.0,77.0,77.0,77.0,78.0,78.0,78.0,78.0,79.0,79.0,79.0,80.0,80.0,80.0,80.0,80.0,80.0,80.0,80.0,83.0,83.0,83.0,82.0,82.0,82.0,82.0,81.0,82.0,82.0,82.0,82.0,84.0,84.0,84.0,84.0,84.0,84.0,84.0,85.0,85.0,86.0,86.0,86.0,86.0,86.0,86.0,86.0,86.0,86.0,86.0,87.0,87.0,87.0,87.0,87.0,87.0,87.0,87
dUbylctYQXg,,,,,,,,,,,,,,,,,,,,,,,,,,,,,,,,,,,,,,,,,,,,,,,,,,,,,,,,,,,,,,,,,,,,,,,,,,,,,,,,,,,,,,,,,,,,,,,,,,,,,,,,,,,,,,,,,,,0.0,0.0,0.0,0.0,9.0,28.0,40.0,51.0,58.0,66.0,71.0,76.0,80.0,80.0,86.0,87.0,90.0,92.0,93.0,93.0,93.0,93.0,93.0,93.0,94.0,95.0,95.0,97.0,99.0,101.0,104.0,104.0,104.0,104.0,105.0,105.0,107.0,107.0,107.0,107.0,108.0,108.0,108.0,108.0,109.0,109.0,109.0,109.0,109.0,109.0,109.0,109.0,109.0,110.0,110.0,110.0,110.0,110.0,110.0,110.0,110.0,110.0,110.0,110.0,111.0,112.0,112.0,112.0,112.0,113.0,113.0,113.0,113.0,113.0,113.0,113.0,113.0,113.0,114.0,114.0,114.0,114.0,114.0,116.0,116.0,116.0,117.0,117.0,117.0,117.0,118.0,118.0,118.0,118
pG3gGw8qmhY,,,,,,,,,,,,,,,,,,,,,,,,,,,,,,,,,,,,,,,,,,,,,,,,,,,,,,,,,,,,,,,,,,,,,,,,,,,,,,,,,,,,,,,,,,,,,,,,,,,,,,,,,,,,,,,,,,,37.0,46.0,53.0,56.0,58.0,58.0,59.0,60.0,60.0,60.0,60.0,60.0,60.0,60.0,60.0,60.0,59.0,59.0,59.0,59.0,59.0,59.0,59.0,59.0,59.0,59.0,59.0,59.0,59.0,59.0,59.0,59.0,59.0,59.0,59.0,59.0,59.0,59.0,59.0,59.0,59.0,59.0,59.0,59.0,59.0,59.0,59.0,59.0,59.0,60.0,60.0,60.0,60.0,60.0,60.0,60.0,60.0,60.0,60.0,61.0,61.0,61.0,61.0,61.0,61.0,61.0,61.0,61.0,61.0,61.0,61.0,61.0,61.0,61.0,61.0,61.0,61.0,61.0,61.0,61.0,61.0,61.0,61.0,61.0,61.0,61.0,61.0,61.0,61.0,61.0,61.0,61.0,61.0,61
vWENZpk7dno,,,,,,,,,,,,,,,,,,,,,,,,,,,,,,,,,,,,,,,,,,,,,,,,,,,,,,,,,,,,,,,,,,,,,,,,,,,,,,,,,,,,,,,,,,,,,,,,,,,,,,,,,,,,,,,,,,,0.0,1.0,1.0,1.0,1.0,1.0,1.0,1.0,1.0,1.0,1.0,1.0,1.0,1.0,1.0,1.0,1.0,1.0,1.0,1.0,1.0,1.0,1.0,1.0,1.0,1.0,1.0,1.0,1.0,1.0,1.0,1.0,1.0,1.0,1.0,1.0,1.0,1.0,1.0,1.0,1.0,1.0,1.0,1.0,1.0,1.0,1.0,1.0,1.0,1.0,1.0,1.0,1.0,1.0,1.0,1.0,1.0,1.0,1.0,1.0,1.0,1.0,1.0,1.0,1.0,1.0,1.0,1.0,1.0,1.0,1.0,1.0,1.0,1.0,1.0,1.0,1.0,1.0,1.0,1.0,1.0,1.0,1.0,1.0,1.0,1.0,1.0,1.0,1.0,1.0,1.0,1.0,1.0,1
smdAFbNOh4Q,,,,,,,,,,,,,,,,,,,,,,,,,,,,,,,,,,,,,,,,,,,,,,,,,,,,,,,,,,,,,,,,,,,,,,,,,,,,,,,,,,,,,,,,,,,,,,,,,,,,,,,,,,,,,,,,,,,10.0,12.0,15.0,20.0,20.0,20.0,20.0,20.0,20.0,20.0,20.0,20.0,21.0,21.0,21.0,21.0,21.0,21.0,21.0,21.0,21.0,21.0,21.0,21.0,21.0,21.0,21.0,21.0,21.0,21.0,21.0,21.0,21.0,21.0,21.0,21.0,21.0,21.0,21.0,21.0,21.0,21.0,21.0,21.0,21.0,21.0,21.0,21.0,21.0,21.0,21.0,21.0,21.0,21.0,21.0,21.0,21.0,21.0,21.0,21.0,21.0,21.0,21.0,21.0,21.0,21.0,21.0,21.0,21.0,21.0,21.0,21.0,21.0,21.0,21.0,21.0,21.0,21.0,21.0,21.0,21.0,21.0,21.0,21.0,21.0,21.0,21.0,21.0,21.0,21.0,21.0,21.0,21.0,21
MiO16KlMPaU,,,,,,,,,,,,,,,,,,,,,,,,,,,,,,,,,,,,,,,,,,,,,,,,,,,,,,,,,,,,,,,,,,,,,,,,,,,,,,,,,,,,,,,,,,,,,,,,,,,,,,,,,,,,,,,,,,,,3878.0,4987.0,5872.0,7367.0,8392.0,9370.0,10468.0,11284.0,11560.0,11748.0,11873.0,11953.0,12009.0,12117.0,12172.0,12204.0,12225.0,12239.0,12267.0,12302.0,12321.0,12352.0,12374.0,12411.0,12427.0,12396.0,12400.0,12417.0,12427.0,12398.0,12408.0,12414.0,12331.0,12341.0,12351.0,12358.0,12361.0,12371.0,12374.0,12376.0,12381.0,12382.0,12383.0,12390.0,12392.0,12395.0,12399.0,12413.0,12414.0,12415.0,12417.0,12428.0,12425.0,12427.0,12431.0,12427.0,12431.0,12430.0,12431.0,12434.0,12439.0,12439.0,12440.0,12443.0,12440.0,12441.0,12442.0,12434.0,12433.0,12436.0,12438.0,12442.0,12445.0,12445.0,12446.0,12435.0,12439.0,12439.0,12439.0,12440.0,12442.0,12421.0,12423.0,12427.0,12427.0,12427.0,12427.0,12429.0,12429.0,12431.0,12434.0,12437.0,12438
9VH0hLImWjY,,,,,,,,,,,,,,,,,,,,,,,,,,,,,,,,,,,,,,,,,,,,,,,,,,,,,,,,,,,,,,,,,,,,,,,,,,,,,,,,,,,,,,,,,,,,,,,,,,,,,,,,,,,,,,,,,,,,1803.0,2701.0,2978.0,3121.0,3227.0,3304.0,3348.0,3400.0,3433.0,3462.0,3488.0,3518.0,3535.0,3572.0,3587.0,3600.0,3614.0,3617.0,3625.0,3635.0,3647.0,3666.0,3673.0,3682.0,3683.0,3695.0,3696.0,3698.0,3713.0,3717.0,3727.0,3738.0,3744.0,3752.0,3758.0,3769.0,3772.0,3777.0,3782.0,3786.0,3789.0,3792.0,3796.0,3800.0,3802.0,3803.0,3809.0,3810.0,3818.0,3824.0,3832.0,3838.0,3844.0,3846.0,3851.0,3855.0,3859.0,3862.0,3866.0,3866.0,3870.0,3872.0,3872.0,3872.0,3874.0,3878.0,3880.0,3881.0,3882.0,3886.0,3890.0,3891.0,3893.0,3895.0,3895.0,3896.0,3896.0,3900.0,3900.0,3899.0,3900.0,3901.0,3902.0,3903.0,3905.0,3906.0,3906.0,3906.0,3907.0,3910.0,3911.0,3911.0,3913
A8d2Gx91zwk,,,,,,,,,,,,,,,,,,,,,,,,,,,,,,,,,,,,,,,,,,,,,,,,,,,,,,,,,,,,,,,,,,,,,,,,,,,,,,,,,,,,,,,,,,,,,,,,,,,,,,,,,,,,,,,,,,,,1932.0,2662.0,2974.0,3156.0,3248.0,3298.0,3334.0,3369.0,3400.0,3415.0,3435.0,3451.0,3474.0,3490.0,3509.0,3525.0,3541.0,3548.0,3555.0,3562.0,3563.0,3566.0,3577.0,3584.0,3588.0,3595.0,3600.0,3608.0,3612.0,3617.0,3620.0,3623.0,3625.0,3628.0,3632.0,3632.0,3637.0,3637.0,3640.0,3640.0,3644.0,3644.0,3634.0,3638.0,3639.0,3641.0,3641.0,3644.0,3644.0,3646.0,3647.0,3647.0,3648.0,3647.0,3647.0,3648.0,3649.0,3651.0,3653.0,3656.0,3657.0,3657.0,3658.0,3658.0,3657.0,3662.0,3664.0,3663.0,3662.0,3665.0,3665.0,3667.0,3665.0,3665.0,3667.0,3668.0,3668.0,3668.0,3671.0,3672.0,3674.0,3675.0,3676.0,3676.0,3677.0,3676.0,3676.0,3677.0,3678.0,3678.0,3679.0,3679.0,3680
PIgmxjozeCU,,,,,,,,,,,,,,,,,,,,,,,,,,,,,,,,,,,,,,,,,,,,,,,,,,,,,,,,,,,,,,,,,,,,,,,,,,,,,,,,,,,,,,,,,,,,,,,,,,,,,,,,,,,,,,,,,,,,4836.0,7388.0,9338.0,10490.0,11471.0,12378.0,13986.0,15631.0,16287.0,16937.0,17289.0,17570.0,17795.0,18023.0,18178.0,18295.0,18396.0,18475.0,18532.0,18575.0,18627.0,18676.0,18715.0,18790.0,18830.0,18887.0,18929.0,18987.0,19072.0,19124.0,19158.0,19203.0,19237.0,19274.0,19315.0,19347.0,19361.0,19378.0,19392.0,19421.0,19437.0,19467.0,19501.0,19523.0,19541.0,19560.0,19573.0,19603.0,19620.0,19637.0,19663.0,19682.0,19701.0,19727.0,19747.0,19763.0,19778.0,19797.0,19820.0,19835.0,19842.0,19847.0,19853.0,19866.0,19870.0,19872.0,19881.0,19886.0,19892.0,19899.0,19903.0,19907.0,19910.0,19914.0,19921.0,19926.0,19930.0,19936.0,19941.0,19943.0,19946.0,19953.0,19964.0,19967.0,19973.0,19979.0,19982.0,19984.0,19989.0,19994.0,19996.0,20000.0,20002
NsYJjBCPe0A,,,,,,,,,,,,,,,,,,,,,,,,,,,,,,,,,,,,,,,,,,,,,,,,,,,,,,,,,,,,,,,,,,,,,,,,,,,,,,,,,,,,,,,,,,,,,,,,,,,,,,,,,,,,,,,,,,,,126.0,172.0,200.0,215.0,231.0,239.0,240.0,248.0,250.0,257.0,257.0,257.0,257.0,257.0,258.0,258.0,258.0,258.0,259.0,260.0,262.0,262.0,263.0,265.0,265.0,265.0,266.0,267.0,267.0,267.0,267.0,268.0,268.0,268.0,268.0,269.0,269.0,270.0,270.0,270.0,271.0,271.0,271.0,271.0,272.0,272.0,272.0,273.0,273.0,273.0,273.0,273.0,273.0,274.0,274.0,274.0,274.0,273.0,273.0,273.0,273.0,274.0,274.0,274.0,274.0,274.0,274.0,275.0,275.0,275.0,275.0,275.0,275.0,275.0,275.0,275.0,275.0,275.0,275.0,276.0,276.0,276.0,276.0,276.0,276.0,276.0,276.0,276.0,276.0,276.0,276.0,276.0,277
ZSJamnmheuQ,,,,,,,,,,,,,,,,,,,,,,,,,,,,,,,,,,,,,,,,,,,,,,,,,,,,,,,,,,,,,,,,,,,,,,,,,,,,,,,,,,,,,,,,,,,,,,,,,,,,,,,,,,,,,,,,,,,,164.0,194.0,221.0,253.0,281.0,306.0,322.0,326.0,337.0,353.0,364.0,378.0,385.0,391.0,410.0,423.0,443.0,465.0,476.0,488.0,499.0,511.0,522.0,530.0,535.0,552.0,565.0,577.0,591.0,601.0,612.0,621.0,632.0,641.0,656.0,661.0,668.0,674.0,680.0,687.0,700.0,719.0,733.0,734.0,743.0,760.0,771.0,778.0,786.0,789.0,803.0,806.0,812.0,814.0,824.0,831.0,834.0,835.0,842.0,852.0,860.0,862.0,868.0,873.0,880.0,885.0,892.0,898.0,903.0,906.0,912.0,914.0,915.0,917.0,926.0,934.0,941.0,910.0,916.0,930.0,931.0,941.0,947.0,951.0,954.0,956.0,961.0,967.0,966.0,970.0,972.0,977.0,978
hG7CgHP6NdI,,,,,,,,,,,,,,,,,,,,,,,,,,,,,,,,,,,,,,,,,,,,,,,,,,,,,,,,,,,,,,,,,,,,,,,,,,,,,,,,,,,,,,,,,,,,,,,,,,,,,,,,,,,,,,,,,,,,9.0,9.0,10.0,10.0,10.0,11.0,11.0,11.0,11.0,11.0,11.0,11.0,11.0,11.0,11.0,11.0,11.0,11.0,11.0,11.0,11.0,11.0,11.0,11.0,11.0,11.0,11.0,11.0,11.0,11.0,11.0,11.0,11.0,11.0,11.0,11.0,11.0,11.0,11.0,11.0,11.0,11.0,11.0,11.0,11.0,11.0,11.0,11.0,11.0,11.0,11.0,11.0,11.0,11.0,11.0,11.0,11.0,11.0,11.0,11.0,11.0,11.0,11.0,11.0,11.0,11.0,11.0,11.0,11.0,11.0,11.0,11.0,11.0,11.0,11.0,11.0,11.0,11.0,11.0,11.0,11.0,11.0,11.0,11.0,12.0,13.0,13.0,14.0,14.0,14.0,14.0,14.0,14
k3TODjcAKyU,,,,,,,,,,,,,,,,,,,,,,,,,,,,,,,,,,,,,,,,,,,,,,,,,,,,,,,,,,,,,,,,,,,,,,,,,,,,,,,,,,,,,,,,,,,,,,,,,,,,,,,,,,,,,,,,,,,,0.0,0.0,0.0,0.0,0.0,0.0,0.0,0.0,0.0,0.0,0.0,0.0,0.0,0.0,0.0,0.0,0.0,0.0,0.0,0.0,0.0,0.0,0.0,0.0,0.0,0.0,0.0,0.0,0.0,0.0,0.0,0.0,0.0,0.0,0.0,0.0,0.0,0.0,0.0,0.0,0.0,0.0,0.0,0.0,0.0,0.0,0.0,0.0,0.0,0.0,0.0,0.0,0.0,0.0,0.0,0.0,0.0,0.0,0.0,0.0,0.0,0.0,0.0,0.0,0.0,0.0,0.0,0.0,0.0,0.0,0.0,0.0,0.0,0.0,0.0,0.0,0.0,0.0,0.0,0.0,0.0,0.0,0.0,0.0,0.0,0.0,0.0,0.0,0.0,0.0,0.0,0.0,0
5Qiv8xGkxP8,,,,,,,,,,,,,,,,,,,,,,,,,,,,,,,,,,,,,,,,,,,,,,,,,,,,,,,,,,,,,,,,,,,,,,,,,,,,,,,,,,,,,,,,,,,,,,,,,,,,,,,,,,,,,,,,,,,,253.0,302.0,318.0,325.0,330.0,340.0,355.0,366.0,369.0,371.0,374.0,375.0,376.0,380.0,382.0,382.0,382.0,383.0,383.0,384.0,384.0,384.0,384.0,386.0,386.0,387.0,387.0,387.0,388.0,389.0,389.0,392.0,393.0,393.0,393.0,395.0,395.0,395.0,397.0,398.0,400.0,400.0,400.0,402.0,402.0,403.0,404.0,404.0,404.0,404.0,404.0,404.0,404.0,405.0,405.0,405.0,405.0,406.0,406.0,406.0,405.0,407.0,407.0,407.0,407.0,407.0,407.0,407.0,407.0,407.0,407.0,407.0,407.0,407.0,407.0,408.0,408.0,408.0,407.0,407.0,407.0,407.0,407.0,407.0,407.0,408.0,408.0,408.0,408.0,408.0,408.0,408.0,408
cp77ALn_JgY,,,,,,,,,,,,,,,,,,,,,,,,,,,,,,,,,,,,,,,,,,,,,,,,,,,,,,,,,,,,,,,,,,,,,,,,,,,,,,,,,,,,,,,,,,,,,,,,,,,,,,,,,,,,,,,,,,,,,535.0,886.0,1025.0,1119.0,1240.0,1332.0,1395.0,1431.0,1455.0,1471.0,1490.0,1508.0,1526.0,1538.0,1719.0,1724.0,1733.0,1753.0,1764.0,1768.0,1781.0,1790.0,1796.0,1805.0,1811.0,1817.0,1822.0,1826.0,1829.0,1832.0,1838.0,1840.0,1844.0,1846.0,1851.0,1855.0,1860.0,1864.0,1868.0,1871.0,1876.0,1879.0,1879.0,1879.0,1887.0,1893.0,1895.0,1895.0,1899.0,1902.0,1903.0,1904.0,1905.0,1908.0,1909.0,1910.0,1912.0,1917.0,1922.0,1922.0,1923.0,1923.0,1924.0,1926.0,1927.0,1930.0,1932.0,1934.0,1934.0,1937.0,1938.0,1939.0,1942.0,1944.0,1946.0,1947.0,1950.0,1951.0,1951.0,1953.0,1953.0,1953.0,1954.0,1955.0,1957.0,1957.0,1957.0,1958.0,1958.0,1960.0,1961.0,1963
kxa11rqAu1g,,,,,,,,,,,,,,,,,,,,,,,,,,,,,,,,,,,,,,,,,,,,,,,,,,,,,,,,,,,,,,,,,,,,,,,,,,,,,,,,,,,,,,,,,,,,,,,,,,,,,,,,,,,,,,,,,,,,,1245.0,1942.0,2222.0,3015.0,3635.0,4039.0,4330.0,4541.0,4712.0,4811.0,4877.0,4911.0,4960.0,4992.0,5026.0,5061.0,5089.0,5098.0,5128.0,5142.0,5155.0,5171.0,5180.0,5184.0,5187.0,5202.0,5218.0,5222.0,5224.0,5230.0,5231.0,5238.0,5245.0,5249.0,5255.0,5256.0,5263.0,5265.0,5268.0,5276.0,5281.0,5284.0,5286.0,5288.0,5288.0,5282.0,5282.0,5283.0,5287.0,5292.0,5293.0,5296.0,5300.0,5301.0,5311.0,5322.0,5321.0,5322.0,5323.0,5324.0,5325.0,5325.0,5327.0,5327.0,5328.0,5328.0,5333.0,5330.0,5331.0,5331.0,5332.0,5332.0,5334.0,5334.0,5335.0,5336.0,5334.0,5333.0,5333.0,5334.0,5334.0,5335.0,5335.0,5336.0,5337.0,5337.0,5339.0,5340.0,5341.0,5342.0,5342.0,5341
hESqfnz7BW4,,,,,,,,,,,,,,,,,,,,,,,,,,,,,,,,,,,,,,,,,,,,,,,,,,,,,,,,,,,,,,,,,,,,,,,,,,,,,,,,,,,,,,,,,,,,,,,,,,,,,,,,,,,,,,,,,,,,,242.0,310.0,328.0,350.0,357.0,363.0,366.0,366.0,367.0,367.0,370.0,372.0,373.0,373.0,377.0,379.0,382.0,384.0,384.0,384.0,385.0,385.0,385.0,386.0,386.0,386.0,386.0,388.0,387.0,390.0,390.0,390.0,390.0,390.0,390.0,389.0,389.0,389.0,390.0,390.0,391.0,392.0,392.0,392.0,392.0,392.0,392.0,393.0,392.0,392.0,392.0,392.0,392.0,392.0,392.0,392.0,392.0,392.0,392.0,392.0,392.0,392.0,392.0,392.0,392.0,392.0,393.0,393.0,393.0,393.0,393.0,393.0,393.0,394.0,394.0,394.0,394.0,394.0,394.0,394.0,394.0,394.0,395.0,395.0,391.0,391.0,391.0,391.0,390.0,390.0,390.0,390
-SEKt_0pdHM,,,,,,,,,,,,,,,,,,,,,,,,,,,,,,,,,,,,,,,,,,,,,,,,,,,,,,,,,,,,,,,,,,,,,,,,,,,,,,,,,,,,,,,,,,,,,,,,,,,,,,,,,,,,,,,,,,,,,5171.0,8294.0,9288.0,9919.0,10333.0,10627.0,10900.0,11079.0,11197.0,11310.0,11427.0,11527.0,11657.0,11789.0,11893.0,11948.0,12018.0,12068.0,12108.0,12124.0,12158.0,12189.0,12214.0,12231.0,12255.0,12263.0,12286.0,12300.0,12318.0,12327.0,12338.0,12352.0,12360.0,12367.0,12381.0,12386.0,12403.0,12413.0,12431.0,12442.0,12453.0,12462.0,12468.0,12475.0,12481.0,12491.0,12495.0,12501.0,12512.0,12516.0,12522.0,12530.0,12529.0,12535.0,12537.0,12542.0,12546.0,12553.0,12561.0,12556.0,12564.0,12569.0,12575.0,12577.0,12580.0,12578.0,12582.0,12590.0,12594.0,12598.0,12600.0,12603.0,12599.0,12606.0,12611.0,12613.0,12622.0,12632.0,12636.0,12640.0,12647.0,12653.0,12661.0,12668.0,12673.0,12677.0,12683.0,12694.0,12712.0,12716.0,12714.0,12717
-SEKt_0pdHM,,,,,,,,,,,,,,,,,,,,,,,,,,,,,,,,,,,,,,,,,,,,,,,,,,,,,,,,,,,,,,,,,,,,,,,,,,,,,,,,,,,,,,,,,,,,,,,,,,,,,,,,,,,,,,,,,,,,,5171.0,8294.0,9288.0,9919.0,10333.0,10627.0,10900.0,11079.0,11197.0,11310.0,11427.0,11527.0,11657.0,11789.0,11893.0,11948.0,12018.0,12068.0,12108.0,12124.0,12158.0,12189.0,12214.0,12231.0,12255.0,12263.0,12286.0,12300.0,12318.0,12327.0,12338.0,12352.0,12360.0,12367.0,12381.0,12386.0,12403.0,12413.0,12431.0,12442.0,12453.0,12462.0,12468.0,12475.0,12481.0,12491.0,12495.0,12501.0,12512.0,12516.0,12522.0,12530.0,12529.0,12535.0,12537.0,12542.0,12546.0,12553.0,12561.0,12556.0,12564.0,12569.0,12575.0,12577.0,12580.0,12578.0,12582.0,12590.0,12594.0,12598.0,12600.0,12603.0,12599.0,12606.0,12611.0,12613.0,12622.0,12632.0,12636.0,12640.0,12647.0,12653.0,12661.0,12668.0,12673.0,12677.0,12683.0,12694.0,12712.0,12716.0,12714.0,12717
iC2SApZboFw,,,,,,,,,,,,,,,,,,,,,,,,,,,,,,,,,,,,,,,,,,,,,,,,,,,,,,,,,,,,,,,,,,,,,,,,,,,,,,,,,,,,,,,,,,,,,,,,,,,,,,,,,,,,,,,,,,,,,56.0,60.0,60.0,60.0,61.0,61.0,61.0,61.0,62.0,62.0,62.0,62.0,62.0,62.0,62.0,64.0,64.0,65.0,67.0,67.0,68.0,68.0,68.0,68.0,68.0,68.0,68.0,68.0,68.0,68.0,68.0,69.0,69.0,69.0,69.0,69.0,69.0,69.0,69.0,69.0,69.0,69.0,69.0,69.0,69.0,69.0,69.0,70.0,70.0,71.0,71.0,71.0,71.0,71.0,71.0,71.0,71.0,72.0,72.0,72.0,71.0,71.0,71.0,71.0,71.0,71.0,71.0,71.0,71.0,71.0,71.0,71.0,71.0,71.0,72.0,72.0,72.0,72.0,72.0,72.0,72.0,72.0,72.0,72.0,72.0,72.0,72.0,72.0,72.0,72.0,72.0,72
DWuIHCKI3wk,,,,,,,,,,,,,,,,,,,,,,,,,,,,,,,,,,,,,,,,,,,,,,,,,,,,,,,,,,,,,,,,,,,,,,,,,,,,,,,,,,,,,,,,,,,,,,,,,,,,,,,,,,,,,,,,,,,,,0.0,0.0,0.0,0.0,0.0,0.0,0.0,0.0,1.0,1.0,2.0,2.0,2.0,2.0,2.0,2.0,2.0,2.0,2.0,2.0,2.0,2.0,2.0,2.0,2.0,2.0,2.0,2.0,2.0,2.0,2.0,2.0,2.0,2.0,2.0,2.0,2.0,2.0,2.0,2.0,2.0,2.0,2.0,2.0,2.0,2.0,2.0,2.0,2.0,2.0,2.0,2.0,2.0,2.0,2.0,2.0,2.0,2.0,2.0,2.0,2.0,2.0,2.0,2.0,2.0,2.0,2.0,2.0,2.0,2.0,2.0,2.0,2.0,2.0,2.0,2.0,2.0,2.0,2.0,2.0,2.0,2.0,2.0,2.0,2.0,2.0,2.0,2.0,2.0,2.0,2.0,2
Fs3SzkbxdPY,,,,,,,,,,,,,,,,,,,,,,,,,,,,,,,,,,,,,,,,,,,,,,,,,,,,,,,,,,,,,,,,,,,,,,,,,,,,,,,,,,,,,,,,,,,,,,,,,,,,,,,,,,,,,,,,,,,,,,3361.0,4622.0,5334.0,5863.0,6360.0,6458.0,6513.0,6568.0,6624.0,6659.0,6684.0,6708.0,6721.0,6740.0,6741.0,6760.0,6759.0,6786.0,6790.0,6821.0,6852.0,6870.0,6897.0,6900.0,6909.0,6918.0,6941.0,6948.0,6965.0,6976.0,6990.0,7008.0,7018.0,7024.0,7025.0,7031.0,7037.0,7047.0,7057.0,7060.0,7062.0,7064.0,7069.0,7073.0,7075.0,7079.0,7081.0,7085.0,7090.0,7093.0,7098.0,7100.0,7103.0,7106.0,7116.0,7112.0,7116.0,7120.0,7124.0,7127.0,7125.0,7129.0,7127.0,7132.0,7136.0,7131.0,7128.0,7130.0,7134.0,7136.0,7137.0,7140.0,7141.0,7140.0,7144.0,7146.0,7146.0,7149.0,7148.0,7149.0,7153.0,7157.0,7159.0,7161.0,7162.0,7162.0,7164.0,7163.0,7161.0,7167.0,7170
L9-o_ZytJ20,,,,,,,,,,,,,,,,,,,,,,,,,,,,,,,,,,,,,,,,,,,,,,,,,,,,,,,,,,,,,,,,,,,,,,,,,,,,,,,,,,,,,,,,,,,,,,,,,,,,,,,,,,,,,,,,,,,,,,1349.0,2381.0,3017.0,3399.0,3740.0,3931.0,4042.0,4147.0,4200.0,4248.0,4288.0,4350.0,4401.0,4483.0,4520.0,4552.0,4580.0,4614.0,4686.0,4744.0,4777.0,4832.0,4870.0,4920.0,4938.0,4973.0,4988.0,5011.0,5053.0,5091.0,5106.0,5140.0,5181.0,5205.0,5222.0,5239.0,5259.0,5282.0,5298.0,5310.0,5321.0,5357.0,5377.0,5387.0,5402.0,5415.0,5431.0,5448.0,5467.0,5483.0,5490.0,5504.0,5515.0,5524.0,5529.0,5540.0,5547.0,5554.0,5567.0,5578.0,5596.0,5602.0,5606.0,5618.0,5627.0,5642.0,5654.0,5662.0,5677.0,5686.0,5696.0,5707.0,5705.0,5710.0,5720.0,5726.0,5725.0,5729.0,5732.0,5738.0,5741.0,5744.0,5749.0,5753.0,5755.0,5757.0,5764.0,5768.0,5771.0,5776.0,5779
4MmhtCroPEI,,,,,,,,,,,,,,,,,,,,,,,,,,,,,,,,,,,,,,,,,,,,,,,,,,,,,,,,,,,,,,,,,,,,,,,,,,,,,,,,,,,,,,,,,,,,,,,,,,,,,,,,,,,,,,,,,,,,,,888.0,1508.0,1770.0,1966.0,2096.0,2163.0,2204.0,2270.0,2297.0,2325.0,2359.0,2384.0,2407.0,2431.0,2445.0,2456.0,2464.0,2473.0,2478.0,2490.0,2491.0,2496.0,2500.0,2510.0,2514.0,2515.0,2521.0,2526.0,2534.0,2543.0,2545.0,2547.0,2550.0,2551.0,2555.0,2558.0,2558.0,2559.0,2562.0,2570.0,2572.0,2574.0,2575.0,2575.0,2578.0,2578.0,2580.0,2580.0,2582.0,2583.0,2582.0,2583.0,2583.0,2587.0,2588.0,2590.0,2593.0,2594.0,2595.0,2597.0,2598.0,2598.0,2599.0,2600.0,2601.0,2602.0,2602.0,2602.0,2601.0,2601.0,2601.0,2600.0,2601.0,2601.0,2597.0,2597.0,2596.0,2597.0,2598.0,2600.0,2600.0,2599.0,2600.0,2601.0,2601.0,2603.0,2604.0,2605.0,2605.0,2605.0,2601
4MmhtCroPEI,,,,,,,,,,,,,,,,,,,,,,,,,,,,,,,,,,,,,,,,,,,,,,,,,,,,,,,,,,,,,,,,,,,,,,,,,,,,,,,,,,,,,,,,,,,,,,,,,,,,,,,,,,,,,,,,,,,,,,888.0,1508.0,1770.0,1966.0,2096.0,2163.0,2204.0,2270.0,2297.0,2325.0,2359.0,2384.0,2407.0,2431.0,2445.0,2456.0,2464.0,2473.0,2478.0,2490.0,2491.0,2496.0,2500.0,2510.0,2514.0,2515.0,2521.0,2526.0,2534.0,2543.0,2545.0,2547.0,2550.0,2551.0,2555.0,2558.0,2558.0,2559.0,2562.0,2570.0,2572.0,2574.0,2575.0,2575.0,2578.0,2578.0,2580.0,2580.0,2582.0,2583.0,2582.0,2583.0,2583.0,2587.0,2588.0,2590.0,2593.0,2594.0,2595.0,2597.0,2598.0,2598.0,2599.0,2600.0,2601.0,2602.0,2602.0,2602.0,2601.0,2601.0,2601.0,2600.0,2601.0,2601.0,2597.0,2597.0,2596.0,2597.0,2598.0,2600.0,2600.0,2599.0,2600.0,2601.0,2601.0,2603.0,2604.0,2605.0,2605.0,2605.0,2601
5TudZQsVi7s,,,,,,,,,,,,,,,,,,,,,,,,,,,,,,,,,,,,,,,,,,,,,,,,,,,,,,,,,,,,,,,,,,,,,,,,,,,,,,,,,,,,,,,,,,,,,,,,,,,,,,,,,,,,,,,,,,,,,,444.0,641.0,714.0,751.0,782.0,805.0,811.0,826.0,833.0,841.0,842.0,845.0,852.0,862.0,887.0,896.0,898.0,900.0,905.0,906.0,909.0,911.0,912.0,912.0,912.0,912.0,912.0,913.0,913.0,913.0,912.0,912.0,912.0,913.0,914.0,915.0,917.0,917.0,918.0,919.0,920.0,921.0,921.0,921.0,924.0,926.0,927.0,928.0,931.0,935.0,936.0,938.0,938.0,941.0,941.0,942.0,945.0,945.0,947.0,947.0,948.0,948.0,949.0,949.0,949.0,949.0,949.0,950.0,949.0,949.0,949.0,949.0,950.0,952.0,952.0,952.0,952.0,953.0,954.0,954.0,954.0,955.0,955.0,955.0,955.0,955.0,956.0,957.0,957.0,958.0,959
iuabZ3YmjKw,,,,,,,,,,,,,,,,,,,,,,,,,,,,,,,,,,,,,,,,,,,,,,,,,,,,,,,,,,,,,,,,,,,,,,,,,,,,,,,,,,,,,,,,,,,,,,,,,,,,,,,,,,,,,,,,,,,,,,89.0,144.0,167.0,174.0,177.0,185.0,194.0,196.0,203.0,203.0,204.0,205.0,206.0,207.0,207.0,207.0,208.0,208.0,208.0,208.0,209.0,209.0,209.0,210.0,208.0,208.0,208.0,208.0,208.0,208.0,208.0,209.0,210.0,210.0,210.0,210.0,211.0,211.0,211.0,211.0,211.0,211.0,211.0,211.0,211.0,211.0,211.0,211.0,211.0,211.0,211.0,211.0,211.0,211.0,211.0,212.0,212.0,212.0,212.0,212.0,212.0,213.0,213.0,213.0,213.0,213.0,213.0,213.0,214.0,214.0,215.0,218.0,218.0,220.0,221.0,223.0,223.0,225.0,226.0,227.0,228.0,229.0,229.0,231.0,231.0,232.0,234.0,236.0,237.0,238.0,239
Nm5jrXpPws8,,,,,,,,,,,,,,,,,,,,,,,,,,,,,,,,,,,,,,,,,,,,,,,,,,,,,,,,,,,,,,,,,,,,,,,,,,,,,,,,,,,,,,,,,,,,,,,,,,,,,,,,,,,,,,,,,,,,,,99.0,184.0,216.0,239.0,253.0,259.0,265.0,267.0,270.0,274.0,280.0,278.0,279.0,280.0,281.0,283.0,285.0,286.0,286.0,287.0,289.0,290.0,290.0,291.0,291.0,293.0,293.0,293.0,293.0,293.0,293.0,294.0,294.0,294.0,294.0,294.0,294.0,294.0,295.0,295.0,295.0,295.0,295.0,294.0,294.0,294.0,294.0,295.0,295.0,295.0,297.0,296.0,296.0,296.0,296.0,296.0,296.0,296.0,296.0,296.0,296.0,296.0,296.0,296.0,297.0,297.0,297.0,297.0,297.0,299.0,299.0,299.0,299.0,299.0,299.0,299.0,299.0,299.0,299.0,299.0,298.0,298.0,298.0,298.0,298.0,298.0,299.0,299.0,299.0,299.0,299
sfVO4X_xOu8,,,,,,,,,,,,,,,,,,,,,,,,,,,,,,,,,,,,,,,,,,,,,,,,,,,,,,,,,,,,,,,,,,,,,,,,,,,,,,,,,,,,,,,,,,,,,,,,,,,,,,,,,,,,,,,,,,,,,,366.0,371.0,372.0,373.0,375.0,375.0,379.0,376.0,376.0,378.0,378.0,384.0,386.0,389.0,392.0,391.0,392.0,392.0,394.0,395.0,396.0,396.0,396.0,397.0,398.0,402.0,405.0,408.0,406.0,406.0,407.0,410.0,410.0,410.0,410.0,410.0,411.0,412.0,415.0,419.0,420.0,421.0,423.0,422.0,423.0,423.0,423.0,423.0,423.0,424.0,424.0,424.0,424.0,426.0,426.0,425.0,425.0,425.0,426.0,429.0,431.0,433.0,434.0,436.0,438.0,438.0,439.0,439.0,440.0,440.0,441.0,442.0,443.0,443.0,444.0,445.0,445.0,445.0,448.0,449.0,449.0,449.0,450.0,450.0,451.0,451.0,451.0,453.0,455.0,455.0,456
AclBcmvaeKU,,,,,,,,,,,,,,,,,,,,,,,,,,,,,,,,,,,,,,,,,,,,,,,,,,,,,,,,,,,,,,,,,,,,,,,,,,,,,,,,,,,,,,,,,,,,,,,,,,,,,,,,,,,,,,,,,,,,,,13.0,13.0,14.0,15.0,18.0,20.0,24.0,24.0,25.0,25.0,25.0,26.0,26.0,27.0,28.0,27.0,27.0,27.0,27.0,28.0,29.0,29.0,29.0,30.0,30.0,31.0,31.0,31.0,31.0,31.0,31.0,31.0,31.0,31.0,31.0,31.0,32.0,32.0,32.0,32.0,32.0,32.0,32.0,32.0,32.0,32.0,32.0,32.0,32.0,32.0,32.0,32.0,32.0,32.0,32.0,33.0,33.0,33.0,33.0,34.0,34.0,34.0,34.0,34.0,34.0,35.0,35.0,35.0,35.0,35.0,35.0,35.0,35.0,35.0,35.0,35.0,36.0,36.0,36.0,36.0,36.0,36.0,36.0,36.0,36.0,37.0,37.0,37.0,37.0,37.0,37
iDAStwuWFTE,,,,,,,,,,,,,,,,,,,,,,,,,,,,,,,,,,,,,,,,,,,,,,,,,,,,,,,,,,,,,,,,,,,,,,,,,,,,,,,,,,,,,,,,,,,,,,,,,,,,,,,,,,,,,,,,,,,,,,328.0,357.0,384.0,406.0,418.0,429.0,436.0,446.0,449.0,452.0,461.0,465.0,468.0,471.0,472.0,473.0,474.0,475.0,476.0,475.0,476.0,477.0,478.0,478.0,478.0,478.0,478.0,478.0,478.0,479.0,481.0,482.0,483.0,485.0,485.0,485.0,477.0,477.0,477.0,477.0,477.0,477.0,478.0,478.0,478.0,478.0,477.0,478.0,478.0,478.0,479.0,479.0,479.0,479.0,481.0,481.0,481.0,482.0,483.0,484.0,485.0,484.0,484.0,484.0,484.0,484.0,484.0,484.0,484.0,484.0,484.0,484.0,484.0,485.0,485.0,485.0,485.0,485.0,485.0,485.0,486.0,486.0,485.0,486.0,486.0,488.0,488.0,487.0,487.0,487.0,487
PdZlUGBwaCc,,,,,,,,,,,,,,,,,,,,,,,,,,,,,,,,,,,,,,,,,,,,,,,,,,,,,,,,,,,,,,,,,,,,,,,,,,,,,,,,,,,,,,,,,,,,,,,,,,,,,,,,,,,,,,,,,,,,,,134.0,162.0,180.0,185.0,192.0,200.0,233.0,260.0,274.0,280.0,285.0,294.0,298.0,303.0,304.0,306.0,307.0,307.0,308.0,308.0,308.0,308.0,310.0,312.0,313.0,313.0,314.0,314.0,315.0,315.0,316.0,316.0,317.0,317.0,319.0,320.0,320.0,321.0,321.0,322.0,322.0,322.0,323.0,323.0,323.0,323.0,323.0,324.0,325.0,326.0,326.0,326.0,327.0,328.0,328.0,328.0,328.0,328.0,328.0,328.0,328.0,328.0,328.0,328.0,328.0,328.0,328.0,329.0,329.0,329.0,329.0,329.0,329.0,329.0,329.0,329.0,329.0,329.0,329.0,329.0,329.0,329.0,329.0,329.0,329.0,329.0,329.0,329.0,330.0,330.0,330
cYYcoxDNoik,,,,,,,,,,,,,,,,,,,,,,,,,,,,,,,,,,,,,,,,,,,,,,,,,,,,,,,,,,,,,,,,,,,,,,,,,,,,,,,,,,,,,,,,,,,,,,,,,,,,,,,,,,,,,,,,,,,,,,230.0,230.0,230.0,230.0,230.0,230.0,230.0,230.0,230.0,230.0,230.0,230.0,230.0,229.0,229.0,229.0,230.0,230.0,228.0,228.0,228.0,228.0,228.0,228.0,228.0,228.0,228.0,228.0,228.0,228.0,228.0,228.0,228.0,228.0,228.0,228.0,228.0,228.0,228.0,228.0,228.0,228.0,228.0,228.0,228.0,227.0,227.0,227.0,227.0,228.0,228.0,228.0,228.0,228.0,228.0,228.0,228.0,228.0,227.0,227.0,227.0,227.0,227.0,227.0,227.0,227.0,226.0,226.0,226.0,226.0,226.0,226.0,226.0,226.0,226.0,226.0,226.0,226.0,226.0,226.0,226.0,226.0,226.0,226.0,226.0,225.0,225.0,225.0,225.0,225.0,225
x9v9uOp1nIg,,,,,,,,,,,,,,,,,,,,,,,,,,,,,,,,,,,,,,,,,,,,,,,,,,,,,,,,,,,,,,,,,,,,,,,,,,,,,,,,,,,,,,,,,,,,,,,,,,,,,,,,,,,,,,,,,,,,,,22.0,22.0,22.0,22.0,22.0,22.0,22.0,22.0,22.0,21.0,21.0,21.0,22.0,22.0,22.0,22.0,22.0,22.0,22.0,22.0,22.0,22.0,22.0,22.0,23.0,23.0,23.0,23.0,23.0,23.0,23.0,23.0,23.0,23.0,23.0,23.0,23.0,23.0,23.0,23.0,23.0,23.0,23.0,23.0,23.0,23.0,23.0,23.0,23.0,23.0,23.0,23.0,23.0,23.0,23.0,23.0,23.0,23.0,23.0,23.0,23.0,23.0,23.0,23.0,23.0,23.0,23.0,23.0,23.0,23.0,23.0,23.0,23.0,23.0,23.0,23.0,23.0,23.0,23.0,23.0,23.0,23.0,23.0,23.0,23.0,23.0,23.0,23.0,23.0,23.0,23
cd80sQ6k8og,,,,,,,,,,,,,,,,,,,,,,,,,,,,,,,,,,,,,,,,,,,,,,,,,,,,,,,,,,,,,,,,,,,,,,,,,,,,,,,,,,,,,,,,,,,,,,,,,,,,,,,,,,,,,,,,,,,,,,10.0,10.0,10.0,10.0,11.0,11.0,12.0,12.0,12.0,12.0,12.0,12.0,12.0,12.0,12.0,12.0,12.0,12.0,12.0,12.0,12.0,12.0,12.0,13.0,13.0,13.0,13.0,13.0,13.0,13.0,13.0,13.0,13.0,13.0,13.0,13.0,13.0,13.0,13.0,13.0,13.0,13.0,13.0,13.0,13.0,13.0,13.0,13.0,13.0,13.0,13.0,13.0,13.0,13.0,13.0,13.0,13.0,13.0,13.0,13.0,13.0,13.0,13.0,13.0,13.0,13.0,13.0,13.0,13.0,13.0,13.0,13.0,13.0,13.0,13.0,13.0,13.0,13.0,14.0,14.0,14.0,14.0,14.0,14.0,14.0,14.0,14.0,14.0,14.0,14.0,14
nQtWi1yT97k,,,,,,,,,,,,,,,,,,,,,,,,,,,,,,,,,,,,,,,,,,,,,,,,,,,,,,,,,,,,,,,,,,,,,,,,,,,,,,,,,,,,,,,,,,,,,,,,,,,,,,,,,,,,,,,,,,,,,,363.0,405.0,412.0,423.0,422.0,424.0,426.0,426.0,427.0,427.0,427.0,429.0,429.0,432.0,434.0,434.0,434.0,434.0,434.0,434.0,434.0,434.0,434.0,434.0,435.0,435.0,435.0,435.0,435.0,435.0,435.0,435.0,436.0,436.0,436.0,436.0,436.0,436.0,436.0,436.0,436.0,437.0,437.0,437.0,437.0,437.0,437.0,437.0,437.0,437.0,437.0,437.0,437.0,437.0,439.0,439.0,440.0,440.0,440.0,441.0,441.0,441.0,441.0,441.0,441.0,441.0,441.0,442.0,442.0,443.0,443.0,443.0,443.0,443.0,442.0,442.0,442.0,442.0,442.0,442.0,442.0,442.0,442.0,442.0,442.0,442.0,442.0,441.0,441.0,441.0,441
mMr52FVf6qk,,,,,,,,,,,,,,,,,,,,,,,,,,,,,,,,,,,,,,,,,,,,,,,,,,,,,,,,,,,,,,,,,,,,,,,,,,,,,,,,,,,,,,,,,,,,,,,,,,,,,,,,,,,,,,,,,,,,,,590.0,739.0,826.0,895.0,973.0,1010.0,1046.0,1089.0,1121.0,1134.0,1142.0,1146.0,1156.0,1157.0,1165.0,1171.0,1182.0,1187.0,1194.0,1200.0,1206.0,1207.0,1212.0,1220.0,1221.0,1224.0,1234.0,1237.0,1243.0,1252.0,1263.0,1267.0,1273.0,1276.0,1282.0,1282.0,1286.0,1288.0,1293.0,1293.0,1293.0,1293.0,1293.0,1294.0,1294.0,1295.0,1296.0,1299.0,1300.0,1302.0,1303.0,1305.0,1306.0,1309.0,1314.0,1316.0,1316.0,1317.0,1317.0,1317.0,1316.0,1316.0,1316.0,1316.0,1316.0,1316.0,1316.0,1315.0,1315.0,1315.0,1315.0,1316.0,1316.0,1316.0,1317.0,1317.0,1317.0,1317.0,1317.0,1317.0,1317.0,1317.0,1318.0,1318.0,1318.0,1318.0,1318.0,1318.0,1318.0,1318.0,1318
-Rbf9Kls7qI,,,,,,,,,,,,,,,,,,,,,,,,,,,,,,,,,,,,,,,,,,,,,,,,,,,,,,,,,,,,,,,,,,,,,,,,,,,,,,,,,,,,,,,,,,,,,,,,,,,,,,,,,,,,,,,,,,,,,,0.0,0.0,0.0,0.0,0.0,0.0,0.0,0.0,0.0,0.0,0.0,0.0,0.0,0.0,0.0,0.0,0.0,0.0,0.0,0.0,0.0,0.0,0.0,0.0,0.0,0.0,0.0,0.0,0.0,0.0,0.0,0.0,0.0,0.0,0.0,0.0,0.0,0.0,0.0,0.0,0.0,0.0,0.0,0.0,0.0,0.0,0.0,0.0,0.0,0.0,0.0,0.0,0.0,0.0,0.0,0.0,0.0,0.0,0.0,0.0,0.0,0.0,0.0,0.0,0.0,0.0,0.0,0.0,0.0,0.0,0.0,0.0,0.0,0.0,0.0,0.0,0.0,0.0,0.0,0.0,0.0,0.0,0.0,0.0,0.0,0.0,0.0,0.0,0.0,0.0,0
bMhDJ0S0OBA,,,,,,,,,,,,,,,,,,,,,,,,,,,,,,,,,,,,,,,,,,,,,,,,,,,,,,,,,,,,,,,,,,,,,,,,,,,,,,,,,,,,,,,,,,,,,,,,,,,,,,,,,,,,,,,,,,,,,,,12741.0,18498.0,20556.0,21795.0,22981.0,23790.0,24517.0,24941.0,25438.0,25969.0,26366.0,26684.0,27019.0,27377.0,27675.0,28032.0,28348.0,28697.0,28987.0,29184.0,29435.0,29669.0,29908.0,30235.0,30545.0,30811.0,31041.0,31274.0,31468.0,31705.0,31959.0,32253.0,32485.0,32757.0,32999.0,33247.0,33577.0,33877.0,34162.0,34399.0,34621.0,34972.0,35605.0,35919.0,36203.0,36464.0,36684.0,36845.0,37074.0,37234.0,37387.0,37625.0,37880.0,38092.0,38250.0,38385.0,38598.0,38772.0,39020.0,39289.0,39503.0,39703.0,39891.0,40052.0,40261.0,40315.0,40527.0,40758.0,40942.0,41158.0,41424.0,41640.0,41885.0,42220.0,42422.0,42645.0,42876.0,43137.0,43623.0,44563.0,44959.0,45186.0,45376.0,45543.0,45673.0,45828.0,45971.0,46130.0,46223.0,46333
rvKKf1ZQd9A,,,,,,,,,,,,,,,,,,,,,,,,,,,,,,,,,,,,,,,,,,,,,,,,,,,,,,,,,,,,,,,,,,,,,,,,,,,,,,,,,,,,,,,,,,,,,,,,,,,,,,,,,,,,,,,,,,,,,,,35.0,42.0,47.0,47.0,50.0,50.0,50.0,50.0,50.0,50.0,51.0,51.0,51.0,52.0,52.0,52.0,52.0,52.0,52.0,52.0,52.0,52.0,54.0,54.0,54.0,55.0,55.0,55.0,55.0,55.0,55.0,55.0,55.0,55.0,55.0,55.0,56.0,56.0,56.0,56.0,56.0,56.0,56.0,56.0,56.0,56.0,56.0,56.0,56.0,56.0,56.0,56.0,56.0,56.0,56.0,56.0,56.0,56.0,56.0,56.0,56.0,56.0,56.0,56.0,56.0,56.0,56.0,56.0,56.0,56.0,56.0,56.0,56.0,56.0,56.0,56.0,56.0,56.0,56.0,56.0,56.0,56.0,56.0,56.0,56.0,56.0,56.0,56.0,56.0,56
9yfji_1kggs,,,,,,,,,,,,,,,,,,,,,,,,,,,,,,,,,,,,,,,,,,,,,,,,,,,,,,,,,,,,,,,,,,,,,,,,,,,,,,,,,,,,,,,,,,,,,,,,,,,,,,,,,,,,,,,,,,,,,,,19.0,37.0,38.0,44.0,46.0,48.0,49.0,49.0,50.0,50.0,50.0,52.0,52.0,52.0,52.0,52.0,52.0,53.0,53.0,53.0,53.0,53.0,53.0,53.0,53.0,53.0,54.0,54.0,54.0,54.0,54.0,54.0,54.0,57.0,57.0,57.0,57.0,57.0,57.0,57.0,57.0,57.0,57.0,57.0,57.0,57.0,58.0,58.0,58.0,58.0,58.0,58.0,58.0,58.0,58.0,58.0,58.0,58.0,58.0,58.0,58.0,58.0,58.0,58.0,58.0,58.0,58.0,58.0,58.0,58.0,58.0,58.0,58.0,58.0,58.0,58.0,58.0,58.0,58.0,58.0,58.0,58.0,58.0,58.0,58.0,58.0,58.0,58.0,58.0,58
oqt0JmsuSdE,,,,,,,,,,,,,,,,,,,,,,,,,,,,,,,,,,,,,,,,,,,,,,,,,,,,,,,,,,,,,,,,,,,,,,,,,,,,,,,,,,,,,,,,,,,,,,,,,,,,,,,,,,,,,,,,,,,,,,,20.0,21.0,22.0,23.0,23.0,23.0,25.0,26.0,28.0,30.0,30.0,31.0,33.0,35.0,35.0,35.0,35.0,35.0,35.0,36.0,36.0,38.0,40.0,40.0,40.0,40.0,41.0,41.0,41.0,41.0,41.0,41.0,42.0,42.0,43.0,44.0,46.0,46.0,46.0,46.0,46.0,46.0,46.0,46.0,46.0,46.0,46.0,46.0,46.0,46.0,46.0,46.0,46.0,46.0,46.0,46.0,46.0,46.0,46.0,46.0,46.0,46.0,46.0,46.0,46.0,46.0,46.0,46.0,46.0,46.0,46.0,46.0,46.0,46.0,46.0,46.0,48.0,48.0,48.0,48.0,48.0,48.0,48.0,48.0,48.0,50.0,50.0,50.0,50.0,50
HUuqvTfD3-w,,,,,,,,,,,,,,,,,,,,,,,,,,,,,,,,,,,,,,,,,,,,,,,,,,,,,,,,,,,,,,,,,,,,,,,,,,,,,,,,,,,,,,,,,,,,,,,,,,,,,,,,,,,,,,,,,,,,,,,31.0,31.0,31.0,31.0,31.0,31.0,31.0,31.0,31.0,31.0,31.0,31.0,31.0,31.0,31.0,31.0,31.0,31.0,31.0,31.0,31.0,31.0,31.0,31.0,31.0,31.0,31.0,31.0,31.0,31.0,31.0,31.0,31.0,31.0,31.0,31.0,31.0,31.0,31.0,31.0,31.0,31.0,31.0,31.0,31.0,32.0,32.0,32.0,32.0,32.0,32.0,32.0,32.0,32.0,32.0,32.0,32.0,32.0,32.0,32.0,32.0,32.0,32.0,32.0,32.0,32.0,33.0,33.0,33.0,33.0,33.0,33.0,33.0,33.0,33.0,33.0,33.0,33.0,33.0,33.0,33.0,33.0,33.0,33.0,33.0,33.0,33.0,33.0,33.0,33
6eeGMatVNNw,,,,,,,,,,,,,,,,,,,,,,,,,,,,,,,,,,,,,,,,,,,,,,,,,,,,,,,,,,,,,,,,,,,,,,,,,,,,,,,,,,,,,,,,,,,,,,,,,,,,,,,,,,,,,,,,,,,,,,,12.0,14.0,14.0,15.0,15.0,15.0,15.0,17.0,17.0,17.0,17.0,18.0,18.0,19.0,19.0,19.0,19.0,19.0,19.0,19.0,19.0,19.0,19.0,19.0,19.0,19.0,19.0,19.0,20.0,20.0,20.0,20.0,20.0,20.0,20.0,20.0,20.0,21.0,21.0,21.0,21.0,20.0,20.0,20.0,20.0,20.0,20.0,20.0,20.0,20.0,20.0,20.0,20.0,20.0,20.0,20.0,20.0,20.0,20.0,20.0,20.0,20.0,20.0,20.0,20.0,20.0,20.0,20.0,20.0,20.0,20.0,20.0,20.0,20.0,20.0,20.0,20.0,20.0,20.0,20.0,20.0,20.0,20.0,20.0,20.0,20.0,20.0,20.0,20.0,20
k7d3t4WwsmE,,,,,,,,,,,,,,,,,,,,,,,,,,,,,,,,,,,,,,,,,,,,,,,,,,,,,,,,,,,,,,,,,,,,,,,,,,,,,,,,,,,,,,,,,,,,,,,,,,,,,,,,,,,,,,,,,,,,,,,59.0,62.0,63.0,64.0,65.0,64.0,64.0,64.0,65.0,65.0,66.0,68.0,69.0,69.0,69.0,71.0,71.0,72.0,73.0,74.0,75.0,75.0,75.0,76.0,76.0,76.0,76.0,76.0,76.0,76.0,76.0,76.0,76.0,76.0,76.0,76.0,77.0,77.0,77.0,77.0,77.0,78.0,78.0,79.0,79.0,79.0,79.0,79.0,79.0,79.0,79.0,80.0,80.0,80.0,80.0,80.0,80.0,80.0,80.0,80.0,80.0,81.0,81.0,81.0,81.0,82.0,82.0,82.0,82.0,82.0,82.0,82.0,82.0,82.0,82.0,82.0,82.0,82.0,83.0,83.0,83.0,83.0,83.0,83.0,83.0,83.0,83.0,83.0,83.0,83
kqA4JOf_Vrs,,,,,,,,,,,,,,,,,,,,,,,,,,,,,,,,,,,,,,,,,,,,,,,,,,,,,,,,,,,,,,,,,,,,,,,,,,,,,,,,,,,,,,,,,,,,,,,,,,,,,,,,,,,,,,,,,,,,,,,24.0,28.0,31.0,31.0,31.0,32.0,33.0,33.0,33.0,33.0,33.0,33.0,33.0,33.0,33.0,33.0,33.0,33.0,33.0,33.0,33.0,33.0,33.0,33.0,33.0,33.0,33.0,33.0,33.0,33.0,33.0,33.0,33.0,33.0,33.0,33.0,33.0,33.0,33.0,33.0,33.0,33.0,33.0,33.0,33.0,33.0,33.0,33.0,33.0,33.0,33.0,33.0,33.0,33.0,33.0,33.0,33.0,33.0,33.0,33.0,33.0,33.0,33.0,33.0,33.0,33.0,33.0,33.0,33.0,33.0,33.0,33.0,33.0,33.0,33.0,33.0,33.0,33.0,33.0,33.0,33.0,33.0,33.0,33.0,33.0,33.0,33.0,33.0,33.0,33
8VA4vJ7XG8k,,,,,,,,,,,,,,,,,,,,,,,,,,,,,,,,,,,,,,,,,,,,,,,,,,,,,,,,,,,,,,,,,,,,,,,,,,,,,,,,,,,,,,,,,,,,,,,,,,,,,,,,,,,,,,,,,,,,,,,5.0,8.0,9.0,11.0,11.0,11.0,11.0,12.0,12.0,13.0,14.0,14.0,14.0,14.0,14.0,14.0,14.0,14.0,14.0,15.0,16.0,16.0,16.0,16.0,16.0,16.0,16.0,16.0,16.0,16.0,16.0,16.0,16.0,16.0,16.0,16.0,16.0,16.0,16.0,16.0,16.0,16.0,16.0,16.0,16.0,16.0,17.0,17.0,17.0,17.0,17.0,17.0,17.0,17.0,17.0,17.0,17.0,17.0,18.0,18.0,18.0,18.0,18.0,18.0,18.0,18.0,18.0,18.0,18.0,18.0,18.0,18.0,18.0,18.0,18.0,18.0,18.0,18.0,18.0,18.0,17.0,17.0,17.0,17.0,17.0,17.0,17.0,17.0,17.0,17
jGI-sy96hn0,,,,,,,,,,,,,,,,,,,,,,,,,,,,,,,,,,,,,,,,,,,,,,,,,,,,,,,,,,,,,,,,,,,,,,,,,,,,,,,,,,,,,,,,,,,,,,,,,,,,,,,,,,,,,,,,,,,,,,,0.0,0.0,0.0,0.0,0.0,0.0,0.0,0.0,0.0,0.0,0.0,0.0,0.0,0.0,0.0,0.0,0.0,0.0,0.0,0.0,0.0,0.0,0.0,0.0,0.0,0.0,0.0,0.0,0.0,0.0,0.0,0.0,0.0,0.0,0.0,0.0,0.0,0.0,0.0,0.0,0.0,0.0,0.0,0.0,0.0,0.0,0.0,0.0,0.0,0.0,0.0,0.0,0.0,0.0,0.0,0.0,0.0,0.0,0.0,0.0,0.0,0.0,0.0,0.0,0.0,0.0,0.0,0.0,0.0,0.0,0.0,0.0,0.0,0.0,0.0,0.0,0.0,0.0,0.0,0.0,0.0,0.0,0.0,0.0,0.0,0.0,0.0,0.0,0.0,0
ARLezfeaaqk,,,,,,,,,,,,,,,,,,,,,,,,,,,,,,,,,,,,,,,,,,,,,,,,,,,,,,,,,,,,,,,,,,,,,,,,,,,,,,,,,,,,,,,,,,,,,,,,,,,,,,,,,,,,,,,,,,,,,,,,2.0,5.0,5.0,5.0,6.0,7.0,7.0,8.0,8.0,8.0,8.0,8.0,8.0,8.0,8.0,8.0,8.0,8.0,8.0,8.0,8.0,8.0,8.0,8.0,8.0,8.0,8.0,8.0,8.0,8.0,8.0,8.0,8.0,8.0,8.0,8.0,8.0,8.0,8.0,8.0,8.0,8.0,8.0,8.0,8.0,8.0,8.0,8.0,8.0,8.0,8.0,8.0,8.0,8.0,8.0,8.0,8.0,8.0,8.0,8.0,10.0,10.0,10.0,10.0,10.0,10.0,10.0,10.0,10.0,10.0,10.0,10.0,10.0,10.0,10.0,10.0,10.0,10.0,10.0,10.0,10.0,10.0,10.0,10.0,10.0,10.0,10.0,10.0,10
NtilymvB8YE,,,,,,,,,,,,,,,,,,,,,,,,,,,,,,,,,,,,,,,,,,,,,,,,,,,,,,,,,,,,,,,,,,,,,,,,,,,,,,,,,,,,,,,,,,,,,,,,,,,,,,,,,,,,,,,,,,,,,,,,31.0,53.0,70.0,89.0,106.0,116.0,116.0,117.0,118.0,119.0,122.0,123.0,127.0,129.0,130.0,133.0,133.0,134.0,134.0,135.0,135.0,135.0,136.0,136.0,137.0,137.0,137.0,137.0,137.0,138.0,139.0,142.0,142.0,143.0,143.0,143.0,143.0,144.0,145.0,145.0,145.0,145.0,146.0,146.0,146.0,146.0,148.0,148.0,148.0,148.0,149.0,149.0,151.0,151.0,151.0,151.0,151.0,151.0,151.0,151.0,151.0,150.0,150.0,150.0,150.0,150.0,150.0,150.0,150.0,150.0,150.0,150.0,150.0,150.0,151.0,151.0,151.0,151.0,151.0,152.0,152.0,152.0,152.0,152.0,152.0,152.0,153.0,153.0,155
YHG_5V_FGdY,,,,,,,,,,,,,,,,,,,,,,,,,,,,,,,,,,,,,,,,,,,,,,,,,,,,,,,,,,,,,,,,,,,,,,,,,,,,,,,,,,,,,,,,,,,,,,,,,,,,,,,,,,,,,,,,,,,,,,,,20.0,23.0,23.0,24.0,24.0,24.0,24.0,24.0,24.0,24.0,24.0,24.0,24.0,24.0,24.0,24.0,24.0,24.0,24.0,24.0,24.0,24.0,24.0,24.0,24.0,24.0,24.0,24.0,24.0,24.0,24.0,24.0,25.0,25.0,25.0,25.0,25.0,25.0,25.0,25.0,25.0,26.0,26.0,26.0,26.0,25.0,25.0,25.0,25.0,25.0,25.0,25.0,25.0,25.0,25.0,25.0,25.0,25.0,25.0,25.0,25.0,25.0,25.0,25.0,25.0,25.0,25.0,25.0,25.0,25.0,25.0,25.0,25.0,25.0,25.0,25.0,25.0,25.0,25.0,25.0,25.0,25.0,25.0,25.0,25.0,25.0,25.0,25.0,25
pdn7egxK0AU,,,,,,,,,,,,,,,,,,,,,,,,,,,,,,,,,,,,,,,,,,,,,,,,,,,,,,,,,,,,,,,,,,,,,,,,,,,,,,,,,,,,,,,,,,,,,,,,,,,,,,,,,,,,,,,,,,,,,,,,0.0,0.0,0.0,0.0,0.0,0.0,0.0,0.0,0.0,0.0,0.0,0.0,0.0,0.0,0.0,0.0,0.0,0.0,0.0,0.0,0.0,0.0,0.0,0.0,0.0,0.0,0.0,0.0,0.0,0.0,0.0,0.0,0.0,0.0,0.0,0.0,0.0,0.0,0.0,0.0,0.0,0.0,0.0,0.0,0.0,0.0,0.0,0.0,0.0,0.0,0.0,0.0,0.0,0.0,0.0,0.0,0.0,0.0,0.0,0.0,0.0,0.0,0.0,0.0,0.0,0.0,0.0,0.0,0.0,0.0,0.0,0.0,0.0,0.0,0.0,0.0,0.0,0.0,0.0,0.0,0.0,0.0,0.0,0.0,0.0,0.0,0.0,0.0,0
iTN61KGaUZA,,,,,,,,,,,,,,,,,,,,,,,,,,,,,,,,,,,,,,,,,,,,,,,,,,,,,,,,,,,,,,,,,,,,,,,,,,,,,,,,,,,,,,,,,,,,,,,,,,,,,,,,,,,,,,,,,,,,,,,,176.0,254.0,276.0,299.0,306.0,316.0,320.0,327.0,332.0,335.0,337.0,337.0,337.0,337.0,337.0,337.0,340.0,340.0,342.0,344.0,346.0,347.0,348.0,348.0,349.0,349.0,349.0,349.0,349.0,349.0,350.0,350.0,351.0,351.0,351.0,352.0,352.0,353.0,355.0,355.0,355.0,356.0,356.0,356.0,356.0,356.0,357.0,356.0,356.0,357.0,357.0,357.0,357.0,357.0,357.0,357.0,357.0,358.0,358.0,358.0,358.0,358.0,358.0,359.0,359.0,359.0,359.0,359.0,359.0,359.0,361.0,362.0,362.0,362.0,362.0,362.0,362.0,362.0,363.0,363.0,363.0,363.0,363.0,363.0,363.0,363.0,363.0,363.0,363
sHRSiPhOT28,,,,,,,,,,,,,,,,,,,,,,,,,,,,,,,,,,,,,,,,,,,,,,,,,,,,,,,,,,,,,,,,,,,,,,,,,,,,,,,,,,,,,,,,,,,,,,,,,,,,,,,,,,,,,,,,,,,,,,,,,1397.0,1955.0,2458.0,2847.0,3337.0,3754.0,4115.0,4432.0,4671.0,4923.0,5181.0,5416.0,5606.0,5801.0,6033.0,6249.0,6443.0,6595.0,6720.0,6859.0,6972.0,7078.0,7217.0,7324.0,7437.0,7537.0,7624.0,7696.0,7772.0,7830.0,7890.0,7929.0,7973.0,8026.0,8069.0,8104.0,8121.0,8139.0,8164.0,8183.0,8195.0,8209.0,8223.0,8216.0,8206.0,8224.0,8230.0,8244.0,8253.0,8277.0,8291.0,8310.0,8331.0,8348.0,8367.0,8379.0,8399.0,8407.0,8414.0,8422.0,8436.0,8448.0,8454.0,8461.0,8468.0,8477.0,8483.0,8495.0,8502.0,8514.0,8552.0,8604.0,8642.0,8674.0,8697.0,8717.0,8739.0,8768.0,8798.0,8811.0,8828.0,8847.0,8865.0,8876.0,8884.0,8891.0,8902.0,8915
E2ITcPwUzig,,,,,,,,,,,,,,,,,,,,,,,,,,,,,,,,,,,,,,,,,,,,,,,,,,,,,,,,,,,,,,,,,,,,,,,,,,,,,,,,,,,,,,,,,,,,,,,,,,,,,,,,,,,,,,,,,,,,,,,,,9.0,9.0,9.0,9.0,9.0,9.0,9.0,9.0,9.0,9.0,9.0,9.0,9.0,9.0,9.0,9.0,9.0,9.0,9.0,9.0,9.0,9.0,9.0,9.0,9.0,9.0,9.0,9.0,9.0,9.0,9.0,9.0,9.0,9.0,9.0,9.0,9.0,9.0,9.0,9.0,9.0,9.0,9.0,9.0,9.0,9.0,9.0,9.0,9.0,9.0,9.0,9.0,9.0,9.0,9.0,9.0,9.0,9.0,9.0,9.0,9.0,9.0,9.0,9.0,9.0,9.0,9.0,9.0,9.0,9.0,9.0,9.0,9.0,9.0,9.0,9.0,9.0,9.0,9.0,9.0,9.0,9.0,9.0,9.0,9.0,9.0,9.0,9
kehGv-cauoM,,,,,,,,,,,,,,,,,,,,,,,,,,,,,,,,,,,,,,,,,,,,,,,,,,,,,,,,,,,,,,,,,,,,,,,,,,,,,,,,,,,,,,,,,,,,,,,,,,,,,,,,,,,,,,,,,,,,,,,,,5.0,5.0,5.0,5.0,5.0,5.0,5.0,5.0,5.0,5.0,5.0,5.0,5.0,5.0,5.0,5.0,5.0,5.0,5.0,5.0,5.0,5.0,5.0,5.0,5.0,5.0,5.0,5.0,5.0,5.0,5.0,5.0,5.0,5.0,5.0,5.0,5.0,5.0,5.0,5.0,5.0,5.0,5.0,5.0,5.0,5.0,5.0,5.0,5.0,5.0,5.0,5.0,5.0,5.0,5.0,5.0,5.0,5.0,5.0,5.0,5.0,5.0,5.0,5.0,5.0,5.0,5.0,5.0,5.0,5.0,5.0,5.0,5.0,5.0,5.0,5.0,5.0,5.0,5.0,5.0,5.0,5.0,5.0,5.0,5.0,5.0,5.0,5
GF3CYgXKOq8,,,,,,,,,,,,,,,,,,,,,,,,,,,,,,,,,,,,,,,,,,,,,,,,,,,,,,,,,,,,,,,,,,,,,,,,,,,,,,,,,,,,,,,,,,,,,,,,,,,,,,,,,,,,,,,,,,,,,,,,,4.0,4.0,4.0,4.0,4.0,4.0,4.0,4.0,4.0,4.0,4.0,4.0,4.0,4.0,4.0,4.0,4.0,4.0,4.0,4.0,4.0,4.0,4.0,4.0,4.0,4.0,4.0,4.0,4.0,4.0,4.0,4.0,4.0,4.0,4.0,4.0,4.0,4.0,4.0,4.0,4.0,4.0,4.0,4.0,4.0,4.0,4.0,4.0,4.0,4.0,4.0,4.0,4.0,4.0,4.0,4.0,4.0,4.0,4.0,4.0,4.0,4.0,4.0,4.0,4.0,4.0,4.0,4.0,4.0,4.0,4.0,4.0,4.0,4.0,4.0,4.0,4.0,4.0,4.0,4.0,4.0,4.0,4.0,4.0,4.0,4.0,4.0,4
6VhzQdBPiPg,,,,,,,,,,,,,,,,,,,,,,,,,,,,,,,,,,,,,,,,,,,,,,,,,,,,,,,,,,,,,,,,,,,,,,,,,,,,,,,,,,,,,,,,,,,,,,,,,,,,,,,,,,,,,,,,,,,,,,,,,2.0,2.0,2.0,2.0,2.0,2.0,2.0,2.0,2.0,2.0,2.0,2.0,2.0,2.0,2.0,2.0,2.0,2.0,2.0,2.0,2.0,2.0,2.0,2.0,2.0,2.0,2.0,2.0,2.0,2.0,2.0,2.0,2.0,2.0,2.0,2.0,2.0,2.0,2.0,2.0,2.0,2.0,2.0,2.0,2.0,2.0,2.0,2.0,2.0,2.0,2.0,2.0,2.0,2.0,2.0,2.0,2.0,2.0,2.0,2.0,2.0,2.0,2.0,2.0,2.0,2.0,2.0,2.0,2.0,2.0,2.0,2.0,2.0,2.0,2.0,2.0,2.0,2.0,2.0,2.0,2.0,2.0,2.0,2.0,2.0,2.0,2.0,2
QRpZZ0wlqVk,,,,,,,,,,,,,,,,,,,,,,,,,,,,,,,,,,,,,,,,,,,,,,,,,,,,,,,,,,,,,,,,,,,,,,,,,,,,,,,,,,,,,,,,,,,,,,,,,,,,,,,,,,,,,,,,,,,,,,,,,18.0,23.0,23.0,34.0,36.0,38.0,38.0,38.0,39.0,40.0,40.0,41.0,41.0,41.0,44.0,45.0,45.0,45.0,46.0,47.0,47.0,47.0,47.0,47.0,47.0,47.0,47.0,47.0,47.0,47.0,48.0,48.0,48.0,48.0,48.0,48.0,48.0,48.0,48.0,48.0,48.0,49.0,49.0,49.0,51.0,51.0,51.0,51.0,51.0,51.0,51.0,51.0,51.0,51.0,51.0,51.0,51.0,50.0,50.0,50.0,50.0,50.0,51.0,51.0,51.0,51.0,52.0,52.0,52.0,52.0,52.0,52.0,52.0,52.0,52.0,52.0,52.0,52.0,52.0,52.0,52.0,52.0,52.0,52.0,53.0,54.0,54.0,54
mFEAnohDcKc,,,,,,,,,,,,,,,,,,,,,,,,,,,,,,,,,,,,,,,,,,,,,,,,,,,,,,,,,,,,,,,,,,,,,,,,,,,,,,,,,,,,,,,,,,,,,,,,,,,,,,,,,,,,,,,,,,,,,,,,,3.0,3.0,3.0,3.0,3.0,3.0,3.0,3.0,3.0,3.0,3.0,3.0,3.0,3.0,3.0,3.0,3.0,3.0,3.0,3.0,3.0,3.0,3.0,3.0,3.0,3.0,3.0,3.0,3.0,3.0,3.0,3.0,3.0,3.0,3.0,3.0,3.0,3.0,3.0,3.0,3.0,3.0,3.0,3.0,3.0,3.0,3.0,3.0,3.0,3.0,3.0,3.0,3.0,3.0,3.0,3.0,3.0,3.0,3.0,3.0,3.0,3.0,3.0,3.0,3.0,3.0,3.0,3.0,3.0,3.0,3.0,3.0,3.0,3.0,3.0,3.0,3.0,3.0,3.0,3.0,3.0,3.0,3.0,3.0,3.0,3.0,3.0,3
KtxGi1BUwno,,,,,,,,,,,,,,,,,,,,,,,,,,,,,,,,,,,,,,,,,,,,,,,,,,,,,,,,,,,,,,,,,,,,,,,,,,,,,,,,,,,,,,,,,,,,,,,,,,,,,,,,,,,,,,,,,,,,,,,,,3.0,3.0,3.0,3.0,3.0,3.0,3.0,3.0,3.0,3.0,3.0,3.0,3.0,3.0,3.0,3.0,3.0,3.0,3.0,3.0,3.0,3.0,3.0,3.0,3.0,3.0,3.0,3.0,3.0,3.0,3.0,3.0,3.0,3.0,3.0,3.0,3.0,3.0,3.0,3.0,3.0,3.0,3.0,3.0,3.0,3.0,3.0,3.0,3.0,3.0,3.0,3.0,3.0,3.0,3.0,3.0,3.0,3.0,3.0,3.0,3.0,3.0,3.0,3.0,3.0,3.0,3.0,3.0,3.0,3.0,3.0,3.0,3.0,3.0,3.0,3.0,3.0,3.0,3.0,3.0,3.0,3.0,3.0,3.0,3.0,3.0,3.0,3
6oXdQIRGnlM,,,,,,,,,,,,,,,,,,,,,,,,,,,,,,,,,,,,,,,,,,,,,,,,,,,,,,,,,,,,,,,,,,,,,,,,,,,,,,,,,,,,,,,,,,,,,,,,,,,,,,,,,,,,,,,,,,,,,,,,,3.0,3.0,3.0,4.0,4.0,5.0,5.0,5.0,5.0,6.0,6.0,6.0,6.0,6.0,6.0,6.0,6.0,6.0,6.0,6.0,6.0,7.0,7.0,7.0,7.0,7.0,7.0,8.0,9.0,9.0,9.0,9.0,9.0,9.0,9.0,9.0,9.0,9.0,9.0,9.0,9.0,9.0,9.0,9.0,9.0,9.0,9.0,9.0,9.0,9.0,9.0,9.0,9.0,9.0,9.0,9.0,9.0,9.0,9.0,9.0,9.0,9.0,9.0,10.0,10.0,10.0,10.0,10.0,10.0,10.0,10.0,10.0,10.0,10.0,10.0,10.0,9.0,9.0,9.0,9.0,9.0,9.0,9.0,9.0,9.0,9.0,9.0,9
p4YstJMccms,,,,,,,,,,,,,,,,,,,,,,,,,,,,,,,,,,,,,,,,,,,,,,,,,,,,,,,,,,,,,,,,,,,,,,,,,,,,,,,,,,,,,,,,,,,,,,,,,,,,,,,,,,,,,,,,,,,,,,,,,0.0,0.0,0.0,0.0,0.0,0.0,0.0,0.0,0.0,0.0,0.0,0.0,0.0,0.0,0.0,0.0,0.0,0.0,0.0,0.0,0.0,0.0,0.0,0.0,0.0,0.0,0.0,0.0,0.0,0.0,0.0,0.0,0.0,0.0,0.0,0.0,0.0,0.0,0.0,0.0,0.0,0.0,0.0,0.0,0.0,0.0,0.0,0.0,0.0,0.0,0.0,0.0,0.0,0.0,0.0,0.0,0.0,0.0,0.0,0.0,0.0,0.0,0.0,0.0,0.0,0.0,0.0,0.0,0.0,0.0,0.0,0.0,0.0,0.0,0.0,0.0,0.0,0.0,0.0,0.0,0.0,0.0,0.0,0.0,0.0,0.0,0.0,0
tHHN7xlf3XQ,,,,,,,,,,,,,,,,,,,,,,,,,,,,,,,,,,,,,,,,,,,,,,,,,,,,,,,,,,,,,,,,,,,,,,,,,,,,,,,,,,,,,,,,,,,,,,,,,,,,,,,,,,,,,,,,,,,,,,,,,938.0,981.0,1012.0,1032.0,1047.0,1056.0,1067.0,1069.0,1079.0,1086.0,1088.0,1092.0,1104.0,1105.0,1110.0,1113.0,1117.0,1119.0,1121.0,1123.0,1128.0,1128.0,1128.0,1129.0,1129.0,1129.0,1129.0,1133.0,1135.0,1136.0,1142.0,1143.0,1141.0,1145.0,1147.0,1147.0,1148.0,1148.0,1150.0,1151.0,1152.0,1152.0,1154.0,1154.0,1154.0,1154.0,1154.0,1154.0,1154.0,1154.0,1155.0,1155.0,1156.0,1156.0,1156.0,1158.0,1160.0,1160.0,1161.0,1161.0,1161.0,1161.0,1163.0,1163.0,1163.0,1163.0,1163.0,1164.0,1164.0,1164.0,1164.0,1164.0,1164.0,1164.0,1165.0,1165.0,1166.0,1166.0,1166.0,1166.0,1166.0,1167.0,1167.0,1167.0,1167.0,1167.0,1167.0,1167
GZSZWsn8y3E,,,,,,,,,,,,,,,,,,,,,,,,,,,,,,,,,,,,,,,,,,,,,,,,,,,,,,,,,,,,,,,,,,,,,,,,,,,,,,,,,,,,,,,,,,,,,,,,,,,,,,,,,,,,,,,,,,,,,,,,,,216.0,217.0,217.0,217.0,217.0,218.0,218.0,218.0,218.0,218.0,218.0,218.0,218.0,219.0,219.0,219.0,219.0,219.0,220.0,220.0,220.0,221.0,221.0,221.0,221.0,221.0,221.0,221.0,221.0,221.0,221.0,221.0,221.0,221.0,222.0,223.0,223.0,223.0,223.0,223.0,223.0,223.0,223.0,223.0,223.0,223.0,223.0,223.0,223.0,223.0,223.0,223.0,226.0,226.0,226.0,228.0,228.0,229.0,229.0,229.0,229.0,229.0,229.0,229.0,229.0,229.0,229.0,229.0,229.0,229.0,229.0,229.0,229.0,229.0,229.0,229.0,229.0,229.0,229.0,229.0,229.0,229.0,229.0,229.0,229.0,229.0,229
A94sqQLgRlo,,,,,,,,,,,,,,,,,,,,,,,,,,,,,,,,,,,,,,,,,,,,,,,,,,,,,,,,,,,,,,,,,,,,,,,,,,,,,,,,,,,,,,,,,,,,,,,,,,,,,,,,,,,,,,,,,,,,,,,,,,15.0,15.0,15.0,15.0,15.0,15.0,15.0,15.0,15.0,15.0,15.0,15.0,15.0,15.0,15.0,15.0,15.0,15.0,15.0,15.0,15.0,15.0,15.0,15.0,15.0,15.0,15.0,15.0,15.0,15.0,15.0,15.0,15.0,15.0,15.0,15.0,15.0,15.0,15.0,15.0,15.0,15.0,15.0,15.0,15.0,15.0,15.0,15.0,15.0,15.0,15.0,15.0,15.0,15.0,15.0,15.0,15.0,15.0,15.0,15.0,15.0,15.0,15.0,15.0,15.0,15.0,15.0,15.0,15.0,15.0,15.0,15.0,15.0,15.0,15.0,15.0,15.0,15.0,15.0,15.0,15.0,15.0,15.0,15.0,15.0,15.0,15
ua0M2wzPcT0,,,,,,,,,,,,,,,,,,,,,,,,,,,,,,,,,,,,,,,,,,,,,,,,,,,,,,,,,,,,,,,,,,,,,,,,,,,,,,,,,,,,,,,,,,,,,,,,,,,,,,,,,,,,,,,,,,,,,,,,,,125.0,135.0,142.0,146.0,156.0,160.0,164.0,172.0,174.0,176.0,176.0,179.0,179.0,179.0,179.0,180.0,181.0,181.0,181.0,182.0,182.0,183.0,184.0,184.0,185.0,186.0,186.0,186.0,186.0,186.0,186.0,186.0,186.0,186.0,186.0,186.0,187.0,187.0,187.0,187.0,187.0,188.0,190.0,190.0,190.0,190.0,190.0,190.0,190.0,190.0,190.0,190.0,190.0,190.0,190.0,190.0,190.0,190.0,190.0,190.0,190.0,190.0,190.0,190.0,190.0,190.0,190.0,190.0,190.0,190.0,190.0,190.0,190.0,190.0,190.0,190.0,190.0,190.0,190.0,190.0,190.0,190.0,190.0,190.0,190.0,190.0,190
x3eqqoZPV_E,,,,,,,,,,,,,,,,,,,,,,,,,,,,,,,,,,,,,,,,,,,,,,,,,,,,,,,,,,,,,,,,,,,,,,,,,,,,,,,,,,,,,,,,,,,,,,,,,,,,,,,,,,,,,,,,,,,,,,,,,,,43999.0,60041.0,64289.0,67528.0,69840.0,72240.0,73725.0,74978.0,76426.0,77982.0,79434.0,80721.0,82170.0,83771.0,86696.0,87950.0,89056.0,89949.0,90838.0,92377.0,93483.0,94566.0,95357.0,95988.0,96569.0,97145.0,97673.0,98227.0,98804.0,99438.0,99922.0,100579.0,101019.0,101546.0,102061.0,102421.0,102645.0,102922.0,103131.0,103300.0,103502.0,103721.0,103927.0,104059.0,104211.0,104344.0,104379.0,104538.0,104653.0,104778.0,104913.0,105037.0,105185.0,105308.0,105407.0,105499.0,105620.0,105691.0,105819.0,105951.0,106026.0,106124.0,106258.0,106401.0,106482.0,106554.0,106634.0,106721.0,106788.0,106829.0,106875.0,106955.0,107024.0,107102.0,107165.0,107242.0,107318.0,107387.0,107437.0,107514.0,107568.0,107648.0,107706.0,107769.0,107843.0,107928
yTvKqcNyaJo,,,,,,,,,,,,,,,,,,,,,,,,,,,,,,,,,,,,,,,,,,,,,,,,,,,,,,,,,,,,,,,,,,,,,,,,,,,,,,,,,,,,,,,,,,,,,,,,,,,,,,,,,,,,,,,,,,,,,,,,,,,200.0,291.0,321.0,337.0,359.0,386.0,407.0,433.0,450.0,467.0,490.0,501.0,515.0,536.0,550.0,560.0,565.0,574.0,583.0,586.0,589.0,594.0,597.0,619.0,623.0,627.0,631.0,636.0,641.0,643.0,643.0,646.0,654.0,655.0,658.0,661.0,666.0,670.0,673.0,675.0,677.0,678.0,681.0,683.0,687.0,689.0,691.0,694.0,694.0,697.0,698.0,701.0,702.0,704.0,708.0,710.0,711.0,712.0,713.0,714.0,717.0,719.0,721.0,723.0,726.0,729.0,730.0,733.0,735.0,737.0,739.0,741.0,742.0,744.0,745.0,747.0,748.0,751.0,754.0,755.0,756.0,757.0,758.0,759.0,761.0,762
gNexWWn6j38,,,,,,,,,,,,,,,,,,,,,,,,,,,,,,,,,,,,,,,,,,,,,,,,,,,,,,,,,,,,,,,,,,,,,,,,,,,,,,,,,,,,,,,,,,,,,,,,,,,,,,,,,,,,,,,,,,,,,,,,,,,81.0,92.0,102.0,104.0,105.0,105.0,105.0,105.0,105.0,105.0,105.0,105.0,104.0,104.0,105.0,105.0,105.0,105.0,105.0,105.0,105.0,105.0,105.0,105.0,105.0,105.0,105.0,105.0,105.0,105.0,105.0,105.0,105.0,105.0,105.0,105.0,105.0,105.0,105.0,105.0,105.0,105.0,105.0,105.0,105.0,105.0,105.0,105.0,105.0,105.0,105.0,105.0,105.0,105.0,105.0,105.0,105.0,105.0,105.0,105.0,105.0,105.0,105.0,105.0,105.0,105.0,105.0,105.0,105.0,105.0,105.0,105.0,105.0,105.0,105.0,105.0,105.0,105.0,105.0,105.0,105.0,105.0,105.0,105.0,105.0,105
gTYa762k6kU,,,,,,,,,,,,,,,,,,,,,,,,,,,,,,,,,,,,,,,,,,,,,,,,,,,,,,,,,,,,,,,,,,,,,,,,,,,,,,,,,,,,,,,,,,,,,,,,,,,,,,,,,,,,,,,,,,,,,,,,,,,155.0,229.0,271.0,283.0,300.0,305.0,311.0,321.0,325.0,1284.0,2623.0,2925.0,3150.0,3284.0,3363.0,3395.0,3416.0,3417.0,3439.0,3463.0,3475.0,3489.0,3496.0,3497.0,3492.0,3495.0,3496.0,3496.0,3498.0,3504.0,3504.0,3508.0,3508.0,3507.0,3508.0,3509.0,3509.0,3509.0,3509.0,3509.0,3510.0,3510.0,3510.0,3511.0,3512.0,3512.0,3513.0,3514.0,3515.0,3516.0,3515.0,3517.0,3517.0,3517.0,3518.0,3519.0,3519.0,3519.0,3520.0,3518.0,3518.0,3519.0,3521.0,3521.0,3522.0,3522.0,3522.0,3522.0,3521.0,3522.0,3522.0,3524.0,3527.0,3527.0,3527.0,3528.0,3529.0,3529.0,3529.0,3529.0,3529.0,3529.0,3529.0,3529.0,3529.0,3529
xtCGn9MNe-k,,,,,,,,,,,,,,,,,,,,,,,,,,,,,,,,,,,,,,,,,,,,,,,,,,,,,,,,,,,,,,,,,,,,,,,,,,,,,,,,,,,,,,,,,,,,,,,,,,,,,,,,,,,,,,,,,,,,,,,,,,,261.0,272.0,278.0,292.0,302.0,304.0,304.0,308.0,308.0,312.0,313.0,314.0,315.0,315.0,315.0,314.0,315.0,315.0,315.0,315.0,315.0,316.0,319.0,322.0,324.0,324.0,324.0,326.0,326.0,326.0,327.0,327.0,327.0,327.0,327.0,327.0,327.0,327.0,327.0,327.0,327.0,328.0,329.0,330.0,331.0,331.0,331.0,331.0,330.0,330.0,330.0,330.0,330.0,330.0,330.0,330.0,330.0,330.0,330.0,330.0,330.0,330.0,330.0,330.0,330.0,330.0,330.0,330.0,330.0,330.0,330.0,330.0,330.0,330.0,330.0,330.0,330.0,330.0,330.0,330.0,331.0,331.0,331.0,331.0,330.0,330
IZXYiqqHnls,,,,,,,,,,,,,,,,,,,,,,,,,,,,,,,,,,,,,,,,,,,,,,,,,,,,,,,,,,,,,,,,,,,,,,,,,,,,,,,,,,,,,,,,,,,,,,,,,,,,,,,,,,,,,,,,,,,,,,,,,,,0.0,0.0,0.0,0.0,0.0,0.0,0.0,0.0,0.0,0.0,0.0,0.0,0.0,0.0,0.0,0.0,0.0,0.0,0.0,0.0,0.0,0.0,0.0,0.0,0.0,0.0,0.0,0.0,0.0,0.0,0.0,0.0,0.0,0.0,0.0,0.0,0.0,0.0,0.0,0.0,0.0,0.0,0.0,0.0,0.0,0.0,0.0,0.0,0.0,0.0,0.0,0.0,0.0,0.0,0.0,0.0,0.0,0.0,0.0,0.0,0.0,0.0,0.0,0.0,0.0,0.0,0.0,0.0,0.0,0.0,0.0,0.0,0.0,0.0,0.0,0.0,0.0,0.0,0.0,0.0,0.0,0.0,0.0,0.0,0.0,0
3sn2t8dphQU,,,,,,,,,,,,,,,,,,,,,,,,,,,,,,,,,,,,,,,,,,,,,,,,,,,,,,,,,,,,,,,,,,,,,,,,,,,,,,,,,,,,,,,,,,,,,,,,,,,,,,,,,,,,,,,,,,,,,,,,,,,,0.0,0.0,3.0,10.0,12.0,15.0,19.0,19.0,19.0,20.0,21.0,21.0,23.0,23.0,23.0,23.0,23.0,23.0,23.0,24.0,24.0,24.0,24.0,24.0,24.0,24.0,24.0,25.0,25.0,26.0,26.0,26.0,26.0,26.0,26.0,26.0,26.0,26.0,26.0,26.0,26.0,26.0,26.0,27.0,28.0,28.0,28.0,28.0,28.0,28.0,28.0,28.0,28.0,28.0,28.0,28.0,28.0,28.0,29.0,29.0,29.0,29.0,29.0,29.0,29.0,29.0,29.0,29.0,29.0,29.0,29.0,29.0,29.0,29.0,29.0,29.0,29.0,29.0,29.0,29.0,29.0,29.0,29.0,29.0,29
EPnpMeKjv3Y,,,,,,,,,,,,,,,,,,,,,,,,,,,,,,,,,,,,,,,,,,,,,,,,,,,,,,,,,,,,,,,,,,,,,,,,,,,,,,,,,,,,,,,,,,,,,,,,,,,,,,,,,,,,,,,,,,,,,,,,,,,,95.0,97.0,102.0,103.0,107.0,109.0,113.0,116.0,116.0,119.0,120.0,122.0,122.0,122.0,122.0,121.0,125.0,125.0,125.0,125.0,126.0,128.0,128.0,129.0,129.0,129.0,129.0,130.0,130.0,130.0,130.0,130.0,130.0,130.0,130.0,130.0,130.0,130.0,130.0,130.0,130.0,130.0,130.0,130.0,130.0,130.0,130.0,130.0,130.0,130.0,132.0,132.0,132.0,132.0,132.0,132.0,132.0,132.0,132.0,132.0,132.0,132.0,132.0,132.0,132.0,132.0,132.0,132.0,132.0,132.0,132.0,132.0,133.0,133.0,133.0,133.0,133.0,133.0,133.0,133.0,133.0,133.0,133.0,133.0,133
LEw_Sto8hOc,,,,,,,,,,,,,,,,,,,,,,,,,,,,,,,,,,,,,,,,,,,,,,,,,,,,,,,,,,,,,,,,,,,,,,,,,,,,,,,,,,,,,,,,,,,,,,,,,,,,,,,,,,,,,,,,,,,,,,,,,,,,0.0,0.0,0.0,0.0,0.0,0.0,0.0,0.0,0.0,0.0,0.0,0.0,0.0,0.0,0.0,0.0,0.0,0.0,0.0,0.0,0.0,0.0,0.0,0.0,0.0,0.0,0.0,0.0,0.0,0.0,0.0,0.0,0.0,0.0,0.0,0.0,0.0,0.0,0.0,0.0,0.0,0.0,0.0,0.0,0.0,0.0,0.0,0.0,0.0,0.0,0.0,0.0,0.0,0.0,0.0,0.0,0.0,0.0,0.0,0.0,0.0,0.0,0.0,0.0,0.0,0.0,0.0,0.0,0.0,0.0,0.0,0.0,0.0,0.0,0.0,0.0,0.0,0.0,0.0,0.0,0.0,0.0,0.0,0.0,0
jEW8lfvCqnQ,,,,,,,,,,,,,,,,,,,,,,,,,,,,,,,,,,,,,,,,,,,,,,,,,,,,,,,,,,,,,,,,,,,,,,,,,,,,,,,,,,,,,,,,,,,,,,,,,,,,,,,,,,,,,,,,,,,,,,,,,,,,0.0,0.0,0.0,0.0,0.0,0.0,0.0,0.0,0.0,0.0,0.0,0.0,0.0,0.0,0.0,0.0,0.0,0.0,0.0,0.0,0.0,0.0,0.0,0.0,0.0,0.0,0.0,0.0,0.0,0.0,0.0,0.0,0.0,0.0,0.0,0.0,0.0,0.0,0.0,0.0,0.0,0.0,0.0,0.0,0.0,0.0,0.0,0.0,0.0,0.0,0.0,0.0,0.0,0.0,0.0,0.0,0.0,0.0,0.0,0.0,0.0,0.0,0.0,0.0,0.0,0.0,0.0,0.0,0.0,0.0,0.0,0.0,0.0,0.0,0.0,0.0,0.0,0.0,0.0,0.0,0.0,0.0,0.0,0.0,0
IrqtlJAbRHo,,,,,,,,,,,,,,,,,,,,,,,,,,,,,,,,,,,,,,,,,,,,,,,,,,,,,,,,,,,,,,,,,,,,,,,,,,,,,,,,,,,,,,,,,,,,,,,,,,,,,,,,,,,,,,,,,,,,,,,,,,,,56.0,,,,,,,,,,,,,,,,,,,,,,,,,,,,,,,,,,,,,,,,,,,,,,,,,,,,,,,,,,,,,,,,,,,,,,,,,,,,,,,,,,,,
qmuRpon6D7A,,,,,,,,,,,,,,,,,,,,,,,,,,,,,,,,,,,,,,,,,,,,,,,,,,,,,,,,,,,,,,,,,,,,,,,,,,,,,,,,,,,,,,,,,,,,,,,,,,,,,,,,,,,,,,,,,,,,,,,,,,,,,1653.0,2679.0,3231.0,3706.0,4076.0,4510.0,4870.0,5135.0,5392.0,5587.0,5782.0,5995.0,6102.0,6173.0,6227.0,6271.0,6315.0,6342.0,6374.0,6393.0,6409.0,6421.0,6434.0,6445.0,6461.0,6469.0,6475.0,6485.0,6499.0,6508.0,6527.0,6535.0,6545.0,6586.0,6590.0,6592.0,6596.0,6602.0,6604.0,6611.0,6616.0,6619.0,6621.0,6623.0,6626.0,6625.0,6627.0,6629.0,6637.0,6638.0,6640.0,6640.0,6641.0,6645.0,6647.0,6648.0,6655.0,6667.0,6677.0,6678.0,6688.0,6702.0,6715.0,6718.0,6729.0,6745.0,6750.0,6750.0,6751.0,6762.0,6774.0,6775.0,6776.0,6776.0,6778.0,6779.0,6782.0,6781.0,6782.0,6784.0,6786.0,6796.0,6799.0,6800
x8EEqEXjmxc,,,,,,,,,,,,,,,,,,,,,,,,,,,,,,,,,,,,,,,,,,,,,,,,,,,,,,,,,,,,,,,,,,,,,,,,,,,,,,,,,,,,,,,,,,,,,,,,,,,,,,,,,,,,,,,,,,,,,,,,,,,,,96.0,137.0,160.0,168.0,178.0,192.0,198.0,210.0,218.0,224.0,228.0,239.0,249.0,258.0,265.0,271.0,277.0,284.0,289.0,295.0,299.0,305.0,311.0,315.0,319.0,323.0,327.0,331.0,335.0,339.0,343.0,349.0,353.0,353.0,357.0,357.0,363.0,363.0,368.0,373.0,377.0,382.0,383.0,389.0,394.0,398.0,403.0,409.0,410.0,414.0,418.0,422.0,424.0,428.0,432.0,434.0,434.0,434.0,436.0,436.0,436.0,436.0,443.0,443.0,442.0,443.0,443.0,443.0,445.0,449.0,449.0,451.0,451.0,452.0,456.0,457.0,459.0,460.0,462.0,462.0,464.0,464.0,467.0,468
evBH5C35aNk,,,,,,,,,,,,,,,,,,,,,,,,,,,,,,,,,,,,,,,,,,,,,,,,,,,,,,,,,,,,,,,,,,,,,,,,,,,,,,,,,,,,,,,,,,,,,,,,,,,,,,,,,,,,,,,,,,,,,,,,,,,,,136.0,141.0,144.0,149.0,151.0,151.0,153.0,153.0,153.0,152.0,152.0,152.0,152.0,152.0,157.0,157.0,157.0,159.0,159.0,159.0,160.0,160.0,159.0,160.0,160.0,161.0,160.0,160.0,160.0,160.0,161.0,160.0,161.0,162.0,162.0,162.0,163.0,163.0,163.0,163.0,163.0,163.0,163.0,163.0,163.0,163.0,163.0,163.0,163.0,163.0,163.0,163.0,163.0,163.0,163.0,163.0,163.0,163.0,163.0,163.0,163.0,163.0,163.0,163.0,163.0,163.0,163.0,162.0,162.0,163.0,163.0,163.0,163.0,163.0,163.0,163.0,163.0,163.0,163.0,163.0,163.0,163.0,163.0,163
YIpqCErlSwk,,,,,,,,,,,,,,,,,,,,,,,,,,,,,,,,,,,,,,,,,,,,,,,,,,,,,,,,,,,,,,,,,,,,,,,,,,,,,,,,,,,,,,,,,,,,,,,,,,,,,,,,,,,,,,,,,,,,,,,,,,,,,152.0,214.0,225.0,234.0,243.0,245.0,250.0,251.0,254.0,257.0,258.0,259.0,259.0,259.0,259.0,260.0,260.0,259.0,261.0,261.0,261.0,261.0,262.0,263.0,263.0,264.0,264.0,264.0,264.0,264.0,264.0,264.0,264.0,264.0,264.0,264.0,264.0,264.0,265.0,265.0,265.0,266.0,265.0,265.0,265.0,265.0,265.0,265.0,266.0,267.0,267.0,268.0,268.0,268.0,268.0,268.0,268.0,269.0,269.0,269.0,269.0,269.0,269.0,268.0,268.0,268.0,268.0,266.0,266.0,267.0,267.0,267.0,267.0,267.0,267.0,267.0,267.0,267.0,267.0,268.0,268.0,268.0,268.0,268
PDzJeGsoSA0,,,,,,,,,,,,,,,,,,,,,,,,,,,,,,,,,,,,,,,,,,,,,,,,,,,,,,,,,,,,,,,,,,,,,,,,,,,,,,,,,,,,,,,,,,,,,,,,,,,,,,,,,,,,,,,,,,,,,,,,,,,,,0.0,0.0,0.0,0.0,0.0,0.0,0.0,0.0,0.0,0.0,0.0,0.0,0.0,0.0,0.0,0.0,0.0,0.0,0.0,0.0,0.0,0.0,0.0,0.0,0.0,0.0,0.0,0.0,0.0,0.0,0.0,0.0,0.0,0.0,0.0,0.0,0.0,0.0,0.0,0.0,0.0,0.0,0.0,0.0,0.0,0.0,0.0,0.0,0.0,0.0,0.0,0.0,0.0,0.0,0.0,0.0,0.0,0.0,0.0,0.0,0.0,0.0,0.0,0.0,0.0,0.0,0.0,0.0,0.0,0.0,0.0,0.0,0.0,0.0,0.0,0.0,0.0,0.0,0.0,0.0,0.0,0.0,0.0,0
YHlvIVu3TuU,,,,,,,,,,,,,,,,,,,,,,,,,,,,,,,,,,,,,,,,,,,,,,,,,,,,,,,,,,,,,,,,,,,,,,,,,,,,,,,,,,,,,,,,,,,,,,,,,,,,,,,,,,,,,,,,,,,,,,,,,,,,,48.0,56.0,62.0,63.0,64.0,66.0,67.0,67.0,67.0,68.0,69.0,69.0,69.0,69.0,69.0,69.0,70.0,71.0,72.0,75.0,75.0,75.0,75.0,75.0,76.0,77.0,78.0,78.0,78.0,78.0,78.0,78.0,78.0,78.0,78.0,78.0,78.0,79.0,79.0,79.0,79.0,80.0,80.0,80.0,80.0,80.0,80.0,80.0,80.0,80.0,80.0,81.0,81.0,82.0,82.0,83.0,85.0,87.0,87.0,87.0,87.0,87.0,87.0,87.0,87.0,87.0,87.0,87.0,87.0,87.0,87.0,87.0,87.0,87.0,87.0,87.0,87.0,87.0,87.0,87.0,88.0,88.0,88.0,89
U3LYhPjznKE,,,,,,,,,,,,,,,,,,,,,,,,,,,,,,,,,,,,,,,,,,,,,,,,,,,,,,,,,,,,,,,,,,,,,,,,,,,,,,,,,,,,,,,,,,,,,,,,,,,,,,,,,,,,,,,,,,,,,,,,,,,,,290.0,300.0,305.0,311.0,313.0,318.0,318.0,318.0,318.0,316.0,316.0,316.0,316.0,316.0,316.0,315.0,316.0,316.0,317.0,317.0,317.0,317.0,317.0,317.0,318.0,318.0,318.0,318.0,318.0,318.0,318.0,318.0,318.0,318.0,318.0,318.0,319.0,319.0,319.0,319.0,319.0,319.0,319.0,319.0,319.0,319.0,319.0,319.0,319.0,319.0,319.0,319.0,318.0,318.0,318.0,318.0,318.0,318.0,318.0,318.0,318.0,318.0,318.0,318.0,318.0,318.0,318.0,319.0,319.0,319.0,319.0,319.0,320.0,321.0,321.0,321.0,321.0,321.0,321.0,321.0,321.0,321.0,321.0,321
D_gLFOf5SqY,,,,,,,,,,,,,,,,,,,,,,,,,,,,,,,,,,,,,,,,,,,,,,,,,,,,,,,,,,,,,,,,,,,,,,,,,,,,,,,,,,,,,,,,,,,,,,,,,,,,,,,,,,,,,,,,,,,,,,,,,,,,,1423.0,1558.0,1635.0,1685.0,1714.0,1745.0,1772.0,1794.0,1816.0,1834.0,1850.0,1868.0,1889.0,1901.0,1912.0,1922.0,1936.0,1950.0,1955.0,1966.0,1973.0,1982.0,1988.0,1995.0,2001.0,2003.0,2008.0,2015.0,2020.0,2026.0,2031.0,2036.0,2038.0,2042.0,2047.0,2051.0,2054.0,2058.0,2062.0,2064.0,2069.0,2076.0,2081.0,2084.0,2086.0,2092.0,2096.0,2104.0,2111.0,2118.0,2125.0,2127.0,2132.0,2143.0,2145.0,2147.0,2151.0,2157.0,2160.0,2165.0,2167.0,2170.0,2174.0,2177.0,2171.0,2177.0,2179.0,2182.0,2186.0,2191.0,2201.0,2208.0,2211.0,2215.0,2219.0,2221.0,2223.0,2226.0,2228.0,2233.0,2240.0,2242.0,2245.0,2250
ibUXu-iaE-8,,,,,,,,,,,,,,,,,,,,,,,,,,,,,,,,,,,,,,,,,,,,,,,,,,,,,,,,,,,,,,,,,,,,,,,,,,,,,,,,,,,,,,,,,,,,,,,,,,,,,,,,,,,,,,,,,,,,,,,,,,,,,0.0,0.0,0.0,0.0,0.0,0.0,0.0,0.0,0.0,0.0,0.0,0.0,0.0,0.0,0.0,0.0,0.0,0.0,0.0,0.0,0.0,0.0,0.0,0.0,0.0,0.0,0.0,0.0,0.0,0.0,0.0,0.0,0.0,0.0,0.0,0.0,0.0,0.0,0.0,0.0,0.0,0.0,0.0,0.0,0.0,0.0,0.0,0.0,0.0,0.0,0.0,0.0,0.0,0.0,0.0,0.0,0.0,0.0,0.0,0.0,0.0,0.0,0.0,0.0,0.0,0.0,0.0,0.0,0.0,0.0,0.0,0.0,0.0,0.0,0.0,0.0,0.0,0.0,0.0,0.0,0.0,0.0,0.0,0
s-qgg1B1Eo8,,,,,,,,,,,,,,,,,,,,,,,,,,,,,,,,,,,,,,,,,,,,,,,,,,,,,,,,,,,,,,,,,,,,,,,,,,,,,,,,,,,,,,,,,,,,,,,,,,,,,,,,,,,,,,,,,,,,,,,,,,,,,9.0,9.0,9.0,10.0,10.0,10.0,11.0,11.0,11.0,11.0,11.0,11.0,11.0,11.0,11.0,11.0,11.0,11.0,11.0,11.0,11.0,11.0,11.0,11.0,11.0,11.0,11.0,11.0,11.0,11.0,11.0,11.0,11.0,11.0,11.0,11.0,11.0,13.0,13.0,13.0,13.0,13.0,13.0,13.0,13.0,13.0,13.0,13.0,13.0,13.0,13.0,13.0,13.0,13.0,13.0,13.0,13.0,13.0,13.0,13.0,13.0,13.0,13.0,13.0,13.0,13.0,13.0,13.0,13.0,13.0,13.0,13.0,13.0,13.0,13.0,13.0,13.0,13.0,13.0,13.0,13.0,13.0,13.0,13
QLJ_QSjM06E,,,,,,,,,,,,,,,,,,,,,,,,,,,,,,,,,,,,,,,,,,,,,,,,,,,,,,,,,,,,,,,,,,,,,,,,,,,,,,,,,,,,,,,,,,,,,,,,,,,,,,,,,,,,,,,,,,,,,,,,,,,,,0.0,0.0,0.0,0.0,0.0,0.0,0.0,0.0,0.0,1.0,1.0,1.0,1.0,4.0,7.0,8.0,8.0,9.0,9.0,9.0,10.0,10.0,10.0,11.0,11.0,11.0,11.0,11.0,12.0,12.0,12.0,12.0,12.0,12.0,12.0,12.0,13.0,13.0,13.0,13.0,13.0,13.0,13.0,13.0,13.0,13.0,13.0,13.0,13.0,13.0,13.0,13.0,13.0,13.0,13.0,13.0,13.0,13.0,13.0,13.0,13.0,13.0,13.0,13.0,13.0,13.0,13.0,13.0,14.0,14.0,14.0,14.0,14.0,14.0,14.0,15.0,15.0,15.0,15.0,15.0,15.0,15.0,15.0,15
7f-yjTuB-XU,,,,,,,,,,,,,,,,,,,,,,,,,,,,,,,,,,,,,,,,,,,,,,,,,,,,,,,,,,,,,,,,,,,,,,,,,,,,,,,,,,,,,,,,,,,,,,,,,,,,,,,,,,,,,,,,,,,,,,,,,,,,,,207.0,212.0,230.0,253.0,285.0,292.0,295.0,296.0,296.0,297.0,298.0,299.0,299.0,299.0,299.0,299.0,299.0,300.0,303.0,303.0,303.0,303.0,303.0,303.0,303.0,303.0,303.0,304.0,304.0,303.0,304.0,304.0,304.0,304.0,304.0,304.0,304.0,304.0,304.0,304.0,304.0,304.0,304.0,304.0,304.0,304.0,304.0,304.0,304.0,303.0,303.0,303.0,303.0,303.0,304.0,304.0,304.0,304.0,305.0,305.0,305.0,305.0,305.0,305.0,305.0,305.0,305.0,305.0,305.0,306.0,306.0,306.0,306.0,306.0,306.0,306.0,306.0,306.0,305.0,305.0,305.0,304.0,304
fBS6EWD_MGc,,,,,,,,,,,,,,,,,,,,,,,,,,,,,,,,,,,,,,,,,,,,,,,,,,,,,,,,,,,,,,,,,,,,,,,,,,,,,,,,,,,,,,,,,,,,,,,,,,,,,,,,,,,,,,,,,,,,,,,,,,,,,,830.0,906.0,939.0,969.0,987.0,996.0,1008.0,1018.0,1024.0,1029.0,1032.0,1032.0,1032.0,1035.0,1036.0,1038.0,1038.0,1039.0,1040.0,1040.0,1042.0,1045.0,1045.0,1046.0,1046.0,1046.0,1046.0,1043.0,1044.0,1044.0,1045.0,1045.0,1043.0,1043.0,1043.0,1043.0,1043.0,1043.0,1043.0,1043.0,1042.0,1045.0,1046.0,1046.0,1046.0,1046.0,1046.0,1046.0,1045.0,1045.0,1045.0,1044.0,1044.0,1044.0,1044.0,1044.0,1044.0,1044.0,1044.0,1044.0,1044.0,1044.0,1044.0,1044.0,1044.0,1044.0,1044.0,1045.0,1045.0,1044.0,1044.0,1044.0,1044.0,1044.0,1044.0,1044.0,1044.0,1044.0,1044.0,1044.0,1044.0,1044.0,1044
2AxwurIbZls,,,,,,,,,,,,,,,,,,,,,,,,,,,,,,,,,,,,,,,,,,,,,,,,,,,,,,,,,,,,,,,,,,,,,,,,,,,,,,,,,,,,,,,,,,,,,,,,,,,,,,,,,,,,,,,,,,,,,,,,,,,,,,1845.0,1858.0,1873.0,1882.0,1892.0,1902.0,1913.0,1925.0,1945.0,1958.0,1966.0,1975.0,1995.0,2017.0,2043.0,2071.0,2086.0,2091.0,2097.0,2114.0,2133.0,2152.0,2160.0,2172.0,2179.0,2187.0,2197.0,2213.0,2240.0,2284.0,2300.0,2312.0,2323.0,2358.0,2377.0,2395.0,2424.0,2441.0,2450.0,2458.0,2469.0,2488.0,2504.0,2532.0,2549.0,2554.0,2561.0,2579.0,2606.0,2622.0,2637.0,2650.0,2655.0,2658.0,2666.0,2674.0,2686.0,2707.0,2718.0,2728.0,2739.0,2754.0,2768.0,2783.0,2790.0,2794.0,2799.0,2803.0,2829.0,2857.0,2887.0,2911.0,2920.0,2928.0,2950.0,2968.0,2982.0,2994.0,3011.0,3022.0,3028.0,3034.0,3051
cfHN6WxkYKg,,,,,,,,,,,,,,,,,,,,,,,,,,,,,,,,,,,,,,,,,,,,,,,,,,,,,,,,,,,,,,,,,,,,,,,,,,,,,,,,,,,,,,,,,,,,,,,,,,,,,,,,,,,,,,,,,,,,,,,,,,,,,,0.0,0.0,0.0,0.0,0.0,0.0,0.0,0.0,0.0,0.0,0.0,0.0,0.0,0.0,0.0,0.0,0.0,0.0,0.0,0.0,0.0,0.0,0.0,0.0,0.0,0.0,0.0,0.0,0.0,0.0,0.0,0.0,0.0,0.0,0.0,0.0,0.0,0.0,0.0,0.0,0.0,0.0,0.0,0.0,0.0,0.0,0.0,0.0,0.0,0.0,0.0,0.0,0.0,0.0,0.0,0.0,0.0,0.0,0.0,0.0,0.0,0.0,0.0,0.0,0.0,0.0,0.0,0.0,0.0,0.0,0.0,0.0,0.0,0.0,0.0,0.0,0.0,0.0,0.0,0.0,0.0,0.0,0
08g-oAALjFE,,,,,,,,,,,,,,,,,,,,,,,,,,,,,,,,,,,,,,,,,,,,,,,,,,,,,,,,,,,,,,,,,,,,,,,,,,,,,,,,,,,,,,,,,,,,,,,,,,,,,,,,,,,,,,,,,,,,,,,,,,,,,,0.0,1.0,4.0,4.0,5.0,5.0,6.0,7.0,7.0,7.0,8.0,8.0,8.0,8.0,8.0,8.0,9.0,9.0,9.0,9.0,9.0,9.0,9.0,9.0,9.0,10.0,10.0,10.0,10.0,10.0,10.0,10.0,10.0,10.0,10.0,10.0,10.0,10.0,10.0,10.0,10.0,11.0,11.0,11.0,11.0,11.0,11.0,11.0,11.0,11.0,11.0,11.0,11.0,11.0,11.0,11.0,11.0,11.0,11.0,11.0,11.0,11.0,11.0,11.0,11.0,11.0,11.0,11.0,11.0,11.0,11.0,11.0,11.0,10.0,10.0,10.0,10.0,10.0,10.0,10.0,10.0,10.0,10
v094-E3Pmtk,,,,,,,,,,,,,,,,,,,,,,,,,,,,,,,,,,,,,,,,,,,,,,,,,,,,,,,,,,,,,,,,,,,,,,,,,,,,,,,,,,,,,,,,,,,,,,,,,,,,,,,,,,,,,,,,,,,,,,,,,,,,,,,2699.0,3319.0,3547.0,3628.0,3717.0,3831.0,3929.0,4040.0,4084.0,4109.0,4142.0,4160.0,4178.0,4190.0,4204.0,4210.0,4212.0,4219.0,4127.0,4120.0,4123.0,4128.0,4128.0,4133.0,4135.0,4137.0,4148.0,4150.0,4154.0,4157.0,4162.0,4162.0,4164.0,4170.0,4167.0,4170.0,4171.0,4173.0,4175.0,4176.0,4176.0,4181.0,4180.0,4180.0,4184.0,4185.0,4186.0,4186.0,4185.0,4187.0,4187.0,4184.0,4173.0,4170.0,4175.0,4183.0,4184.0,4186.0,4189.0,4189.0,4187.0,4173.0,4166.0,4170.0,4170.0,4170.0,4170.0,4170.0,4171.0,4170.0,4169.0,4173.0,4170.0,4156.0,4155.0,4154.0,4153.0,4154.0,4155.0,4154.0,4157.0,4157
HZOs_6AmtmE,,,,,,,,,,,,,,,,,,,,,,,,,,,,,,,,,,,,,,,,,,,,,,,,,,,,,,,,,,,,,,,,,,,,,,,,,,,,,,,,,,,,,,,,,,,,,,,,,,,,,,,,,,,,,,,,,,,,,,,,,,,,,,,858.0,1386.0,1598.0,1710.0,1760.0,1816.0,1840.0,1864.0,1883.0,1896.0,1906.0,1919.0,1927.0,1937.0,1942.0,1953.0,1957.0,1960.0,1968.0,1973.0,1979.0,1983.0,1985.0,1991.0,1995.0,2001.0,2008.0,2005.0,2009.0,2012.0,2017.0,2018.0,2020.0,2022.0,2022.0,2022.0,2023.0,2023.0,2023.0,2022.0,2023.0,2023.0,2022.0,2022.0,2022.0,2027.0,2028.0,2029.0,2030.0,2030.0,2031.0,2032.0,2033.0,2035.0,2035.0,2035.0,2035.0,2035.0,2034.0,2033.0,2035.0,2035.0,2035.0,2037.0,2037.0,2038.0,2040.0,2039.0,2039.0,2039.0,2039.0,2039.0,2039.0,2040.0,2040.0,2040.0,2041.0,2041.0,2040.0,2042.0,2042.0,2045
r5IQf6qC9S0,,,,,,,,,,,,,,,,,,,,,,,,,,,,,,,,,,,,,,,,,,,,,,,,,,,,,,,,,,,,,,,,,,,,,,,,,,,,,,,,,,,,,,,,,,,,,,,,,,,,,,,,,,,,,,,,,,,,,,,,,,,,,,,2.0,2.0,3.0,3.0,3.0,3.0,3.0,3.0,3.0,3.0,3.0,3.0,3.0,3.0,3.0,3.0,4.0,6.0,6.0,6.0,6.0,6.0,6.0,5.0,5.0,5.0,5.0,5.0,5.0,5.0,5.0,5.0,5.0,5.0,5.0,5.0,5.0,4.0,4.0,4.0,4.0,4.0,4.0,4.0,4.0,4.0,4.0,4.0,4.0,4.0,4.0,4.0,4.0,4.0,4.0,4.0,4.0,4.0,4.0,4.0,4.0,4.0,4.0,4.0,4.0,4.0,4.0,4.0,4.0,4.0,4.0,4.0,4.0,4.0,4.0,4.0,4.0,4.0,4.0,4.0,4.0,4
nqmbtf5gDKA,,,,,,,,,,,,,,,,,,,,,,,,,,,,,,,,,,,,,,,,,,,,,,,,,,,,,,,,,,,,,,,,,,,,,,,,,,,,,,,,,,,,,,,,,,,,,,,,,,,,,,,,,,,,,,,,,,,,,,,,,,,,,,,107.0,174.0,201.0,217.0,225.0,231.0,237.0,241.0,244.0,253.0,261.0,264.0,267.0,268.0,269.0,269.0,268.0,268.0,272.0,273.0,273.0,273.0,275.0,276.0,276.0,276.0,278.0,278.0,280.0,281.0,282.0,284.0,284.0,284.0,285.0,287.0,287.0,288.0,288.0,289.0,290.0,290.0,291.0,291.0,291.0,293.0,293.0,293.0,295.0,295.0,295.0,295.0,296.0,296.0,296.0,297.0,297.0,297.0,297.0,297.0,297.0,297.0,297.0,297.0,297.0,297.0,297.0,297.0,297.0,297.0,297.0,297.0,297.0,298.0,299.0,299.0,299.0,299.0,299.0,299.0,300.0,300
9OEdOprM4Uo,,,,,,,,,,,,,,,,,,,,,,,,,,,,,,,,,,,,,,,,,,,,,,,,,,,,,,,,,,,,,,,,,,,,,,,,,,,,,,,,,,,,,,,,,,,,,,,,,,,,,,,,,,,,,,,,,,,,,,,,,,,,,,,117.0,131.0,136.0,144.0,145.0,146.0,146.0,148.0,151.0,151.0,152.0,153.0,153.0,154.0,157.0,158.0,159.0,159.0,160.0,158.0,161.0,162.0,162.0,162.0,162.0,162.0,162.0,162.0,162.0,162.0,162.0,163.0,163.0,163.0,163.0,165.0,167.0,167.0,167.0,167.0,167.0,167.0,167.0,167.0,167.0,168.0,168.0,168.0,168.0,168.0,168.0,168.0,168.0,168.0,168.0,168.0,168.0,168.0,168.0,168.0,168.0,168.0,168.0,168.0,168.0,168.0,168.0,168.0,168.0,168.0,168.0,168.0,168.0,168.0,168.0,168.0,167.0,167.0,167.0,167.0,167.0,167
ywxIFZBTsCE,,,,,,,,,,,,,,,,,,,,,,,,,,,,,,,,,,,,,,,,,,,,,,,,,,,,,,,,,,,,,,,,,,,,,,,,,,,,,,,,,,,,,,,,,,,,,,,,,,,,,,,,,,,,,,,,,,,,,,,,,,,,,,,714.0,989.0,1115.0,1196.0,1248.0,1285.0,1312.0,1334.0,1355.0,1366.0,1381.0,1388.0,1402.0,1413.0,1420.0,1430.0,1439.0,1440.0,1441.0,1445.0,1453.0,1462.0,1468.0,1470.0,1482.0,1496.0,1502.0,1507.0,1510.0,1515.0,1515.0,1519.0,1519.0,1520.0,1521.0,1522.0,1527.0,1529.0,1532.0,1533.0,1533.0,1533.0,1535.0,1534.0,1536.0,1537.0,1539.0,1539.0,1540.0,1543.0,1544.0,1544.0,1545.0,1544.0,1544.0,1548.0,1549.0,1548.0,1548.0,1549.0,1549.0,1552.0,1552.0,1553.0,1555.0,1555.0,1555.0,1555.0,1555.0,1556.0,1556.0,1556.0,1556.0,1556.0,1556.0,1558.0,1558.0,1559.0,1559.0,1559.0,1559.0,1560
9y86NbotmEg,,,,,,,,,,,,,,,,,,,,,,,,,,,,,,,,,,,,,,,,,,,,,,,,,,,,,,,,,,,,,,,,,,,,,,,,,,,,,,,,,,,,,,,,,,,,,,,,,,,,,,,,,,,,,,,,,,,,,,,,,,,,,,,100.0,175.0,171.0,186.0,195.0,206.0,209.0,209.0,217.0,220.0,224.0,226.0,228.0,231.0,232.0,237.0,239.0,240.0,243.0,242.0,242.0,242.0,242.0,244.0,245.0,246.0,246.0,246.0,246.0,245.0,247.0,248.0,249.0,249.0,249.0,249.0,249.0,250.0,250.0,250.0,250.0,250.0,251.0,252.0,253.0,253.0,253.0,253.0,253.0,252.0,252.0,252.0,252.0,253.0,254.0,254.0,255.0,256.0,256.0,256.0,257.0,258.0,258.0,258.0,258.0,258.0,258.0,258.0,257.0,257.0,257.0,257.0,257.0,257.0,257.0,258.0,258.0,259.0,259.0,259.0,259.0,259
UDDbx0KiGi4,,,,,,,,,,,,,,,,,,,,,,,,,,,,,,,,,,,,,,,,,,,,,,,,,,,,,,,,,,,,,,,,,,,,,,,,,,,,,,,,,,,,,,,,,,,,,,,,,,,,,,,,,,,,,,,,,,,,,,,,,,,,,,,25.0,25.0,27.0,29.0,30.0,30.0,30.0,30.0,31.0,31.0,32.0,32.0,35.0,35.0,35.0,35.0,35.0,35.0,35.0,35.0,35.0,35.0,36.0,36.0,36.0,36.0,36.0,37.0,37.0,37.0,37.0,37.0,37.0,37.0,37.0,37.0,37.0,37.0,37.0,37.0,37.0,37.0,37.0,37.0,37.0,37.0,37.0,37.0,37.0,37.0,38.0,38.0,39.0,39.0,39.0,39.0,39.0,39.0,39.0,39.0,39.0,39.0,39.0,39.0,39.0,39.0,39.0,39.0,39.0,39.0,39.0,39.0,39.0,39.0,39.0,39.0,39.0,39.0,39.0,39.0,39.0,39
XkkEM40VwFo,,,,,,,,,,,,,,,,,,,,,,,,,,,,,,,,,,,,,,,,,,,,,,,,,,,,,,,,,,,,,,,,,,,,,,,,,,,,,,,,,,,,,,,,,,,,,,,,,,,,,,,,,,,,,,,,,,,,,,,,,,,,,,,1469.0,3205.0,4196.0,5049.0,5478.0,5889.0,7113.0,7718.0,8048.0,8253.0,8422.0,8566.0,8651.0,8728.0,8824.0,8889.0,8952.0,9012.0,9083.0,9177.0,9221.0,9352.0,9438.0,9532.0,9637.0,9703.0,9759.0,9806.0,9908.0,10029.0,10146.0,10255.0,10318.0,10362.0,10406.0,10423.0,10440.0,10470.0,10485.0,10484.0,10485.0,10495.0,10499.0,10507.0,10515.0,10515.0,10515.0,10516.0,10532.0,10539.0,10545.0,10551.0,10552.0,10555.0,10560.0,10556.0,10550.0,10549.0,10540.0,10516.0,10474.0,10442.0,10418.0,10412.0,10413.0,10413.0,10411.0,10414.0,10411.0,10416.0,10417.0,10421.0,10419.0,10418.0,10423.0,10424.0,10458.0,10466.0,10470.0,10479.0,10481.0,10480
vviU2vsSe5M,,,,,,,,,,,,,,,,,,,,,,,,,,,,,,,,,,,,,,,,,,,,,,,,,,,,,,,,,,,,,,,,,,,,,,,,,,,,,,,,,,,,,,,,,,,,,,,,,,,,,,,,,,,,,,,,,,,,,,,,,,,,,,,120.0,162.0,172.0,179.0,182.0,183.0,184.0,184.0,185.0,186.0,187.0,188.0,189.0,190.0,192.0,193.0,194.0,194.0,194.0,195.0,195.0,195.0,195.0,196.0,197.0,197.0,200.0,201.0,202.0,202.0,202.0,202.0,203.0,204.0,204.0,204.0,204.0,204.0,204.0,204.0,204.0,204.0,204.0,204.0,205.0,205.0,205.0,206.0,206.0,206.0,206.0,206.0,207.0,206.0,206.0,207.0,207.0,206.0,206.0,206.0,206.0,206.0,206.0,206.0,206.0,206.0,206.0,206.0,206.0,206.0,206.0,206.0,206.0,206.0,206.0,206.0,206.0,207.0,207.0,208.0,208.0,208
_opQpDYh33I,,,,,,,,,,,,,,,,,,,,,,,,,,,,,,,,,,,,,,,,,,,,,,,,,,,,,,,,,,,,,,,,,,,,,,,,,,,,,,,,,,,,,,,,,,,,,,,,,,,,,,,,,,,,,,,,,,,,,,,,,,,,,,,2115.0,2977.0,3432.0,3699.0,3892.0,4023.0,4108.0,4170.0,4224.0,4291.0,4331.0,4371.0,4407.0,4434.0,4462.0,4481.0,4506.0,4520.0,4528.0,4542.0,4554.0,4568.0,4582.0,4593.0,4604.0,4613.0,4630.0,4643.0,4653.0,4657.0,4661.0,4663.0,4670.0,4681.0,4687.0,4695.0,4702.0,4706.0,4714.0,4712.0,4718.0,4718.0,4720.0,4721.0,4721.0,4728.0,4738.0,4743.0,4750.0,4745.0,4748.0,4751.0,4760.0,4763.0,4767.0,4766.0,4773.0,4775.0,4778.0,4783.0,4789.0,4790.0,4791.0,4813.0,4830.0,4842.0,4847.0,4855.0,4856.0,4863.0,4865.0,4870.0,4873.0,4883.0,4892.0,4914.0,4917.0,4938.0,4936.0,4948.0,4948.0,4947
e2KAMzli7wo,,,,,,,,,,,,,,,,,,,,,,,,,,,,,,,,,,,,,,,,,,,,,,,,,,,,,,,,,,,,,,,,,,,,,,,,,,,,,,,,,,,,,,,,,,,,,,,,,,,,,,,,,,,,,,,,,,,,,,,,,,,,,,,,177.0,251.0,275.0,293.0,304.0,314.0,317.0,319.0,322.0,323.0,324.0,329.0,329.0,329.0,329.0,329.0,330.0,331.0,334.0,334.0,335.0,335.0,336.0,336.0,336.0,337.0,337.0,337.0,337.0,337.0,337.0,337.0,337.0,337.0,337.0,337.0,337.0,337.0,337.0,337.0,337.0,337.0,337.0,336.0,336.0,336.0,336.0,336.0,336.0,336.0,336.0,337.0,337.0,337.0,337.0,337.0,337.0,337.0,337.0,337.0,337.0,337.0,337.0,337.0,337.0,337.0,337.0,337.0,337.0,337.0,337.0,337.0,337.0,337.0,337.0,337.0,337.0,337.0,337.0,337.0,337
k030vtZq2ok,,,,,,,,,,,,,,,,,,,,,,,,,,,,,,,,,,,,,,,,,,,,,,,,,,,,,,,,,,,,,,,,,,,,,,,,,,,,,,,,,,,,,,,,,,,,,,,,,,,,,,,,,,,,,,,,,,,,,,,,,,,,,,,,2.0,2.0,2.0,3.0,3.0,3.0,4.0,4.0,4.0,4.0,4.0,4.0,4.0,4.0,4.0,4.0,4.0,4.0,4.0,4.0,4.0,4.0,4.0,4.0,4.0,4.0,6.0,6.0,6.0,6.0,6.0,6.0,6.0,6.0,6.0,6.0,6.0,6.0,6.0,6.0,6.0,6.0,6.0,6.0,6.0,6.0,6.0,7.0,7.0,7.0,7.0,7.0,7.0,7.0,7.0,7.0,7.0,7.0,7.0,7.0,7.0,9.0,9.0,9.0,9.0,9.0,9.0,9.0,9.0,9.0,9.0,9.0,9.0,9.0,9.0,9.0,9.0,9.0,9.0,9.0,9
nc6yI5pi3k8,,,,,,,,,,,,,,,,,,,,,,,,,,,,,,,,,,,,,,,,,,,,,,,,,,,,,,,,,,,,,,,,,,,,,,,,,,,,,,,,,,,,,,,,,,,,,,,,,,,,,,,,,,,,,,,,,,,,,,,,,,,,,,,,65.0,70.0,77.0,78.0,79.0,80.0,80.0,80.0,80.0,84.0,86.0,86.0,87.0,88.0,88.0,89.0,89.0,90.0,91.0,91.0,91.0,91.0,91.0,91.0,92.0,92.0,92.0,92.0,92.0,92.0,92.0,92.0,94.0,94.0,95.0,95.0,95.0,95.0,95.0,95.0,96.0,96.0,96.0,96.0,96.0,96.0,95.0,96.0,96.0,96.0,96.0,96.0,96.0,97.0,97.0,99.0,99.0,99.0,101.0,101.0,101.0,101.0,102.0,103.0,103.0,103.0,103.0,103.0,103.0,104.0,106.0,106.0,106.0,106.0,106.0,106.0,107.0,107.0,107.0,107.0,107
nNVVzAjsPe4,,,,,,,,,,,,,,,,,,,,,,,,,,,,,,,,,,,,,,,,,,,,,,,,,,,,,,,,,,,,,,,,,,,,,,,,,,,,,,,,,,,,,,,,,,,,,,,,,,,,,,,,,,,,,,,,,,,,,,,,,,,,,,,,42.0,48.0,57.0,64.0,69.0,72.0,74.0,76.0,78.0,81.0,81.0,81.0,82.0,84.0,85.0,88.0,88.0,89.0,89.0,91.0,91.0,94.0,94.0,95.0,97.0,98.0,100.0,100.0,101.0,101.0,102.0,104.0,104.0,105.0,105.0,104.0,104.0,105.0,105.0,105.0,107.0,106.0,108.0,107.0,108.0,108.0,109.0,109.0,109.0,110.0,110.0,110.0,110.0,112.0,112.0,112.0,112.0,115.0,115.0,115.0,116.0,117.0,117.0,116.0,115.0,115.0,115.0,115.0,115.0,115.0,115.0,115.0,115.0,115.0,115.0,116.0,116.0,116.0,117.0,117.0,117
RRKtQmsSI9g,,,,,,,,,,,,,,,,,,,,,,,,,,,,,,,,,,,,,,,,,,,,,,,,,,,,,,,,,,,,,,,,,,,,,,,,,,,,,,,,,,,,,,,,,,,,,,,,,,,,,,,,,,,,,,,,,,,,,,,,,,,,,,,,,,134.0,190.0,201.0,207.0,209.0,214.0,216.0,226.0,226.0,227.0,229.0,229.0,230.0,230.0,231.0,232.0,232.0,232.0,232.0,232.0,232.0,232.0,233.0,233.0,234.0,234.0,234.0,234.0,234.0,234.0,234.0,234.0,234.0,234.0,235.0,235.0,235.0,235.0,235.0,235.0,235.0,235.0,235.0,236.0,236.0,236.0,236.0,236.0,236.0,236.0,236.0,236.0,236.0,236.0,236.0,236.0,236.0,236.0,236.0,236.0,236.0,236.0,236.0,236.0,234.0,234.0,234.0,235.0,235.0,235.0,235.0,235.0,235.0,235.0,235.0,235.0,235.0,235.0,235
QiQJxMQ6TMU,,,,,,,,,,,,,,,,,,,,,,,,,,,,,,,,,,,,,,,,,,,,,,,,,,,,,,,,,,,,,,,,,,,,,,,,,,,,,,,,,,,,,,,,,,,,,,,,,,,,,,,,,,,,,,,,,,,,,,,,,,,,,,,,,,703.0,1460.0,1847.0,2126.0,2294.0,2430.0,2523.0,2592.0,2631.0,2672.0,2710.0,2757.0,2788.0,2810.0,2825.0,2845.0,2862.0,2878.0,2899.0,2906.0,2924.0,2942.0,2957.0,2970.0,2978.0,2989.0,2999.0,3006.0,3014.0,3019.0,3028.0,3041.0,3047.0,3047.0,3051.0,3059.0,3066.0,3072.0,3075.0,3079.0,3080.0,3083.0,3083.0,3085.0,3085.0,3091.0,3096.0,3098.0,3101.0,3104.0,3107.0,3110.0,3109.0,3113.0,3112.0,3115.0,3119.0,3121.0,3122.0,3126.0,3133.0,3132.0,3133.0,3133.0,3135.0,3139.0,3137.0,3139.0,3141.0,3142.0,3143.0,3144.0,3144.0,3144.0,3146.0,3146.0,3147.0,3150.0,3152
iTJSbJtS8MU,,,,,,,,,,,,,,,,,,,,,,,,,,,,,,,,,,,,,,,,,,,,,,,,,,,,,,,,,,,,,,,,,,,,,,,,,,,,,,,,,,,,,,,,,,,,,,,,,,,,,,,,,,,,,,,,,,,,,,,,,,,,,,,,,,16406.0,24923.0,27398.0,28726.0,29698.0,30594.0,31111.0,31564.0,32019.0,32317.0,32529.0,32725.0,33007.0,33208.0,33365.0,33481.0,33518.0,33632.0,33913.0,34086.0,34218.0,34312.0,34371.0,34432.0,34493.0,34585.0,34638.0,34674.0,34713.0,34771.0,34793.0,34852.0,34913.0,34940.0,34962.0,35001.0,35034.0,35041.0,35052.0,35081.0,35104.0,35125.0,35142.0,35158.0,35186.0,35218.0,35244.0,35270.0,35313.0,35332.0,35345.0,35363.0,35378.0,35410.0,35451.0,35479.0,35507.0,35521.0,35534.0,35559.0,35575.0,35591.0,35606.0,35635.0,35647.0,35701.0,35588.0,35613.0,35631.0,35637.0,35644.0,35652.0,35663.0,35669.0,35688.0,35695.0,35713.0,35723.0,35736
DtLQeI6UsMc,,,,,,,,,,,,,,,,,,,,,,,,,,,,,,,,,,,,,,,,,,,,,,,,,,,,,,,,,,,,,,,,,,,,,,,,,,,,,,,,,,,,,,,,,,,,,,,,,,,,,,,,,,,,,,,,,,,,,,,,,,,,,,,,,,34.0,35.0,36.0,36.0,36.0,36.0,36.0,36.0,36.0,36.0,36.0,36.0,36.0,36.0,36.0,36.0,36.0,36.0,36.0,36.0,37.0,37.0,38.0,38.0,38.0,38.0,38.0,38.0,38.0,38.0,38.0,38.0,38.0,38.0,38.0,38.0,38.0,38.0,38.0,38.0,38.0,38.0,38.0,38.0,38.0,38.0,38.0,38.0,38.0,38.0,38.0,38.0,38.0,38.0,38.0,38.0,38.0,38.0,38.0,38.0,38.0,38.0,38.0,38.0,38.0,38.0,38.0,38.0,38.0,38.0,38.0,38.0,38.0,38.0,38.0,37.0,38.0,38.0,38
Q1sE699jthg,,,,,,,,,,,,,,,,,,,,,,,,,,,,,,,,,,,,,,,,,,,,,,,,,,,,,,,,,,,,,,,,,,,,,,,,,,,,,,,,,,,,,,,,,,,,,,,,,,,,,,,,,,,,,,,,,,,,,,,,,,,,,,,,,,6890.0,9461.0,10087.0,10402.0,10594.0,10824.0,11002.0,11180.0,11290.0,11345.0,11394.0,11434.0,11458.0,11482.0,11498.0,11514.0,11530.0,11548.0,11577.0,11596.0,11615.0,11634.0,11639.0,11647.0,11655.0,11666.0,11679.0,11683.0,11692.0,11695.0,11702.0,11713.0,11712.0,11721.0,11726.0,11734.0,11738.0,11743.0,11744.0,11748.0,11749.0,11757.0,11762.0,11767.0,11770.0,11774.0,11784.0,11799.0,11800.0,11805.0,11808.0,11812.0,11808.0,11829.0,11831.0,11829.0,11834.0,11837.0,11836.0,11850.0,11850.0,11854.0,11853.0,11853.0,11852.0,11854.0,11857.0,11860.0,11860.0,11863.0,11870.0,11877.0,11877.0,11881.0,11882.0,11882.0,11884.0,11887.0,11890
O0KFqVkhpuo,,,,,,,,,,,,,,,,,,,,,,,,,,,,,,,,,,,,,,,,,,,,,,,,,,,,,,,,,,,,,,,,,,,,,,,,,,,,,,,,,,,,,,,,,,,,,,,,,,,,,,,,,,,,,,,,,,,,,,,,,,,,,,,,,,372.0,376.0,380.0,380.0,383.0,383.0,386.0,386.0,386.0,385.0,385.0,386.0,389.0,392.0,399.0,399.0,399.0,400.0,401.0,401.0,401.0,402.0,404.0,405.0,406.0,406.0,408.0,408.0,408.0,412.0,412.0,413.0,413.0,413.0,411.0,411.0,411.0,412.0,414.0,414.0,414.0,414.0,414.0,414.0,415.0,416.0,416.0,417.0,418.0,418.0,420.0,421.0,421.0,423.0,423.0,423.0,423.0,423.0,423.0,423.0,423.0,423.0,424.0,427.0,427.0,428.0,428.0,428.0,429.0,429.0,429.0,429.0,429.0,429.0,430.0,430.0,430.0,430.0,430
fh9TWwotwPE,,,,,,,,,,,,,,,,,,,,,,,,,,,,,,,,,,,,,,,,,,,,,,,,,,,,,,,,,,,,,,,,,,,,,,,,,,,,,,,,,,,,,,,,,,,,,,,,,,,,,,,,,,,,,,,,,,,,,,,,,,,,,,,,,,114.0,114.0,115.0,115.0,116.0,116.0,116.0,116.0,116.0,116.0,116.0,117.0,117.0,117.0,117.0,118.0,118.0,118.0,118.0,118.0,118.0,118.0,118.0,118.0,118.0,118.0,118.0,118.0,118.0,118.0,118.0,118.0,120.0,120.0,120.0,120.0,120.0,120.0,120.0,120.0,120.0,120.0,120.0,120.0,120.0,120.0,120.0,120.0,120.0,120.0,120.0,120.0,120.0,120.0,120.0,120.0,120.0,120.0,120.0,120.0,120.0,120.0,120.0,120.0,121.0,121.0,121.0,121.0,121.0,121.0,121.0,121.0,121.0,121.0,121.0,121.0,121.0,121.0,121
5ds6H8wMOyc,,,,,,,,,,,,,,,,,,,,,,,,,,,,,,,,,,,,,,,,,,,,,,,,,,,,,,,,,,,,,,,,,,,,,,,,,,,,,,,,,,,,,,,,,,,,,,,,,,,,,,,,,,,,,,,,,,,,,,,,,,,,,,,,,,17.0,17.0,17.0,17.0,17.0,17.0,17.0,17.0,17.0,17.0,17.0,17.0,17.0,17.0,17.0,17.0,17.0,17.0,17.0,17.0,17.0,17.0,17.0,17.0,17.0,17.0,17.0,17.0,17.0,17.0,17.0,17.0,17.0,17.0,17.0,17.0,17.0,17.0,17.0,17.0,17.0,17.0,17.0,17.0,17.0,17.0,17.0,17.0,17.0,17.0,17.0,17.0,17.0,16.0,16.0,16.0,16.0,16.0,16.0,16.0,16.0,16.0,16.0,16.0,16.0,16.0,16.0,16.0,16.0,16.0,16.0,16.0,16.0,16.0,16.0,16.0,16.0,16.0,16
DhfitPakxV8,,,,,,,,,,,,,,,,,,,,,,,,,,,,,,,,,,,,,,,,,,,,,,,,,,,,,,,,,,,,,,,,,,,,,,,,,,,,,,,,,,,,,,,,,,,,,,,,,,,,,,,,,,,,,,,,,,,,,,,,,,,,,,,,,,29.0,30.0,34.0,35.0,42.0,42.0,42.0,43.0,44.0,45.0,46.0,46.0,48.0,48.0,48.0,48.0,49.0,50.0,50.0,50.0,51.0,51.0,52.0,52.0,53.0,53.0,55.0,54.0,54.0,56.0,56.0,56.0,58.0,58.0,59.0,59.0,59.0,59.0,59.0,60.0,60.0,60.0,60.0,60.0,60.0,60.0,61.0,61.0,61.0,63.0,63.0,63.0,63.0,65.0,66.0,66.0,66.0,66.0,66.0,66.0,66.0,66.0,67.0,67.0,67.0,68.0,68.0,68.0,71.0,71.0,71.0,72.0,72.0,71.0,71.0,71.0,71.0,71.0,71
9Av8DEKE2og,,,,,,,,,,,,,,,,,,,,,,,,,,,,,,,,,,,,,,,,,,,,,,,,,,,,,,,,,,,,,,,,,,,,,,,,,,,,,,,,,,,,,,,,,,,,,,,,,,,,,,,,,,,,,,,,,,,,,,,,,,,,,,,,,,28.0,28.0,28.0,28.0,29.0,31.0,31.0,31.0,31.0,31.0,31.0,31.0,31.0,31.0,31.0,31.0,31.0,31.0,31.0,31.0,31.0,31.0,31.0,31.0,31.0,31.0,31.0,31.0,31.0,31.0,31.0,31.0,31.0,31.0,31.0,31.0,31.0,31.0,31.0,31.0,31.0,31.0,31.0,31.0,31.0,31.0,31.0,31.0,31.0,31.0,31.0,31.0,31.0,31.0,31.0,31.0,31.0,31.0,31.0,31.0,31.0,31.0,31.0,31.0,31.0,31.0,31.0,31.0,31.0,31.0,31.0,31.0,31.0,31.0,31.0,31.0,31.0,31.0,31
N6JXNISrpEY,,,,,,,,,,,,,,,,,,,,,,,,,,,,,,,,,,,,,,,,,,,,,,,,,,,,,,,,,,,,,,,,,,,,,,,,,,,,,,,,,,,,,,,,,,,,,,,,,,,,,,,,,,,,,,,,,,,,,,,,,,,,,,,,,,22.0,22.0,22.0,22.0,22.0,22.0,22.0,22.0,22.0,22.0,22.0,22.0,22.0,22.0,22.0,22.0,22.0,22.0,22.0,22.0,22.0,22.0,22.0,22.0,22.0,22.0,22.0,22.0,22.0,23.0,23.0,22.0,22.0,22.0,22.0,22.0,22.0,22.0,22.0,22.0,22.0,22.0,22.0,22.0,22.0,22.0,22.0,22.0,22.0,22.0,22.0,22.0,22.0,22.0,22.0,22.0,22.0,22.0,22.0,22.0,22.0,22.0,22.0,22.0,22.0,22.0,22.0,22.0,22.0,22.0,22.0,22.0,22.0,22.0,22.0,22.0,22.0,22.0,22
mcC-o7wq5EY,,,,,,,,,,,,,,,,,,,,,,,,,,,,,,,,,,,,,,,,,,,,,,,,,,,,,,,,,,,,,,,,,,,,,,,,,,,,,,,,,,,,,,,,,,,,,,,,,,,,,,,,,,,,,,,,,,,,,,,,,,,,,,,,,,23.0,24.0,24.0,24.0,24.0,24.0,24.0,24.0,24.0,24.0,24.0,24.0,24.0,24.0,24.0,24.0,24.0,24.0,24.0,25.0,25.0,26.0,26.0,26.0,26.0,26.0,26.0,26.0,26.0,26.0,26.0,26.0,26.0,26.0,26.0,26.0,26.0,26.0,26.0,26.0,26.0,26.0,26.0,26.0,26.0,26.0,26.0,26.0,26.0,26.0,26.0,26.0,26.0,26.0,26.0,26.0,26.0,26.0,26.0,26.0,26.0,26.0,26.0,26.0,26.0,26.0,26.0,26.0,26.0,26.0,26.0,26.0,26.0,26.0,26.0,26.0,26.0,26.0,26
wCtRSOVpf40,,,,,,,,,,,,,,,,,,,,,,,,,,,,,,,,,,,,,,,,,,,,,,,,,,,,,,,,,,,,,,,,,,,,,,,,,,,,,,,,,,,,,,,,,,,,,,,,,,,,,,,,,,,,,,,,,,,,,,,,,,,,,,,,,,28.0,28.0,28.0,28.0,28.0,28.0,28.0,28.0,29.0,29.0,29.0,29.0,29.0,29.0,29.0,29.0,29.0,29.0,29.0,29.0,29.0,29.0,29.0,29.0,30.0,30.0,30.0,30.0,30.0,30.0,30.0,30.0,30.0,30.0,30.0,30.0,30.0,30.0,30.0,30.0,30.0,30.0,30.0,30.0,30.0,30.0,30.0,30.0,30.0,30.0,30.0,30.0,30.0,30.0,30.0,30.0,30.0,30.0,30.0,30.0,30.0,30.0,30.0,30.0,30.0,30.0,30.0,30.0,30.0,30.0,30.0,30.0,30.0,30.0,30.0,30.0,30.0,30.0,30
XfASTPiEh3M,,,,,,,,,,,,,,,,,,,,,,,,,,,,,,,,,,,,,,,,,,,,,,,,,,,,,,,,,,,,,,,,,,,,,,,,,,,,,,,,,,,,,,,,,,,,,,,,,,,,,,,,,,,,,,,,,,,,,,,,,,,,,,,,,,12.0,12.0,12.0,12.0,12.0,12.0,12.0,12.0,12.0,12.0,12.0,12.0,13.0,13.0,13.0,13.0,13.0,13.0,13.0,13.0,13.0,13.0,13.0,13.0,13.0,13.0,13.0,13.0,13.0,13.0,13.0,13.0,13.0,13.0,13.0,13.0,13.0,13.0,13.0,13.0,13.0,13.0,13.0,13.0,13.0,13.0,13.0,13.0,13.0,13.0,13.0,13.0,13.0,13.0,13.0,13.0,13.0,13.0,13.0,13.0,13.0,13.0,13.0,13.0,13.0,13.0,13.0,13.0,13.0,13.0,13.0,13.0,13.0,13.0,13.0,13.0,13.0,13.0,13
kjccso8nrc0,,,,,,,,,,,,,,,,,,,,,,,,,,,,,,,,,,,,,,,,,,,,,,,,,,,,,,,,,,,,,,,,,,,,,,,,,,,,,,,,,,,,,,,,,,,,,,,,,,,,,,,,,,,,,,,,,,,,,,,,,,,,,,,,,,1.0,1.0,1.0,1.0,1.0,1.0,2.0,2.0,2.0,2.0,2.0,2.0,2.0,2.0,2.0,2.0,2.0,2.0,2.0,2.0,2.0,2.0,2.0,2.0,2.0,2.0,2.0,2.0,2.0,2.0,2.0,2.0,2.0,2.0,2.0,2.0,2.0,2.0,2.0,2.0,2.0,2.0,2.0,2.0,2.0,2.0,2.0,2.0,2.0,2.0,2.0,2.0,2.0,2.0,2.0,2.0,2.0,2.0,2.0,2.0,2.0,2.0,2.0,2.0,2.0,2.0,2.0,2.0,2.0,2.0,2.0,2.0,2.0,2.0,2.0,2.0,2.0,2.0,2
U4aD9NLDQJs,,,,,,,,,,,,,,,,,,,,,,,,,,,,,,,,,,,,,,,,,,,,,,,,,,,,,,,,,,,,,,,,,,,,,,,,,,,,,,,,,,,,,,,,,,,,,,,,,,,,,,,,,,,,,,,,,,,,,,,,,,,,,,,,,,19.0,21.0,21.0,21.0,21.0,21.0,21.0,21.0,21.0,21.0,21.0,21.0,21.0,21.0,21.0,21.0,22.0,23.0,23.0,23.0,23.0,23.0,23.0,23.0,23.0,23.0,23.0,23.0,23.0,23.0,23.0,24.0,24.0,24.0,24.0,24.0,24.0,24.0,24.0,24.0,24.0,24.0,24.0,24.0,24.0,24.0,24.0,24.0,24.0,24.0,24.0,24.0,24.0,24.0,24.0,24.0,24.0,24.0,24.0,26.0,26.0,26.0,26.0,26.0,26.0,26.0,26.0,26.0,26.0,26.0,26.0,26.0,26.0,26.0,26.0,26.0,26.0,26.0,26
hWT7vfliD7g,,,,,,,,,,,,,,,,,,,,,,,,,,,,,,,,,,,,,,,,,,,,,,,,,,,,,,,,,,,,,,,,,,,,,,,,,,,,,,,,,,,,,,,,,,,,,,,,,,,,,,,,,,,,,,,,,,,,,,,,,,,,,,,,,,77.0,85.0,92.0,93.0,94.0,95.0,97.0,97.0,97.0,97.0,97.0,97.0,98.0,99.0,99.0,99.0,99.0,99.0,99.0,99.0,99.0,99.0,99.0,100.0,100.0,100.0,100.0,100.0,100.0,101.0,102.0,103.0,104.0,104.0,104.0,104.0,104.0,104.0,104.0,104.0,103.0,103.0,103.0,103.0,103.0,103.0,103.0,103.0,103.0,103.0,103.0,103.0,103.0,104.0,104.0,104.0,104.0,104.0,104.0,104.0,104.0,104.0,105.0,105.0,105.0,105.0,105.0,105.0,105.0,105.0,105.0,105.0,105.0,105.0,105.0,105.0,105.0,105.0,105
__cY_IaSb7s,,,,,,,,,,,,,,,,,,,,,,,,,,,,,,,,,,,,,,,,,,,,,,,,,,,,,,,,,,,,,,,,,,,,,,,,,,,,,,,,,,,,,,,,,,,,,,,,,,,,,,,,,,,,,,,,,,,,,,,,,,,,,,,,,,165.0,171.0,177.0,182.0,185.0,188.0,188.0,189.0,190.0,191.0,193.0,192.0,193.0,193.0,193.0,193.0,196.0,196.0,196.0,198.0,198.0,196.0,196.0,197.0,198.0,198.0,195.0,195.0,195.0,195.0,195.0,195.0,195.0,195.0,196.0,196.0,196.0,196.0,196.0,196.0,196.0,196.0,196.0,196.0,196.0,196.0,197.0,197.0,197.0,197.0,197.0,197.0,197.0,198.0,198.0,198.0,198.0,198.0,198.0,198.0,199.0,200.0,200.0,200.0,200.0,201.0,201.0,201.0,201.0,202.0,202.0,202.0,202.0,204.0,204.0,204.0,204.0,204.0,204
aBtRTBVggUM,,,,,,,,,,,,,,,,,,,,,,,,,,,,,,,,,,,,,,,,,,,,,,,,,,,,,,,,,,,,,,,,,,,,,,,,,,,,,,,,,,,,,,,,,,,,,,,,,,,,,,,,,,,,,,,,,,,,,,,,,,,,,,,,,,0.0,0.0,0.0,0.0,0.0,0.0,0.0,0.0,0.0,0.0,0.0,0.0,0.0,0.0,0.0,0.0,0.0,0.0,0.0,0.0,0.0,0.0,0.0,0.0,0.0,0.0,0.0,0.0,0.0,0.0,0.0,0.0,0.0,0.0,0.0,0.0,0.0,0.0,0.0,0.0,0.0,0.0,0.0,0.0,0.0,0.0,0.0,0.0,0.0,0.0,0.0,0.0,0.0,0.0,0.0,0.0,0.0,0.0,0.0,0.0,0.0,0.0,0.0,0.0,0.0,0.0,0.0,0.0,0.0,0.0,0.0,0.0,0.0,0.0,0.0,0.0,0.0,0.0,0
OE8CjkC0BGA,,,,,,,,,,,,,,,,,,,,,,,,,,,,,,,,,,,,,,,,,,,,,,,,,,,,,,,,,,,,,,,,,,,,,,,,,,,,,,,,,,,,,,,,,,,,,,,,,,,,,,,,,,,,,,,,,,,,,,,,,,,,,,,,,,1706.0,1820.0,1906.0,1981.0,2001.0,2028.0,2034.0,2044.0,2055.0,2061.0,2079.0,2059.0,2068.0,2072.0,2077.0,2078.0,2083.0,2084.0,2082.0,2083.0,2083.0,2076.0,2076.0,2075.0,2066.0,2066.0,2059.0,2058.0,2056.0,2056.0,2055.0,2053.0,2053.0,2049.0,2050.0,2048.0,2048.0,2048.0,2049.0,2049.0,2049.0,2046.0,2043.0,2043.0,2043.0,2043.0,2042.0,2042.0,2041.0,2039.0,2039.0,2037.0,2036.0,2036.0,2036.0,2036.0,2029.0,2028.0,2021.0,2021.0,2021.0,2021.0,2021.0,2021.0,2021.0,2021.0,2020.0,2020.0,2020.0,2020.0,2020.0,2020.0,2020.0,2019.0,2019.0,2019.0,2019.0,2018.0,2015
lqJ30KbpEY4,,,,,,,,,,,,,,,,,,,,,,,,,,,,,,,,,,,,,,,,,,,,,,,,,,,,,,,,,,,,,,,,,,,,,,,,,,,,,,,,,,,,,,,,,,,,,,,,,,,,,,,,,,,,,,,,,,,,,,,,,,,,,,,,,,2.0,2.0,2.0,2.0,2.0,2.0,2.0,3.0,3.0,3.0,3.0,3.0,3.0,3.0,3.0,3.0,3.0,3.0,3.0,3.0,3.0,3.0,3.0,3.0,3.0,3.0,3.0,3.0,3.0,3.0,3.0,3.0,3.0,3.0,3.0,3.0,3.0,3.0,3.0,3.0,3.0,3.0,3.0,3.0,3.0,3.0,3.0,3.0,3.0,3.0,3.0,3.0,3.0,3.0,3.0,3.0,3.0,3.0,3.0,3.0,3.0,3.0,3.0,3.0,3.0,3.0,3.0,3.0,3.0,3.0,3.0,3.0,3.0,3.0,3.0,3.0,3.0,3.0,3
eKuzq2AOvFM,,,,,,,,,,,,,,,,,,,,,,,,,,,,,,,,,,,,,,,,,,,,,,,,,,,,,,,,,,,,,,,,,,,,,,,,,,,,,,,,,,,,,,,,,,,,,,,,,,,,,,,,,,,,,,,,,,,,,,,,,,,,,,,,,,107.0,115.0,116.0,117.0,118.0,118.0,119.0,119.0,122.0,122.0,122.0,123.0,123.0,123.0,123.0,123.0,123.0,123.0,123.0,124.0,125.0,126.0,127.0,128.0,129.0,129.0,129.0,129.0,130.0,130.0,130.0,130.0,130.0,130.0,130.0,130.0,130.0,131.0,131.0,131.0,131.0,131.0,132.0,132.0,132.0,133.0,133.0,133.0,133.0,133.0,133.0,133.0,134.0,134.0,134.0,134.0,134.0,134.0,134.0,135.0,135.0,135.0,135.0,135.0,135.0,135.0,135.0,135.0,135.0,135.0,135.0,136.0,137.0,137.0,137.0,138.0,138.0,138.0,138
Si5mKYAei3o,,,,,,,,,,,,,,,,,,,,,,,,,,,,,,,,,,,,,,,,,,,,,,,,,,,,,,,,,,,,,,,,,,,,,,,,,,,,,,,,,,,,,,,,,,,,,,,,,,,,,,,,,,,,,,,,,,,,,,,,,,,,,,,,,,0.0,0.0,0.0,0.0,0.0,0.0,0.0,0.0,0.0,0.0,0.0,0.0,0.0,0.0,0.0,0.0,0.0,0.0,0.0,0.0,0.0,0.0,0.0,0.0,0.0,0.0,0.0,0.0,0.0,0.0,0.0,0.0,0.0,0.0,0.0,0.0,0.0,0.0,0.0,0.0,0.0,0.0,1.0,1.0,1.0,1.0,1.0,1.0,1.0,1.0,1.0,1.0,1.0,1.0,1.0,1.0,1.0,1.0,1.0,1.0,1.0,1.0,1.0,1.0,1.0,1.0,1.0,1.0,1.0,1.0,1.0,1.0,1.0,1.0,1.0,1.0,1.0,1.0,1
WxGWMI2B7r8,,,,,,,,,,,,,,,,,,,,,,,,,,,,,,,,,,,,,,,,,,,,,,,,,,,,,,,,,,,,,,,,,,,,,,,,,,,,,,,,,,,,,,,,,,,,,,,,,,,,,,,,,,,,,,,,,,,,,,,,,,,,,,,,,,12976.0,14119.0,14772.0,15256.0,15455.0,15696.0,15898.0,16101.0,16223.0,16267.0,16373.0,16443.0,16505.0,16555.0,16615.0,16668.0,16712.0,16757.0,16786.0,16780.0,16820.0,16851.0,16881.0,16901.0,16904.0,16949.0,16988.0,17012.0,17078.0,17150.0,17204.0,17251.0,17277.0,17296.0,17321.0,17339.0,17335.0,17339.0,17348.0,17349.0,17353.0,17350.0,17354.0,17361.0,17374.0,17384.0,17387.0,17391.0,17408.0,17433.0,17442.0,17444.0,17452.0,17458.0,17463.0,17473.0,17479.0,17479.0,17481.0,17484.0,17485.0,17488.0,17487.0,17485.0,17388.0,17380.0,17487.0,17486.0,17490.0,17488.0,17489.0,17492.0,17494.0,17495.0,17498.0,17492.0,17493.0,17492.0,0
uD0yLUVtAvk,,,,,,,,,,,,,,,,,,,,,,,,,,,,,,,,,,,,,,,,,,,,,,,,,,,,,,,,,,,,,,,,,,,,,,,,,,,,,,,,,,,,,,,,,,,,,,,,,,,,,,,,,,,,,,,,,,,,,,,,,,,,,,,,,,1690.0,2587.0,2777.0,2919.0,3021.0,3107.0,3169.0,3220.0,3283.0,3326.0,3347.0,3367.0,3384.0,3404.0,3431.0,3450.0,3468.0,3479.0,3508.0,3525.0,3528.0,3529.0,3538.0,3542.0,3547.0,3560.0,3565.0,3570.0,3576.0,3583.0,3587.0,3592.0,3597.0,3610.0,3612.0,3617.0,3619.0,3621.0,3628.0,3633.0,3635.0,3636.0,3646.0,3649.0,3653.0,3655.0,3664.0,3677.0,3681.0,3683.0,3693.0,3693.0,3698.0,3705.0,3707.0,3710.0,3712.0,3717.0,3721.0,3722.0,3723.0,3724.0,3728.0,3729.0,3731.0,3733.0,3737.0,3741.0,3741.0,3741.0,3740.0,3740.0,3742.0,3746.0,3747.0,3747.0,3752.0,3754.0,3760
WxGWMI2B7r8,,,,,,,,,,,,,,,,,,,,,,,,,,,,,,,,,,,,,,,,,,,,,,,,,,,,,,,,,,,,,,,,,,,,,,,,,,,,,,,,,,,,,,,,,,,,,,,,,,,,,,,,,,,,,,,,,,,,,,,,,,,,,,,,,,12976.0,14119.0,14772.0,15256.0,15455.0,15696.0,15898.0,16101.0,16223.0,16267.0,16373.0,16443.0,16505.0,16555.0,16615.0,16668.0,16712.0,16757.0,16786.0,16780.0,16820.0,16851.0,16881.0,16901.0,16904.0,16949.0,16988.0,17012.0,17078.0,17150.0,17204.0,17251.0,17277.0,17296.0,17321.0,17339.0,17335.0,17339.0,17348.0,17349.0,17353.0,17350.0,17354.0,17361.0,17374.0,17384.0,17387.0,17391.0,17408.0,17433.0,17442.0,17444.0,17452.0,17458.0,17463.0,17473.0,17479.0,17479.0,17481.0,17484.0,17485.0,17488.0,17487.0,17485.0,17388.0,17380.0,17487.0,17486.0,17490.0,17488.0,17489.0,17492.0,17494.0,17495.0,17498.0,17492.0,17493.0,17492.0,17490
iqtv43YR7oI,,,,,,,,,,,,,,,,,,,,,,,,,,,,,,,,,,,,,,,,,,,,,,,,,,,,,,,,,,,,,,,,,,,,,,,,,,,,,,,,,,,,,,,,,,,,,,,,,,,,,,,,,,,,,,,,,,,,,,,,,,,,,,,,,,,144.0,248.0,289.0,734.0,1432.0,1699.0,1829.0,1894.0,1959.0,2010.0,2076.0,2124.0,2152.0,2167.0,2170.0,2178.0,2182.0,2194.0,2198.0,2202.0,2206.0,2208.0,2208.0,2213.0,2213.0,2216.0,2218.0,2220.0,2221.0,2221.0,2226.0,2229.0,2229.0,2232.0,2232.0,2232.0,2232.0,2233.0,2231.0,2232.0,2232.0,2232.0,2232.0,2232.0,2232.0,2231.0,2231.0,2231.0,2231.0,2232.0,2232.0,2232.0,2233.0,2233.0,2233.0,2233.0,2234.0,2235.0,2236.0,2236.0,2238.0,2238.0,2238.0,2241.0,2242.0,2242.0,2242.0,2244.0,2245.0,2245.0,2245.0,2246.0,2246.0,2246.0,2246.0,2246.0,2246.0,2247
5RT4ISfzlrU,,,,,,,,,,,,,,,,,,,,,,,,,,,,,,,,,,,,,,,,,,,,,,,,,,,,,,,,,,,,,,,,,,,,,,,,,,,,,,,,,,,,,,,,,,,,,,,,,,,,,,,,,,,,,,,,,,,,,,,,,,,,,,,,,,,7.0,10.0,15.0,16.0,17.0,17.0,17.0,18.0,18.0,18.0,18.0,18.0,19.0,19.0,19.0,19.0,19.0,20.0,22.0,23.0,23.0,23.0,24.0,24.0,24.0,25.0,25.0,25.0,26.0,26.0,27.0,28.0,28.0,30.0,30.0,31.0,32.0,32.0,33.0,33.0,33.0,34.0,34.0,34.0,35.0,35.0,35.0,35.0,35.0,35.0,35.0,35.0,35.0,35.0,35.0,35.0,35.0,35.0,35.0,35.0,35.0,35.0,35.0,35.0,35.0,35.0,35.0,35.0,35.0,35.0,35.0,35.0,35.0,36.0,36.0,36.0,36.0,36
BDXZ-fYk0Gc,,,,,,,,,,,,,,,,,,,,,,,,,,,,,,,,,,,,,,,,,,,,,,,,,,,,,,,,,,,,,,,,,,,,,,,,,,,,,,,,,,,,,,,,,,,,,,,,,,,,,,,,,,,,,,,,,,,,,,,,,,,,,,,,,,,262.0,514.0,715.0,853.0,990.0,1095.0,1214.0,1226.0,1233.0,1241.0,1247.0,1252.0,1258.0,1265.0,1267.0,1274.0,1279.0,1283.0,1285.0,1288.0,1290.0,1291.0,1291.0,1293.0,1294.0,1293.0,1294.0,1293.0,1293.0,1292.0,1293.0,1293.0,1293.0,1295.0,1291.0,1291.0,1292.0,1293.0,1293.0,1294.0,1294.0,1294.0,1294.0,1294.0,1294.0,1294.0,1296.0,1296.0,1296.0,1296.0,1296.0,1297.0,1297.0,1297.0,1298.0,1298.0,1298.0,1298.0,1301.0,1301.0,1301.0,1301.0,1300.0,1301.0,1301.0,1301.0,1301.0,1302.0,1302.0,1302.0,1302.0,1302.0,1302.0,1302.0,1302.0,1302.0,1302.0,1302
vOCc8AKs48Q,,,,,,,,,,,,,,,,,,,,,,,,,,,,,,,,,,,,,,,,,,,,,,,,,,,,,,,,,,,,,,,,,,,,,,,,,,,,,,,,,,,,,,,,,,,,,,,,,,,,,,,,,,,,,,,,,,,,,,,,,,,,,,,,,,,87.0,129.0,144.0,152.0,158.0,166.0,167.0,169.0,170.0,171.0,173.0,176.0,180.0,182.0,182.0,183.0,185.0,187.0,187.0,188.0,188.0,188.0,189.0,189.0,189.0,190.0,190.0,190.0,190.0,190.0,190.0,190.0,190.0,191.0,191.0,191.0,190.0,190.0,190.0,190.0,190.0,190.0,190.0,190.0,190.0,190.0,190.0,190.0,190.0,190.0,190.0,190.0,190.0,190.0,190.0,190.0,191.0,192.0,192.0,194.0,195.0,195.0,196.0,196.0,196.0,196.0,196.0,196.0,198.0,198.0,198.0,198.0,198.0,198.0,198.0,198.0,198.0,198
fGCCpfa-WDQ,,,,,,,,,,,,,,,,,,,,,,,,,,,,,,,,,,,,,,,,,,,,,,,,,,,,,,,,,,,,,,,,,,,,,,,,,,,,,,,,,,,,,,,,,,,,,,,,,,,,,,,,,,,,,,,,,,,,,,,,,,,,,,,,,,,23.0,23.0,23.0,23.0,23.0,23.0,23.0,23.0,23.0,23.0,23.0,23.0,23.0,23.0,23.0,23.0,23.0,23.0,23.0,23.0,23.0,23.0,23.0,23.0,23.0,23.0,23.0,23.0,23.0,23.0,23.0,23.0,23.0,23.0,23.0,23.0,23.0,23.0,23.0,23.0,23.0,23.0,23.0,23.0,23.0,23.0,23.0,23.0,23.0,23.0,23.0,23.0,23.0,23.0,23.0,23.0,23.0,23.0,23.0,23.0,23.0,23.0,23.0,23.0,23.0,23.0,23.0,23.0,23.0,23.0,23.0,23.0,23.0,23.0,23.0,23.0,23.0,23
ICOB_gz4k6E,,,,,,,,,,,,,,,,,,,,,,,,,,,,,,,,,,,,,,,,,,,,,,,,,,,,,,,,,,,,,,,,,,,,,,,,,,,,,,,,,,,,,,,,,,,,,,,,,,,,,,,,,,,,,,,,,,,,,,,,,,,,,,,,,,,0.0,0.0,0.0,0.0,0.0,0.0,0.0,0.0,0.0,0.0,0.0,0.0,0.0,0.0,0.0,0.0,0.0,0.0,0.0,0.0,0.0,0.0,0.0,0.0,0.0,0.0,0.0,0.0,0.0,0.0,0.0,0.0,0.0,0.0,0.0,0.0,0.0,0.0,0.0,0.0,0.0,0.0,0.0,0.0,0.0,0.0,0.0,0.0,0.0,0.0,0.0,0.0,0.0,0.0,0.0,0.0,0.0,0.0,0.0,0.0,0.0,0.0,0.0,0.0,0.0,0.0,0.0,0.0,0.0,0.0,0.0,0.0,0.0,0.0,0.0,0.0,0.0,0
jdc4XckyN7Y,,,,,,,,,,,,,,,,,,,,,,,,,,,,,,,,,,,,,,,,,,,,,,,,,,,,,,,,,,,,,,,,,,,,,,,,,,,,,,,,,,,,,,,,,,,,,,,,,,,,,,,,,,,,,,,,,,,,,,,,,,,,,,,,,,,0.0,0.0,0.0,0.0,0.0,0.0,0.0,0.0,9.0,14.0,16.0,16.0,16.0,16.0,18.0,20.0,20.0,20.0,19.0,19.0,19.0,19.0,19.0,20.0,22.0,22.0,22.0,23.0,23.0,23.0,23.0,23.0,23.0,23.0,23.0,23.0,25.0,25.0,25.0,25.0,25.0,25.0,25.0,26.0,26.0,26.0,26.0,26.0,26.0,26.0,27.0,27.0,27.0,27.0,27.0,28.0,28.0,29.0,29.0,29.0,29.0,29.0,29.0,29.0,29.0,29.0,29.0,29.0,29.0,29.0,29.0,29.0,29.0,29.0,29.0,29.0,29.0,29
EF7ueTjEwPs,,,,,,,,,,,,,,,,,,,,,,,,,,,,,,,,,,,,,,,,,,,,,,,,,,,,,,,,,,,,,,,,,,,,,,,,,,,,,,,,,,,,,,,,,,,,,,,,,,,,,,,,,,,,,,,,,,,,,,,,,,,,,,,,,,,5.0,9.0,9.0,12.0,13.0,13.0,13.0,13.0,13.0,13.0,13.0,13.0,13.0,13.0,14.0,14.0,15.0,15.0,15.0,15.0,15.0,15.0,15.0,15.0,15.0,15.0,15.0,15.0,15.0,15.0,15.0,15.0,15.0,15.0,15.0,15.0,15.0,15.0,15.0,15.0,15.0,15.0,15.0,15.0,15.0,15.0,15.0,15.0,15.0,15.0,15.0,15.0,15.0,15.0,15.0,15.0,15.0,15.0,15.0,15.0,15.0,15.0,15.0,15.0,15.0,15.0,15.0,15.0,15.0,15.0,15.0,15.0,15.0,15.0,15.0,15.0,15.0,15
enVPqoR_SVE,,,,,,,,,,,,,,,,,,,,,,,,,,,,,,,,,,,,,,,,,,,,,,,,,,,,,,,,,,,,,,,,,,,,,,,,,,,,,,,,,,,,,,,,,,,,,,,,,,,,,,,,,,,,,,,,,,,,,,,,,,,,,,,,,,,0.0,0.0,0.0,0.0,0.0,0.0,0.0,0.0,0.0,0.0,0.0,0.0,0.0,0.0,0.0,0.0,0.0,0.0,0.0,0.0,0.0,0.0,0.0,0.0,0.0,0.0,0.0,0.0,0.0,0.0,0.0,0.0,0.0,0.0,0.0,0.0,0.0,0.0,0.0,0.0,0.0,0.0,0.0,0.0,0.0,0.0,0.0,0.0,0.0,0.0,0.0,0.0,0.0,0.0,0.0,0.0,0.0,0.0,0.0,0.0,0.0,0.0,0.0,0.0,0.0,0.0,0.0,0.0,0.0,0.0,0.0,0.0,0.0,0.0,0.0,0.0,0.0,0
efu7Ha7Yt5g,,,,,,,,,,,,,,,,,,,,,,,,,,,,,,,,,,,,,,,,,,,,,,,,,,,,,,,,,,,,,,,,,,,,,,,,,,,,,,,,,,,,,,,,,,,,,,,,,,,,,,,,,,,,,,,,,,,,,,,,,,,,,,,,,,,,0.0,0.0,0.0,0.0,0.0,0.0,0.0,0.0,0.0,0.0,0.0,0.0,0.0,0.0,0.0,0.0,0.0,0.0,0.0,0.0,0.0,0.0,0.0,0.0,0.0,0.0,0.0,0.0,0.0,0.0,0.0,0.0,0.0,0.0,0.0,0.0,0.0,0.0,0.0,0.0,0.0,0.0,0.0,0.0,0.0,0.0,0.0,0.0,0.0,0.0,0.0,0.0,0.0,0.0,0.0,0.0,0.0,0.0,0.0,0.0,0.0,0.0,0.0,16.0,40.0,40.0,40.0,40.0,40.0,40.0,40.0,40.0,40.0,40.0,40.0,40.0,40
ZtiThQN5ETc,,,,,,,,,,,,,,,,,,,,,,,,,,,,,,,,,,,,,,,,,,,,,,,,,,,,,,,,,,,,,,,,,,,,,,,,,,,,,,,,,,,,,,,,,,,,,,,,,,,,,,,,,,,,,,,,,,,,,,,,,,,,,,,,,,,,474.0,814.0,930.0,1027.0,1082.0,1108.0,1128.0,1136.0,1151.0,1163.0,1169.0,1180.0,1195.0,1205.0,1209.0,1213.0,1221.0,1225.0,1231.0,1233.0,1237.0,1240.0,1248.0,1252.0,1260.0,1264.0,1269.0,1275.0,1279.0,1284.0,1288.0,1289.0,1292.0,1293.0,1298.0,1299.0,1299.0,1303.0,1304.0,1305.0,1307.0,1309.0,1313.0,1316.0,1318.0,1319.0,1320.0,1321.0,1321.0,1324.0,1324.0,1325.0,1326.0,1328.0,1332.0,1337.0,1338.0,1339.0,1339.0,1339.0,1341.0,1343.0,1343.0,1344.0,1344.0,1346.0,1346.0,1347.0,1349.0,1349.0,1350.0,1350.0,1350.0,1350.0,1350.0,1351.0,1351
rIiGnn_8A4k,,,,,,,,,,,,,,,,,,,,,,,,,,,,,,,,,,,,,,,,,,,,,,,,,,,,,,,,,,,,,,,,,,,,,,,,,,,,,,,,,,,,,,,,,,,,,,,,,,,,,,,,,,,,,,,,,,,,,,,,,,,,,,,,,,,,1421.0,2228.0,2529.0,2702.0,2847.0,2957.0,3054.0,3134.0,3199.0,3268.0,3351.0,3440.0,3499.0,3549.0,3615.0,3673.0,3717.0,3761.0,3805.0,3838.0,3865.0,3921.0,3969.0,4021.0,4056.0,4113.0,4165.0,4200.0,4241.0,4287.0,4354.0,4415.0,4458.0,4515.0,4542.0,4580.0,4616.0,4633.0,4660.0,4714.0,4758.0,4789.0,4831.0,4854.0,4887.0,4921.0,4953.0,4983.0,5025.0,5060.0,5091.0,5133.0,5201.0,5268.0,5308.0,5331.0,5379.0,5405.0,5431.0,5476.0,5519.0,5563.0,5604.0,5645.0,5678.0,5692.0,5714.0,5729.0,5747.0,5777.0,5812.0,5862.0,5885.0,5927.0,5962.0,5980.0,6017
dyxmlYXdxUs,,,,,,,,,,,,,,,,,,,,,,,,,,,,,,,,,,,,,,,,,,,,,,,,,,,,,,,,,,,,,,,,,,,,,,,,,,,,,,,,,,,,,,,,,,,,,,,,,,,,,,,,,,,,,,,,,,,,,,,,,,,,,,,,,,,,1183.0,1749.0,1940.0,2073.0,2151.0,2203.0,2228.0,2260.0,2286.0,2313.0,2336.0,2350.0,2363.0,2373.0,2386.0,2402.0,2412.0,2417.0,2423.0,2439.0,2445.0,2450.0,2452.0,2456.0,2460.0,2466.0,2468.0,2470.0,2474.0,2477.0,2477.0,2477.0,2481.0,2482.0,2485.0,2488.0,2489.0,2490.0,2494.0,2497.0,2500.0,2503.0,2504.0,2506.0,2511.0,2513.0,2514.0,2515.0,2517.0,2519.0,2520.0,2523.0,2524.0,2523.0,2523.0,2524.0,2525.0,2525.0,2525.0,2526.0,2527.0,2529.0,2531.0,2531.0,2532.0,2534.0,2537.0,2542.0,2543.0,2542.0,2543.0,2542.0,2543.0,2548.0,2549.0,2554.0,2555
69I7Hj6p8_0,,,,,,,,,,,,,,,,,,,,,,,,,,,,,,,,,,,,,,,,,,,,,,,,,,,,,,,,,,,,,,,,,,,,,,,,,,,,,,,,,,,,,,,,,,,,,,,,,,,,,,,,,,,,,,,,,,,,,,,,,,,,,,,,,,,,87.0,131.0,151.0,168.0,185.0,202.0,224.0,247.0,260.0,273.0,288.0,307.0,319.0,331.0,339.0,345.0,351.0,369.0,382.0,385.0,388.0,395.0,402.0,406.0,411.0,414.0,420.0,424.0,428.0,428.0,431.0,433.0,436.0,439.0,442.0,444.0,447.0,449.0,449.0,451.0,452.0,454.0,455.0,457.0,457.0,459.0,460.0,463.0,463.0,465.0,467.0,470.0,470.0,473.0,476.0,480.0,482.0,484.0,486.0,486.0,486.0,486.0,486.0,487.0,487.0,488.0,488.0,488.0,489.0,491.0,491.0,491.0,492.0,492.0,494.0,495.0,496
XiY7YPkHmkU,,,,,,,,,,,,,,,,,,,,,,,,,,,,,,,,,,,,,,,,,,,,,,,,,,,,,,,,,,,,,,,,,,,,,,,,,,,,,,,,,,,,,,,,,,,,,,,,,,,,,,,,,,,,,,,,,,,,,,,,,,,,,,,,,,,,6.0,6.0,6.0,6.0,6.0,6.0,6.0,6.0,6.0,6.0,6.0,6.0,6.0,6.0,6.0,6.0,6.0,6.0,6.0,6.0,6.0,6.0,6.0,6.0,6.0,6.0,6.0,6.0,6.0,6.0,6.0,6.0,6.0,6.0,6.0,6.0,6.0,6.0,6.0,6.0,6.0,6.0,6.0,6.0,6.0,6.0,6.0,6.0,6.0,6.0,6.0,6.0,6.0,6.0,6.0,6.0,6.0,6.0,6.0,6.0,6.0,6.0,6.0,6.0,6.0,6.0,6.0,6.0,6.0,6.0,6.0,6.0,6.0,6.0,6.0,6.0,6
GJN6J-jqBA0,,,,,,,,,,,,,,,,,,,,,,,,,,,,,,,,,,,,,,,,,,,,,,,,,,,,,,,,,,,,,,,,,,,,,,,,,,,,,,,,,,,,,,,,,,,,,,,,,,,,,,,,,,,,,,,,,,,,,,,,,,,,,,,,,,,,854.0,1109.0,1299.0,1462.0,1591.0,1737.0,1928.0,2088.0,2241.0,2402.0,2543.0,2642.0,2733.0,2801.0,2844.0,2916.0,2941.0,2987.0,3012.0,3046.0,3096.0,3152.0,3196.0,3226.0,3249.0,3265.0,3281.0,3299.0,3319.0,3328.0,3341.0,3354.0,3364.0,3374.0,3378.0,3378.0,3388.0,3394.0,3403.0,3413.0,3418.0,3422.0,3426.0,3437.0,3447.0,3455.0,3462.0,3467.0,3478.0,3485.0,3492.0,3495.0,3508.0,3521.0,3528.0,3534.0,3542.0,3547.0,3551.0,3555.0,3553.0,3560.0,3585.0,3599.0,3608.0,3621.0,3637.0,3651.0,3663.0,3663.0,3676.0,3679.0,3682.0,3680.0,3682.0,3680.0,3693
_pTXNzKoJ94,,,,,,,,,,,,,,,,,,,,,,,,,,,,,,,,,,,,,,,,,,,,,,,,,,,,,,,,,,,,,,,,,,,,,,,,,,,,,,,,,,,,,,,,,,,,,,,,,,,,,,,,,,,,,,,,,,,,,,,,,,,,,,,,,,,,9.0,15.0,17.0,17.0,20.0,20.0,20.0,20.0,20.0,22.0,22.0,22.0,22.0,22.0,22.0,23.0,23.0,23.0,23.0,23.0,23.0,24.0,24.0,24.0,24.0,25.0,25.0,25.0,25.0,25.0,25.0,25.0,25.0,25.0,25.0,25.0,25.0,25.0,25.0,25.0,25.0,25.0,25.0,25.0,25.0,25.0,25.0,25.0,25.0,25.0,25.0,25.0,25.0,26.0,26.0,24.0,24.0,24.0,24.0,24.0,24.0,24.0,24.0,24.0,24.0,24.0,24.0,24.0,24.0,24.0,24.0,24.0,24.0,24.0,24.0,24.0,24
UOvWqzu0AF8,,,,,,,,,,,,,,,,,,,,,,,,,,,,,,,,,,,,,,,,,,,,,,,,,,,,,,,,,,,,,,,,,,,,,,,,,,,,,,,,,,,,,,,,,,,,,,,,,,,,,,,,,,,,,,,,,,,,,,,,,,,,,,,,,,,,4.0,8.0,9.0,9.0,9.0,9.0,10.0,10.0,10.0,11.0,11.0,11.0,11.0,12.0,12.0,12.0,13.0,13.0,13.0,13.0,13.0,14.0,14.0,14.0,14.0,14.0,14.0,14.0,14.0,14.0,14.0,14.0,14.0,14.0,14.0,14.0,14.0,14.0,14.0,14.0,14.0,14.0,14.0,14.0,14.0,14.0,14.0,14.0,14.0,14.0,14.0,14.0,14.0,14.0,14.0,14.0,14.0,14.0,14.0,14.0,14.0,14.0,14.0,14.0,14.0,14.0,15.0,15.0,15.0,15.0,15.0,15.0,15.0,15.0,15.0,15.0,15
62Tt4m8jOp4,,,,,,,,,,,,,,,,,,,,,,,,,,,,,,,,,,,,,,,,,,,,,,,,,,,,,,,,,,,,,,,,,,,,,,,,,,,,,,,,,,,,,,,,,,,,,,,,,,,,,,,,,,,,,,,,,,,,,,,,,,,,,,,,,,,,,44.0,44.0,44.0,46.0,49.0,52.0,55.0,56.0,59.0,60.0,62.0,64.0,76.0,78.0,80.0,84.0,87.0,87.0,87.0,87.0,90.0,91.0,91.0,92.0,94.0,95.0,95.0,95.0,95.0,95.0,96.0,96.0,96.0,96.0,96.0,96.0,96.0,96.0,96.0,96.0,96.0,96.0,96.0,96.0,96.0,96.0,96.0,96.0,96.0,96.0,96.0,96.0,96.0,96.0,96.0,97.0,98.0,98.0,98.0,98.0,98.0,98.0,98.0,98.0,98.0,98.0,70.0,71.0,72.0,72.0,72.0,72.0,72.0,72.0,72.0,72
su12CXASZc4,,,,,,,,,,,,,,,,,,,,,,,,,,,,,,,,,,,,,,,,,,,,,,,,,,,,,,,,,,,,,,,,,,,,,,,,,,,,,,,,,,,,,,,,,,,,,,,,,,,,,,,,,,,,,,,,,,,,,,,,,,,,,,,,,,,,,16.0,30.0,33.0,36.0,37.0,37.0,39.0,39.0,39.0,39.0,39.0,39.0,39.0,39.0,39.0,39.0,40.0,40.0,39.0,39.0,41.0,41.0,41.0,41.0,41.0,41.0,41.0,41.0,41.0,41.0,41.0,41.0,41.0,41.0,41.0,41.0,41.0,41.0,41.0,42.0,42.0,42.0,42.0,42.0,42.0,42.0,42.0,42.0,42.0,42.0,42.0,42.0,42.0,42.0,42.0,42.0,42.0,42.0,42.0,42.0,42.0,43.0,43.0,43.0,43.0,44.0,44.0,44.0,44.0,44.0,45.0,44.0,44.0,44.0,44.0,44
UvWXWGhZin8,,,,,,,,,,,,,,,,,,,,,,,,,,,,,,,,,,,,,,,,,,,,,,,,,,,,,,,,,,,,,,,,,,,,,,,,,,,,,,,,,,,,,,,,,,,,,,,,,,,,,,,,,,,,,,,,,,,,,,,,,,,,,,,,,,,,,497.0,818.0,,,,,,,,,,,,,,,,,,,,,,,,,,,,,,,,,,,,,,,,,,,,,,,,,,,,,,,,,,,,,,,,,,,,,,,,,,
C4aZk3URd-o,,,,,,,,,,,,,,,,,,,,,,,,,,,,,,,,,,,,,,,,,,,,,,,,,,,,,,,,,,,,,,,,,,,,,,,,,,,,,,,,,,,,,,,,,,,,,,,,,,,,,,,,,,,,,,,,,,,,,,,,,,,,,,,,,,,,,0.0,0.0,0.0,0.0,0.0,0.0,0.0,0.0,0.0,0.0,0.0,0.0,0.0,0.0,0.0,0.0,0.0,0.0,0.0,0.0,0.0,0.0,0.0,0.0,0.0,0.0,0.0,0.0,0.0,0.0,0.0,0.0,0.0,0.0,0.0,0.0,0.0,0.0,0.0,0.0,0.0,0.0,0.0,0.0,0.0,0.0,0.0,0.0,0.0,0.0,0.0,0.0,0.0,0.0,0.0,0.0,0.0,0.0,0.0,0.0,0.0,0.0,0.0,0.0,0.0,0.0,0.0,0.0,0.0,0.0,0.0,0.0,0.0,0.0,0.0,0
yMyXXPDv3ek,,,,,,,,,,,,,,,,,,,,,,,,,,,,,,,,,,,,,,,,,,,,,,,,,,,,,,,,,,,,,,,,,,,,,,,,,,,,,,,,,,,,,,,,,,,,,,,,,,,,,,,,,,,,,,,,,,,,,,,,,,,,,,,,,,,,,370.0,370.0,370.0,370.0,370.0,370.0,371.0,371.0,371.0,371.0,371.0,371.0,372.0,372.0,372.0,373.0,374.0,374.0,374.0,374.0,374.0,374.0,374.0,374.0,374.0,374.0,374.0,374.0,374.0,374.0,374.0,374.0,374.0,375.0,375.0,375.0,375.0,375.0,375.0,375.0,375.0,375.0,375.0,375.0,375.0,375.0,375.0,375.0,375.0,375.0,375.0,376.0,376.0,376.0,376.0,376.0,376.0,376.0,376.0,376.0,376.0,376.0,376.0,376.0,376.0,376.0,376.0,376.0,376.0,376.0,376.0,376.0,377.0,377.0,377.0,378
Ew65b9BMrjU,,,,,,,,,,,,,,,,,,,,,,,,,,,,,,,,,,,,,,,,,,,,,,,,,,,,,,,,,,,,,,,,,,,,,,,,,,,,,,,,,,,,,,,,,,,,,,,,,,,,,,,,,,,,,,,,,,,,,,,,,,,,,,,,,,,,,1423.0,1687.0,1778.0,1820.0,1866.0,1898.0,1930.0,1940.0,1950.0,1959.0,1970.0,1980.0,1983.0,1986.0,1989.0,1997.0,2004.0,2010.0,2014.0,2017.0,2015.0,2018.0,2022.0,2023.0,2022.0,2023.0,2027.0,2026.0,2025.0,2025.0,2028.0,2028.0,2029.0,2029.0,2029.0,2032.0,2031.0,2030.0,2029.0,2030.0,2033.0,2034.0,2034.0,2035.0,2035.0,2027.0,2027.0,2027.0,2027.0,2026.0,2027.0,2030.0,2032.0,2031.0,2028.0,2028.0,2031.0,2033.0,2035.0,2035.0,2036.0,2036.0,2037.0,2038.0,2039.0,2038.0,2038.0,2038.0,2038.0,2037.0,2037.0,2037.0,2038.0,2035.0,2036.0,2036
e53PTUZXXy4,,,,,,,,,,,,,,,,,,,,,,,,,,,,,,,,,,,,,,,,,,,,,,,,,,,,,,,,,,,,,,,,,,,,,,,,,,,,,,,,,,,,,,,,,,,,,,,,,,,,,,,,,,,,,,,,,,,,,,,,,,,,,,,,,,,,,6.0,8.0,8.0,10.0,11.0,14.0,14.0,15.0,15.0,17.0,18.0,18.0,19.0,19.0,19.0,20.0,21.0,22.0,22.0,22.0,22.0,22.0,22.0,23.0,24.0,24.0,24.0,24.0,24.0,24.0,24.0,24.0,24.0,24.0,24.0,24.0,24.0,24.0,24.0,24.0,24.0,24.0,24.0,24.0,24.0,24.0,24.0,24.0,24.0,24.0,24.0,24.0,24.0,24.0,24.0,24.0,24.0,24.0,24.0,24.0,24.0,24.0,24.0,24.0,24.0,24.0,24.0,24.0,24.0,25.0,25.0,25.0,25.0,25.0,25.0,25
TeWDXpHyI88,,,,,,,,,,,,,,,,,,,,,,,,,,,,,,,,,,,,,,,,,,,,,,,,,,,,,,,,,,,,,,,,,,,,,,,,,,,,,,,,,,,,,,,,,,,,,,,,,,,,,,,,,,,,,,,,,,,,,,,,,,,,,,,,,,,,,158.0,203.0,215.0,225.0,231.0,242.0,241.0,241.0,242.0,244.0,244.0,245.0,245.0,247.0,247.0,248.0,249.0,250.0,251.0,253.0,253.0,254.0,255.0,257.0,257.0,257.0,257.0,257.0,257.0,259.0,259.0,260.0,260.0,260.0,260.0,260.0,260.0,260.0,260.0,260.0,260.0,260.0,259.0,259.0,259.0,259.0,259.0,259.0,259.0,260.0,260.0,261.0,261.0,261.0,261.0,261.0,261.0,261.0,261.0,261.0,261.0,262.0,262.0,263.0,263.0,263.0,263.0,263.0,263.0,263.0,265.0,267.0,267.0,268.0,268.0,268
PdSsC7aAIwI,,,,,,,,,,,,,,,,,,,,,,,,,,,,,,,,,,,,,,,,,,,,,,,,,,,,,,,,,,,,,,,,,,,,,,,,,,,,,,,,,,,,,,,,,,,,,,,,,,,,,,,,,,,,,,,,,,,,,,,,,,,,,,,,,,,,,46.0,68.0,79.0,84.0,86.0,86.0,86.0,89.0,90.0,90.0,90.0,90.0,90.0,90.0,90.0,90.0,91.0,93.0,94.0,94.0,94.0,94.0,94.0,94.0,94.0,94.0,94.0,94.0,94.0,94.0,95.0,95.0,95.0,95.0,95.0,95.0,95.0,95.0,95.0,95.0,96.0,96.0,96.0,96.0,96.0,96.0,96.0,96.0,96.0,96.0,96.0,95.0,98.0,98.0,98.0,98.0,98.0,98.0,98.0,98.0,98.0,98.0,98.0,98.0,98.0,98.0,98.0,98.0,98.0,98.0,98.0,98.0,98.0,98.0,98.0,98
uPm5_b-wJfg,,,,,,,,,,,,,,,,,,,,,,,,,,,,,,,,,,,,,,,,,,,,,,,,,,,,,,,,,,,,,,,,,,,,,,,,,,,,,,,,,,,,,,,,,,,,,,,,,,,,,,,,,,,,,,,,,,,,,,,,,,,,,,,,,,,,,3.0,6.0,7.0,8.0,8.0,11.0,11.0,11.0,13.0,13.0,13.0,14.0,14.0,15.0,15.0,15.0,15.0,15.0,15.0,15.0,15.0,15.0,15.0,15.0,15.0,15.0,16.0,16.0,16.0,17.0,17.0,17.0,17.0,17.0,17.0,17.0,17.0,17.0,17.0,17.0,17.0,17.0,17.0,17.0,17.0,17.0,17.0,17.0,17.0,17.0,17.0,17.0,17.0,17.0,17.0,17.0,17.0,17.0,17.0,17.0,17.0,17.0,17.0,17.0,17.0,17.0,17.0,17.0,17.0,17.0,17.0,17.0,17.0,17.0,17.0,17
Pu2uhdxMTws,,,,,,,,,,,,,,,,,,,,,,,,,,,,,,,,,,,,,,,,,,,,,,,,,,,,,,,,,,,,,,,,,,,,,,,,,,,,,,,,,,,,,,,,,,,,,,,,,,,,,,,,,,,,,,,,,,,,,,,,,,,,,,,,,,,,,,256.0,494.0,631.0,698.0,735.0,753.0,767.0,782.0,788.0,791.0,794.0,798.0,800.0,804.0,812.0,814.0,816.0,817.0,817.0,816.0,818.0,819.0,820.0,821.0,823.0,825.0,825.0,826.0,829.0,829.0,830.0,830.0,830.0,830.0,832.0,832.0,832.0,832.0,832.0,832.0,832.0,832.0,832.0,833.0,831.0,831.0,830.0,830.0,831.0,831.0,830.0,830.0,830.0,830.0,831.0,832.0,832.0,832.0,832.0,832.0,832.0,832.0,832.0,833.0,832.0,831.0,833.0,833.0,833.0,833.0,833.0,833.0,832.0,833.0,833
zyvi6HkDqxE,,,,,,,,,,,,,,,,,,,,,,,,,,,,,,,,,,,,,,,,,,,,,,,,,,,,,,,,,,,,,,,,,,,,,,,,,,,,,,,,,,,,,,,,,,,,,,,,,,,,,,,,,,,,,,,,,,,,,,,,,,,,,,,,,,,,,,26.0,26.0,26.0,26.0,26.0,26.0,26.0,26.0,26.0,26.0,26.0,26.0,26.0,26.0,26.0,26.0,26.0,26.0,26.0,26.0,26.0,27.0,27.0,27.0,27.0,27.0,27.0,27.0,27.0,27.0,27.0,27.0,27.0,27.0,27.0,27.0,27.0,27.0,27.0,27.0,27.0,27.0,27.0,27.0,27.0,27.0,27.0,27.0,27.0,27.0,27.0,27.0,27.0,27.0,27.0,27.0,27.0,27.0,27.0,27.0,27.0,27.0,27.0,27.0,27.0,27.0,27.0,27.0,27.0,27.0,27.0,27.0,27.0,27.0,27
FhlnthSvGNM,,,,,,,,,,,,,,,,,,,,,,,,,,,,,,,,,,,,,,,,,,,,,,,,,,,,,,,,,,,,,,,,,,,,,,,,,,,,,,,,,,,,,,,,,,,,,,,,,,,,,,,,,,,,,,,,,,,,,,,,,,,,,,,,,,,,,,,,,,,,,,,,,,,,,,,,,,,,,,,,,,,,,,,,,,,,,,,,,,,,,,,,,,,,,,,,,,,,,,,,,,,,,,,,
HjxZvWCcfy8,,,,,,,,,,,,,,,,,,,,,,,,,,,,,,,,,,,,,,,,,,,,,,,,,,,,,,,,,,,,,,,,,,,,,,,,,,,,,,,,,,,,,,,,,,,,,,,,,,,,,,,,,,,,,,,,,,,,,,,,,,,,,,,,,,,,,,102.0,134.0,144.0,153.0,158.0,164.0,168.0,171.0,171.0,173.0,175.0,177.0,179.0,180.0,181.0,182.0,185.0,189.0,190.0,190.0,191.0,191.0,191.0,191.0,192.0,192.0,192.0,192.0,193.0,193.0,193.0,193.0,193.0,194.0,194.0,194.0,194.0,193.0,195.0,196.0,196.0,196.0,196.0,196.0,196.0,196.0,196.0,196.0,197.0,197.0,197.0,197.0,198.0,198.0,198.0,198.0,199.0,199.0,199.0,199.0,199.0,199.0,199.0,199.0,199.0,199.0,199.0,199.0,199.0,199.0,199.0,199.0,199.0,199.0,199
yCgjiYmRtGE,,,,,,,,,,,,,,,,,,,,,,,,,,,,,,,,,,,,,,,,,,,,,,,,,,,,,,,,,,,,,,,,,,,,,,,,,,,,,,,,,,,,,,,,,,,,,,,,,,,,,,,,,,,,,,,,,,,,,,,,,,,,,,,,,,,,,,20.0,24.0,24.0,25.0,26.0,26.0,29.0,30.0,32.0,33.0,33.0,33.0,33.0,36.0,37.0,37.0,37.0,37.0,37.0,37.0,38.0,38.0,39.0,39.0,39.0,39.0,39.0,40.0,40.0,40.0,40.0,40.0,41.0,41.0,41.0,41.0,41.0,42.0,42.0,42.0,42.0,42.0,42.0,42.0,43.0,42.0,42.0,42.0,43.0,43.0,43.0,43.0,43.0,43.0,43.0,43.0,43.0,43.0,43.0,43.0,44.0,44.0,44.0,44.0,44.0,44.0,44.0,44.0,44.0,44.0,44.0,44.0,44.0,44.0,44
DY-TO23IG18,,,,,,,,,,,,,,,,,,,,,,,,,,,,,,,,,,,,,,,,,,,,,,,,,,,,,,,,,,,,,,,,,,,,,,,,,,,,,,,,,,,,,,,,,,,,,,,,,,,,,,,,,,,,,,,,,,,,,,,,,,,,,,,,,,,,,,0.0,0.0,0.0,0.0,0.0,0.0,0.0,0.0,0.0,0.0,0.0,0.0,0.0,0.0,0.0,0.0,0.0,0.0,0.0,0.0,0.0,0.0,0.0,0.0,0.0,0.0,0.0,0.0,0.0,0.0,0.0,0.0,0.0,0.0,0.0,0.0,0.0,0.0,0.0,0.0,0.0,0.0,0.0,0.0,0.0,0.0,0.0,0.0,0.0,0.0,0.0,0.0,0.0,0.0,0.0,0.0,0.0,0.0,0.0,0.0,0.0,0.0,0.0,0.0,0.0,0.0,0.0,0.0,0.0,0.0,0.0,0.0,0.0,0.0,0
CG5dE5vaD7s,,,,,,,,,,,,,,,,,,,,,,,,,,,,,,,,,,,,,,,,,,,,,,,,,,,,,,,,,,,,,,,,,,,,,,,,,,,,,,,,,,,,,,,,,,,,,,,,,,,,,,,,,,,,,,,,,,,,,,,,,,,,,,,,,,,,,,548.0,548.0,550.0,550.0,549.0,549.0,549.0,549.0,551.0,552.0,551.0,553.0,552.0,552.0,553.0,553.0,553.0,553.0,553.0,551.0,551.0,551.0,550.0,548.0,548.0,548.0,547.0,547.0,547.0,547.0,547.0,547.0,547.0,547.0,546.0,545.0,545.0,545.0,545.0,545.0,545.0,545.0,545.0,546.0,546.0,546.0,546.0,546.0,546.0,546.0,546.0,545.0,545.0,545.0,545.0,545.0,545.0,545.0,545.0,545.0,545.0,545.0,547.0,549.0,549.0,549.0,548.0,546.0,546.0,546.0,546.0,547.0,547.0,547.0,0
NGyCzUHjorI,,,,,,,,,,,,,,,,,,,,,,,,,,,,,,,,,,,,,,,,,,,,,,,,,,,,,,,,,,,,,,,,,,,,,,,,,,,,,,,,,,,,,,,,,,,,,,,,,,,,,,,,,,,,,,,,,,,,,,,,,,,,,,,,,,,,,,852.0,865.0,871.0,874.0,875.0,879.0,883.0,884.0,885.0,885.0,885.0,885.0,872.0,875.0,874.0,873.0,873.0,872.0,871.0,875.0,875.0,875.0,874.0,875.0,875.0,875.0,875.0,875.0,875.0,875.0,876.0,876.0,876.0,876.0,877.0,878.0,879.0,879.0,877.0,877.0,878.0,878.0,878.0,879.0,879.0,880.0,880.0,880.0,880.0,880.0,880.0,880.0,880.0,880.0,880.0,880.0,880.0,881.0,881.0,880.0,880.0,880.0,880.0,880.0,880.0,880.0,880.0,880.0,879.0,879.0,880.0,880.0,880.0,880.0,880
AgqTpVY_T_k,,,,,,,,,,,,,,,,,,,,,,,,,,,,,,,,,,,,,,,,,,,,,,,,,,,,,,,,,,,,,,,,,,,,,,,,,,,,,,,,,,,,,,,,,,,,,,,,,,,,,,,,,,,,,,,,,,,,,,,,,,,,,,,,,,,,,,957.0,1642.0,1937.0,2119.0,2258.0,2419.0,2581.0,2722.0,2818.0,2884.0,2946.0,2989.0,3033.0,3079.0,3093.0,3132.0,3148.0,3195.0,3216.0,3231.0,3239.0,3243.0,3250.0,3249.0,3260.0,3269.0,3275.0,3291.0,3297.0,3302.0,3315.0,3328.0,3332.0,3334.0,3343.0,3349.0,3356.0,3362.0,3364.0,3369.0,3374.0,3379.0,3386.0,3386.0,3387.0,3396.0,3401.0,3406.0,3408.0,3409.0,3412.0,3419.0,3426.0,3429.0,3432.0,3436.0,3436.0,3436.0,3438.0,3438.0,3438.0,3458.0,3462.0,3460.0,3465.0,3462.0,3466.0,3468.0,3468.0,3468.0,3469.0,3473.0,3472.0,3472.0,3475
jWSHTjNRQBU,,,,,,,,,,,,,,,,,,,,,,,,,,,,,,,,,,,,,,,,,,,,,,,,,,,,,,,,,,,,,,,,,,,,,,,,,,,,,,,,,,,,,,,,,,,,,,,,,,,,,,,,,,,,,,,,,,,,,,,,,,,,,,,,,,,,,,0.0,0.0,0.0,0.0,0.0,0.0,0.0,0.0,0.0,0.0,0.0,0.0,0.0,0.0,0.0,0.0,0.0,0.0,0.0,0.0,0.0,0.0,0.0,0.0,0.0,0.0,1.0,1.0,1.0,1.0,1.0,1.0,1.0,1.0,1.0,1.0,1.0,1.0,1.0,1.0,1.0,1.0,1.0,1.0,1.0,1.0,1.0,1.0,1.0,1.0,1.0,1.0,1.0,1.0,1.0,1.0,1.0,1.0,1.0,1.0,1.0,1.0,1.0,1.0,1.0,1.0,1.0,1.0,1.0,1.0,1.0,1.0,1.0,1.0,1
53Ot9E5QG_I,,,,,,,,,,,,,,,,,,,,,,,,,,,,,,,,,,,,,,,,,,,,,,,,,,,,,,,,,,,,,,,,,,,,,,,,,,,,,,,,,,,,,,,,,,,,,,,,,,,,,,,,,,,,,,,,,,,,,,,,,,,,,,,,,,,,,,1378.0,1593.0,1685.0,1737.0,1782.0,1812.0,1835.0,1847.0,1854.0,1858.0,1863.0,1867.0,1871.0,1876.0,1882.0,1886.0,1892.0,1893.0,1895.0,1897.0,1897.0,1898.0,1900.0,1911.0,1916.0,1916.0,1916.0,1916.0,1917.0,1917.0,1920.0,1920.0,1921.0,1922.0,1922.0,1922.0,1922.0,1924.0,1924.0,1924.0,1923.0,1923.0,1925.0,1924.0,1924.0,1923.0,1922.0,1922.0,1923.0,1924.0,1922.0,1923.0,1923.0,1923.0,1923.0,1925.0,1926.0,1927.0,1928.0,1929.0,1930.0,1930.0,1931.0,1930.0,1931.0,1931.0,1932.0,1932.0,1931.0,1932.0,1932.0,1933.0,1933.0,1933.0,1933
S4zNFHjz88k,,,,,,,,,,,,,,,,,,,,,,,,,,,,,,,,,,,,,,,,,,,,,,,,,,,,,,,,,,,,,,,,,,,,,,,,,,,,,,,,,,,,,,,,,,,,,,,,,,,,,,,,,,,,,,,,,,,,,,,,,,,,,,,,,,,,,,,9.0,9.0,9.0,9.0,11.0,12.0,12.0,12.0,12.0,12.0,12.0,12.0,12.0,12.0,12.0,12.0,12.0,12.0,12.0,12.0,12.0,12.0,12.0,12.0,12.0,12.0,12.0,12.0,12.0,12.0,13.0,13.0,13.0,13.0,13.0,13.0,13.0,13.0,13.0,13.0,13.0,13.0,13.0,13.0,13.0,13.0,13.0,13.0,13.0,13.0,13.0,13.0,13.0,13.0,13.0,13.0,13.0,13.0,13.0,13.0,13.0,13.0,13.0,13.0,13.0,13.0,13.0,13.0,13.0,13.0,13.0,13.0,13.0,13
JywM-nQjIyo,,,,,,,,,,,,,,,,,,,,,,,,,,,,,,,,,,,,,,,,,,,,,,,,,,,,,,,,,,,,,,,,,,,,,,,,,,,,,,,,,,,,,,,,,,,,,,,,,,,,,,,,,,,,,,,,,,,,,,,,,,,,,,,,,,,,,,,9.0,9.0,9.0,9.0,9.0,9.0,9.0,9.0,9.0,9.0,9.0,9.0,9.0,9.0,9.0,9.0,9.0,9.0,9.0,9.0,9.0,9.0,9.0,9.0,9.0,9.0,9.0,9.0,9.0,9.0,9.0,9.0,9.0,9.0,9.0,9.0,9.0,9.0,9.0,9.0,9.0,9.0,9.0,9.0,9.0,9.0,9.0,9.0,9.0,9.0,9.0,9.0,9.0,9.0,9.0,9.0,9.0,9.0,9.0,9.0,9.0,9.0,9.0,9.0,9.0,9.0,9.0,9.0,9.0,9.0,9.0,9.0,9.0,9
NiNXwI_Y1So,,,,,,,,,,,,,,,,,,,,,,,,,,,,,,,,,,,,,,,,,,,,,,,,,,,,,,,,,,,,,,,,,,,,,,,,,,,,,,,,,,,,,,,,,,,,,,,,,,,,,,,,,,,,,,,,,,,,,,,,,,,,,,,,,,,,,,,544.0,554.0,562.0,570.0,530.0,532.0,532.0,535.0,538.0,541.0,543.0,547.0,549.0,552.0,554.0,555.0,556.0,559.0,563.0,564.0,565.0,567.0,569.0,571.0,571.0,571.0,571.0,572.0,576.0,576.0,577.0,578.0,579.0,579.0,583.0,583.0,581.0,587.0,587.0,588.0,588.0,588.0,588.0,589.0,589.0,588.0,589.0,591.0,589.0,621.0,621.0,587.0,588.0,589.0,591.0,592.0,594.0,596.0,597.0,598.0,598.0,599.0,599.0,600.0,601.0,602.0,603.0,607.0,610.0,611.0,612.0,612.0,612.0,612
w_mxESFUfIs,,,,,,,,,,,,,,,,,,,,,,,,,,,,,,,,,,,,,,,,,,,,,,,,,,,,,,,,,,,,,,,,,,,,,,,,,,,,,,,,,,,,,,,,,,,,,,,,,,,,,,,,,,,,,,,,,,,,,,,,,,,,,,,,,,,,,,,176.0,192.0,201.0,212.0,212.0,214.0,214.0,214.0,214.0,216.0,217.0,217.0,219.0,219.0,219.0,219.0,219.0,219.0,219.0,219.0,219.0,219.0,219.0,220.0,222.0,222.0,222.0,222.0,220.0,220.0,220.0,220.0,219.0,219.0,219.0,219.0,219.0,219.0,219.0,220.0,220.0,220.0,220.0,220.0,220.0,220.0,220.0,220.0,220.0,220.0,220.0,220.0,220.0,220.0,220.0,220.0,220.0,220.0,220.0,220.0,220.0,220.0,220.0,220.0,220.0,220.0,220.0,220.0,220.0,220.0,220.0,220.0,220.0,220
4FDxvpdvx9s,,,,,,,,,,,,,,,,,,,,,,,,,,,,,,,,,,,,,,,,,,,,,,,,,,,,,,,,,,,,,,,,,,,,,,,,,,,,,,,,,,,,,,,,,,,,,,,,,,,,,,,,,,,,,,,,,,,,,,,,,,,,,,,,,,,,,,,,196.0,197.0,199.0,210.0,223.0,233.0,238.0,242.0,242.0,242.0,242.0,244.0,248.0,247.0,249.0,251.0,252.0,252.0,253.0,253.0,253.0,253.0,253.0,253.0,253.0,253.0,253.0,254.0,255.0,255.0,256.0,256.0,256.0,257.0,260.0,260.0,260.0,260.0,260.0,260.0,260.0,260.0,260.0,260.0,261.0,261.0,261.0,261.0,261.0,262.0,262.0,262.0,263.0,262.0,262.0,262.0,262.0,262.0,263.0,263.0,263.0,257.0,257.0,257.0,257.0,257.0,257.0,257.0,257.0,258.0,258.0,258.0,258
UwceugNYOuE,,,,,,,,,,,,,,,,,,,,,,,,,,,,,,,,,,,,,,,,,,,,,,,,,,,,,,,,,,,,,,,,,,,,,,,,,,,,,,,,,,,,,,,,,,,,,,,,,,,,,,,,,,,,,,,,,,,,,,,,,,,,,,,,,,,,,,,,148.0,148.0,148.0,148.0,148.0,148.0,148.0,148.0,148.0,148.0,148.0,148.0,148.0,148.0,148.0,148.0,148.0,148.0,148.0,148.0,148.0,148.0,148.0,148.0,148.0,148.0,148.0,148.0,148.0,148.0,148.0,148.0,149.0,149.0,149.0,149.0,149.0,149.0,149.0,149.0,150.0,150.0,150.0,150.0,150.0,150.0,150.0,150.0,150.0,150.0,150.0,150.0,150.0,150.0,150.0,150.0,150.0,150.0,150.0,150.0,150.0,150.0,151.0,151.0,151.0,151.0,151.0,151.0,151.0,151.0,152.0,152.0,152
2Zwr4v1iwQM,,,,,,,,,,,,,,,,,,,,,,,,,,,,,,,,,,,,,,,,,,,,,,,,,,,,,,,,,,,,,,,,,,,,,,,,,,,,,,,,,,,,,,,,,,,,,,,,,,,,,,,,,,,,,,,,,,,,,,,,,,,,,,,,,,,,,,,,11.0,11.0,11.0,11.0,11.0,11.0,11.0,11.0,11.0,11.0,11.0,11.0,11.0,11.0,11.0,12.0,12.0,12.0,12.0,12.0,12.0,12.0,13.0,13.0,13.0,13.0,13.0,13.0,13.0,13.0,13.0,13.0,13.0,13.0,13.0,14.0,14.0,14.0,14.0,14.0,14.0,14.0,14.0,14.0,14.0,14.0,14.0,14.0,15.0,15.0,15.0,15.0,15.0,15.0,15.0,15.0,15.0,15.0,15.0,15.0,15.0,15.0,15.0,15.0,15.0,15.0,15.0,15.0,15.0,15.0,15.0,15.0,15
-7NfQDh-Q2I,,,,,,,,,,,,,,,,,,,,,,,,,,,,,,,,,,,,,,,,,,,,,,,,,,,,,,,,,,,,,,,,,,,,,,,,,,,,,,,,,,,,,,,,,,,,,,,,,,,,,,,,,,,,,,,,,,,,,,,,,,,,,,,,,,,,,,,,6.0,6.0,6.0,6.0,6.0,6.0,6.0,6.0,6.0,6.0,6.0,6.0,6.0,6.0,6.0,6.0,6.0,6.0,6.0,6.0,6.0,6.0,6.0,6.0,6.0,6.0,6.0,6.0,6.0,6.0,6.0,6.0,6.0,6.0,6.0,6.0,6.0,6.0,6.0,6.0,6.0,6.0,6.0,6.0,6.0,6.0,6.0,6.0,6.0,6.0,6.0,6.0,6.0,6.0,6.0,6.0,6.0,6.0,6.0,6.0,6.0,6.0,6.0,6.0,6.0,6.0,6.0,6.0,6.0,6.0,6.0,6.0,6
-E1PQSTNx9A,,,,,,,,,,,,,,,,,,,,,,,,,,,,,,,,,,,,,,,,,,,,,,,,,,,,,,,,,,,,,,,,,,,,,,,,,,,,,,,,,,,,,,,,,,,,,,,,,,,,,,,,,,,,,,,,,,,,,,,,,,,,,,,,,,,,,,,,167.0,167.0,168.0,168.0,168.0,168.0,168.0,168.0,168.0,168.0,168.0,168.0,168.0,167.0,167.0,168.0,168.0,168.0,168.0,168.0,168.0,168.0,168.0,168.0,168.0,168.0,169.0,169.0,169.0,169.0,169.0,169.0,169.0,169.0,169.0,169.0,169.0,169.0,169.0,169.0,169.0,169.0,169.0,169.0,169.0,169.0,170.0,170.0,170.0,170.0,170.0,170.0,170.0,167.0,167.0,167.0,167.0,167.0,167.0,167.0,167.0,167.0,167.0,167.0,167.0,167.0,167.0,167.0,167.0,167.0,167.0,167.0,167
Zlw_EjSsxAg,,,,,,,,,,,,,,,,,,,,,,,,,,,,,,,,,,,,,,,,,,,,,,,,,,,,,,,,,,,,,,,,,,,,,,,,,,,,,,,,,,,,,,,,,,,,,,,,,,,,,,,,,,,,,,,,,,,,,,,,,,,,,,,,,,,,,,,,161.0,186.0,199.0,208.0,215.0,225.0,234.0,255.0,271.0,290.0,302.0,315.0,322.0,331.0,334.0,344.0,353.0,355.0,363.0,368.0,370.0,376.0,382.0,386.0,397.0,399.0,400.0,401.0,402.0,406.0,408.0,408.0,408.0,410.0,413.0,419.0,429.0,431.0,440.0,442.0,450.0,451.0,453.0,456.0,461.0,461.0,463.0,463.0,463.0,465.0,464.0,465.0,465.0,465.0,465.0,469.0,470.0,472.0,472.0,472.0,473.0,474.0,474.0,474.0,474.0,475.0,476.0,477.0,477.0,477.0,478.0,478.0,479
qqbJGLFPMkM,,,,,,,,,,,,,,,,,,,,,,,,,,,,,,,,,,,,,,,,,,,,,,,,,,,,,,,,,,,,,,,,,,,,,,,,,,,,,,,,,,,,,,,,,,,,,,,,,,,,,,,,,,,,,,,,,,,,,,,,,,,,,,,,,,,,,,,,17.0,22.0,27.0,30.0,35.0,38.0,40.0,42.0,45.0,51.0,55.0,59.0,61.0,60.0,62.0,62.0,63.0,63.0,64.0,66.0,67.0,68.0,68.0,68.0,68.0,68.0,68.0,68.0,68.0,68.0,68.0,68.0,68.0,68.0,69.0,69.0,69.0,69.0,69.0,69.0,69.0,69.0,69.0,69.0,69.0,69.0,69.0,69.0,69.0,69.0,70.0,70.0,70.0,70.0,70.0,70.0,70.0,71.0,71.0,71.0,71.0,71.0,71.0,71.0,71.0,71.0,71.0,71.0,71.0,71.0,71.0,71.0,71
ZOA1HiEytzE,,,,,,,,,,,,,,,,,,,,,,,,,,,,,,,,,,,,,,,,,,,,,,,,,,,,,,,,,,,,,,,,,,,,,,,,,,,,,,,,,,,,,,,,,,,,,,,,,,,,,,,,,,,,,,,,,,,,,,,,,,,,,,,,,,,,,,,,4.0,10.0,10.0,11.0,13.0,14.0,14.0,14.0,14.0,14.0,14.0,14.0,14.0,14.0,14.0,14.0,16.0,17.0,17.0,17.0,17.0,17.0,17.0,18.0,19.0,19.0,19.0,19.0,19.0,19.0,19.0,19.0,19.0,19.0,19.0,19.0,19.0,19.0,19.0,19.0,19.0,19.0,19.0,19.0,19.0,19.0,19.0,19.0,19.0,19.0,19.0,19.0,19.0,19.0,19.0,19.0,19.0,19.0,19.0,19.0,19.0,19.0,19.0,19.0,19.0,19.0,19.0,19.0,19.0,19.0,19.0,20.0,20
EtFy8BIkKX0,,,,,,,,,,,,,,,,,,,,,,,,,,,,,,,,,,,,,,,,,,,,,,,,,,,,,,,,,,,,,,,,,,,,,,,,,,,,,,,,,,,,,,,,,,,,,,,,,,,,,,,,,,,,,,,,,,,,,,,,,,,,,,,,,,,,,,,,33.0,33.0,33.0,33.0,33.0,33.0,33.0,33.0,33.0,33.0,33.0,33.0,33.0,33.0,33.0,33.0,33.0,33.0,33.0,33.0,33.0,33.0,33.0,33.0,33.0,33.0,33.0,33.0,33.0,33.0,33.0,33.0,33.0,33.0,33.0,33.0,33.0,33.0,33.0,33.0,33.0,33.0,33.0,33.0,33.0,33.0,33.0,33.0,33.0,33.0,33.0,33.0,33.0,33.0,33.0,33.0,33.0,33.0,33.0,33.0,33.0,33.0,33.0,33.0,33.0,33.0,33.0,33.0,33.0,33.0,33.0,33.0,33
PDvastsibCQ,,,,,,,,,,,,,,,,,,,,,,,,,,,,,,,,,,,,,,,,,,,,,,,,,,,,,,,,,,,,,,,,,,,,,,,,,,,,,,,,,,,,,,,,,,,,,,,,,,,,,,,,,,,,,,,,,,,,,,,,,,,,,,,,,,,,,,,,0.0,0.0,0.0,0.0,0.0,0.0,0.0,0.0,0.0,0.0,0.0,0.0,0.0,0.0,0.0,0.0,0.0,0.0,0.0,0.0,0.0,0.0,0.0,0.0,0.0,0.0,0.0,0.0,0.0,0.0,0.0,0.0,0.0,0.0,0.0,0.0,0.0,0.0,0.0,0.0,0.0,0.0,0.0,0.0,0.0,0.0,0.0,0.0,0.0,0.0,0.0,0.0,0.0,0.0,0.0,0.0,0.0,0.0,0.0,0.0,0.0,0.0,0.0,0.0,0.0,0.0,0.0,0.0,0.0,0.0,0.0,0.0,0
td0rZwusHlY,,,,,,,,,,,,,,,,,,,,,,,,,,,,,,,,,,,,,,,,,,,,,,,,,,,,,,,,,,,,,,,,,,,,,,,,,,,,,,,,,,,,,,,,,,,,,,,,,,,,,,,,,,,,,,,,,,,,,,,,,,,,,,,,,,,,,,,,0.0,0.0,0.0,0.0,0.0,0.0,0.0,0.0,0.0,0.0,0.0,0.0,0.0,0.0,0.0,0.0,0.0,0.0,0.0,0.0,0.0,0.0,0.0,0.0,0.0,0.0,0.0,0.0,0.0,0.0,0.0,0.0,0.0,0.0,0.0,0.0,0.0,0.0,0.0,0.0,0.0,1.0,1.0,1.0,1.0,1.0,1.0,1.0,1.0,1.0,1.0,1.0,1.0,1.0,1.0,1.0,1.0,1.0,1.0,1.0,1.0,1.0,1.0,1.0,1.0,1.0,1.0,1.0,1.0,2.0,2.0,2.0,2
qNVpJxXXAko,,,,,,,,,,,,,,,,,,,,,,,,,,,,,,,,,,,,,,,,,,,,,,,,,,,,,,,,,,,,,,,,,,,,,,,,,,,,,,,,,,,,,,,,,,,,,,,,,,,,,,,,,,,,,,,,,,,,,,,,,,,,,,,,,,,,,,,,0.0,0.0,0.0,0.0,0.0,0.0,0.0,0.0,0.0,0.0,0.0,0.0,0.0,0.0,0.0,0.0,0.0,0.0,0.0,0.0,0.0,0.0,0.0,0.0,0.0,0.0,0.0,0.0,0.0,0.0,0.0,0.0,0.0,0.0,0.0,0.0,0.0,0.0,0.0,0.0,0.0,0.0,0.0,0.0,0.0,0.0,0.0,0.0,0.0,0.0,0.0,0.0,0.0,0.0,0.0,0.0,0.0,0.0,0.0,0.0,0.0,0.0,0.0,0.0,0.0,0.0,0.0,0.0,0.0,0.0,0.0,0.0,0
jOSyZ_0eORw,,,,,,,,,,,,,,,,,,,,,,,,,,,,,,,,,,,,,,,,,,,,,,,,,,,,,,,,,,,,,,,,,,,,,,,,,,,,,,,,,,,,,,,,,,,,,,,,,,,,,,,,,,,,,,,,,,,,,,,,,,,,,,,,,,,,,,,,0.0,0.0,0.0,0.0,0.0,0.0,0.0,0.0,0.0,0.0,0.0,0.0,0.0,0.0,0.0,0.0,0.0,0.0,0.0,0.0,0.0,0.0,0.0,0.0,0.0,0.0,0.0,0.0,0.0,0.0,0.0,0.0,0.0,0.0,0.0,0.0,0.0,0.0,0.0,0.0,0.0,0.0,0.0,0.0,0.0,0.0,0.0,0.0,0.0,0.0,0.0,0.0,0.0,0.0,0.0,0.0,0.0,0.0,0.0,0.0,0.0,0.0,0.0,0.0,0.0,0.0,0.0,0.0,0.0,0.0,0.0,0.0,0
RkC-XfuwCsM,,,,,,,,,,,,,,,,,,,,,,,,,,,,,,,,,,,,,,,,,,,,,,,,,,,,,,,,,,,,,,,,,,,,,,,,,,,,,,,,,,,,,,,,,,,,,,,,,,,,,,,,,,,,,,,,,,,,,,,,,,,,,,,,,,,,,,,,,3327.0,3437.0,3527.0,3608.0,3686.0,3759.0,3806.0,3849.0,3885.0,3932.0,3971.0,4001.0,4032.0,4054.0,4086.0,4100.0,4118.0,4136.0,4155.0,4170.0,4188.0,4210.0,4224.0,4242.0,4252.0,4264.0,4277.0,4284.0,4291.0,4299.0,4303.0,4312.0,4315.0,4317.0,4321.0,4324.0,4329.0,4333.0,4373.0,4382.0,4390.0,4417.0,4423.0,4435.0,4440.0,4449.0,4453.0,4459.0,4464.0,4469.0,4478.0,4486.0,4489.0,4496.0,4500.0,4508.0,4510.0,4518.0,4522.0,4524.0,4529.0,4535.0,4540.0,4544.0,4542.0,4544.0,4546.0,4549.0,4552.0,4554.0,4558.0,4561
pB3W-k0kQ8U,,,,,,,,,,,,,,,,,,,,,,,,,,,,,,,,,,,,,,,,,,,,,,,,,,,,,,,,,,,,,,,,,,,,,,,,,,,,,,,,,,,,,,,,,,,,,,,,,,,,,,,,,,,,,,,,,,,,,,,,,,,,,,,,,,,,,,,,,2822.0,4045.0,4668.0,5028.0,5293.0,5522.0,5679.0,5843.0,6003.0,6106.0,6199.0,6307.0,6401.0,6520.0,6597.0,6659.0,6736.0,6809.0,6867.0,6932.0,6997.0,7061.0,7110.0,7138.0,7159.0,7169.0,7180.0,7188.0,7156.0,7163.0,7173.0,7176.0,7181.0,7187.0,7194.0,7197.0,7207.0,7213.0,7237.0,7238.0,7248.0,7257.0,7267.0,7269.0,7287.0,7291.0,7298.0,7300.0,7308.0,7309.0,7312.0,7315.0,7319.0,7323.0,7328.0,7334.0,7337.0,7343.0,7349.0,7355.0,7355.0,7360.0,7364.0,7369.0,7370.0,7371.0,7370.0,7374.0,7375.0,7378.0,7386.0,7393
1jKnI_ib8c8,,,,,,,,,,,,,,,,,,,,,,,,,,,,,,,,,,,,,,,,,,,,,,,,,,,,,,,,,,,,,,,,,,,,,,,,,,,,,,,,,,,,,,,,,,,,,,,,,,,,,,,,,,,,,,,,,,,,,,,,,,,,,,,,,,,,,,,,,13918.0,21217.0,23892.0,25498.0,27184.0,28331.0,29282.0,30127.0,30673.0,31053.0,31306.0,31622.0,31811.0,32061.0,32267.0,32406.0,32541.0,32634.0,32763.0,32890.0,32993.0,33104.0,33226.0,33291.0,33391.0,33460.0,33493.0,33548.0,33591.0,33660.0,33737.0,33792.0,33858.0,33887.0,33915.0,33974.0,34012.0,34056.0,34088.0,34132.0,34149.0,34191.0,34235.0,34254.0,34285.0,34325.0,34353.0,34395.0,34432.0,34464.0,34518.0,34583.0,34644.0,34705.0,34811.0,34848.0,34890.0,34905.0,34943.0,34970.0,34994.0,35013.0,35056.0,35090.0,35115.0,35154.0,35183.0,35201.0,35206.0,35239.0,35249.0,35274
tiKgdh4Csj8,,,,,,,,,,,,,,,,,,,,,,,,,,,,,,,,,,,,,,,,,,,,,,,,,,,,,,,,,,,,,,,,,,,,,,,,,,,,,,,,,,,,,,,,,,,,,,,,,,,,,,,,,,,,,,,,,,,,,,,,,,,,,,,,,,,,,,,,,2570.0,3858.0,4577.0,5032.0,5374.0,5595.0,5850.0,5954.0,6057.0,6152.0,6231.0,6326.0,6384.0,6406.0,6453.0,6504.0,6526.0,6557.0,6576.0,6584.0,6609.0,6628.0,6642.0,6650.0,6659.0,6666.0,6668.0,6675.0,6682.0,6692.0,6697.0,6705.0,6715.0,6717.0,6723.0,6730.0,6736.0,6743.0,6743.0,6747.0,6748.0,6753.0,6757.0,6760.0,6771.0,6775.0,6780.0,6781.0,6782.0,6784.0,6789.0,6793.0,6794.0,6796.0,6799.0,6808.0,6812.0,6812.0,6815.0,6819.0,6826.0,6828.0,6833.0,6835.0,6838.0,6839.0,6843.0,6845.0,6848.0,6832.0,6833.0,6837
7QGRDC7ngpE,,,,,,,,,,,,,,,,,,,,,,,,,,,,,,,,,,,,,,,,,,,,,,,,,,,,,,,,,,,,,,,,,,,,,,,,,,,,,,,,,,,,,,,,,,,,,,,,,,,,,,,,,,,,,,,,,,,,,,,,,,,,,,,,,,,,,,,,,13597.0,15788.0,17405.0,18578.0,19492.0,20229.0,21007.0,21744.0,22336.0,22798.0,23334.0,23579.0,24028.0,24195.0,24318.0,24402.0,24468.0,24504.0,24541.0,24576.0,24646.0,24696.0,24743.0,24765.0,24794.0,24804.0,24827.0,24847.0,24883.0,24922.0,24946.0,24943.0,24955.0,24967.0,24986.0,25005.0,25027.0,25040.0,25052.0,25058.0,25074.0,25094.0,25100.0,25108.0,25114.0,25140.0,25144.0,25151.0,25155.0,25167.0,25173.0,25181.0,25190.0,25202.0,25208.0,25211.0,25216.0,25230.0,25234.0,25238.0,25247.0,25257.0,25251.0,25260.0,25259.0,25265.0,25272.0,25268.0,25278.0,25278.0,25287.0,25290
xZJ5f_LrSpI,,,,,,,,,,,,,,,,,,,,,,,,,,,,,,,,,,,,,,,,,,,,,,,,,,,,,,,,,,,,,,,,,,,,,,,,,,,,,,,,,,,,,,,,,,,,,,,,,,,,,,,,,,,,,,,,,,,,,,,,,,,,,,,,,,,,,,,,,0.0,0.0,0.0,0.0,0.0,0.0,0.0,0.0,0.0,0.0,0.0,0.0,0.0,0.0,0.0,0.0,0.0,0.0,0.0,0.0,0.0,0.0,0.0,0.0,0.0,0.0,0.0,0.0,0.0,0.0,0.0,0.0,0.0,0.0,0.0,0.0,0.0,0.0,0.0,0.0,0.0,0.0,0.0,0.0,0.0,0.0,0.0,0.0,0.0,0.0,0.0,0.0,0.0,0.0,0.0,0.0,0.0,0.0,0.0,0.0,0.0,0.0,0.0,0.0,0.0,0.0,0.0,0.0,0.0,0.0,0.0,0
EAltpjVpoQ4,,,,,,,,,,,,,,,,,,,,,,,,,,,,,,,,,,,,,,,,,,,,,,,,,,,,,,,,,,,,,,,,,,,,,,,,,,,,,,,,,,,,,,,,,,,,,,,,,,,,,,,,,,,,,,,,,,,,,,,,,,,,,,,,,,,,,,,,,0.0,0.0,0.0,0.0,0.0,0.0,0.0,0.0,0.0,0.0,0.0,0.0,0.0,0.0,0.0,0.0,0.0,0.0,0.0,0.0,0.0,0.0,0.0,0.0,0.0,0.0,0.0,0.0,0.0,0.0,0.0,0.0,0.0,0.0,0.0,0.0,0.0,0.0,0.0,0.0,0.0,0.0,0.0,0.0,0.0,0.0,0.0,0.0,0.0,0.0,0.0,0.0,0.0,0.0,0.0,0.0,0.0,0.0,0.0,0.0,0.0,0.0,0.0,0.0,0.0,0.0,0.0,0.0,0.0,0.0,0.0,0
n5hA65ilgA8,,,,,,,,,,,,,,,,,,,,,,,,,,,,,,,,,,,,,,,,,,,,,,,,,,,,,,,,,,,,,,,,,,,,,,,,,,,,,,,,,,,,,,,,,,,,,,,,,,,,,,,,,,,,,,,,,,,,,,,,,,,,,,,,,,,,,,,,,11.0,12.0,12.0,12.0,12.0,12.0,12.0,12.0,12.0,12.0,12.0,12.0,13.0,13.0,13.0,13.0,13.0,14.0,14.0,14.0,14.0,14.0,14.0,14.0,14.0,14.0,14.0,14.0,14.0,14.0,14.0,14.0,14.0,14.0,14.0,14.0,14.0,14.0,15.0,15.0,15.0,15.0,15.0,15.0,15.0,15.0,15.0,15.0,15.0,15.0,15.0,15.0,15.0,15.0,15.0,15.0,15.0,15.0,15.0,15.0,15.0,15.0,15.0,15.0,15.0,15.0,15.0,15.0,15.0,15.0,15.0,15
zGNABIZAiYw,,,,,,,,,,,,,,,,,,,,,,,,,,,,,,,,,,,,,,,,,,,,,,,,,,,,,,,,,,,,,,,,,,,,,,,,,,,,,,,,,,,,,,,,,,,,,,,,,,,,,,,,,,,,,,,,,,,,,,,,,,,,,,,,,,,,,,,,,0.0,0.0,0.0,0.0,0.0,0.0,0.0,0.0,0.0,0.0,0.0,0.0,0.0,0.0,0.0,0.0,0.0,0.0,0.0,0.0,0.0,0.0,0.0,0.0,0.0,0.0,0.0,0.0,0.0,0.0,0.0,0.0,0.0,0.0,0.0,0.0,0.0,0.0,0.0,0.0,0.0,0.0,0.0,0.0,0.0,0.0,0.0,0.0,0.0,0.0,0.0,0.0,0.0,0.0,0.0,0.0,0.0,0.0,0.0,0.0,0.0,0.0,0.0,0.0,0.0,0.0,0.0,0.0,0.0,0.0,0.0,0
TU-yT_uMTic,,,,,,,,,,,,,,,,,,,,,,,,,,,,,,,,,,,,,,,,,,,,,,,,,,,,,,,,,,,,,,,,,,,,,,,,,,,,,,,,,,,,,,,,,,,,,,,,,,,,,,,,,,,,,,,,,,,,,,,,,,,,,,,,,,,,,,,,,,1538.0,2632.0,3053.0,3248.0,3459.0,3619.0,3732.0,3761.0,3806.0,3865.0,3894.0,3918.0,3950.0,3974.0,3993.0,4021.0,4041.0,4067.0,4083.0,4105.0,4115.0,4132.0,4155.0,4163.0,4170.0,4181.0,4201.0,4214.0,4222.0,4241.0,4251.0,4259.0,4270.0,4274.0,4278.0,4286.0,4293.0,4297.0,4307.0,4318.0,4325.0,4331.0,4335.0,4346.0,4348.0,4351.0,4360.0,4361.0,4365.0,4366.0,4366.0,4366.0,4371.0,4373.0,4377.0,4380.0,4382.0,4383.0,4384.0,4388.0,4394.0,4399.0,4403.0,4406.0,4408.0,4411.0,4412.0,4414.0,4416.0,4423.0,4427
tTi2uZQsmlo,,,,,,,,,,,,,,,,,,,,,,,,,,,,,,,,,,,,,,,,,,,,,,,,,,,,,,,,,,,,,,,,,,,,,,,,,,,,,,,,,,,,,,,,,,,,,,,,,,,,,,,,,,,,,,,,,,,,,,,,,,,,,,,,,,,,,,,,,,1573.0,1981.0,2129.0,2208.0,2274.0,2306.0,2324.0,2328.0,2344.0,2355.0,2372.0,2383.0,2404.0,2417.0,2423.0,2430.0,2437.0,2445.0,2450.0,2458.0,2463.0,2472.0,2482.0,2489.0,2499.0,2502.0,2505.0,2509.0,2511.0,2519.0,2524.0,2524.0,2523.0,2526.0,2532.0,2535.0,2539.0,2541.0,2543.0,2550.0,2549.0,2550.0,2554.0,2559.0,2559.0,2551.0,2551.0,2552.0,2553.0,2554.0,2559.0,2560.0,2564.0,2567.0,2567.0,2567.0,2569.0,2569.0,2569.0,2573.0,2576.0,2582.0,2583.0,2580.0,2580.0,2584.0,2587.0,2588.0,2594.0,2597.0,2598
kZU1GukHahM,,,,,,,,,,,,,,,,,,,,,,,,,,,,,,,,,,,,,,,,,,,,,,,,,,,,,,,,,,,,,,,,,,,,,,,,,,,,,,,,,,,,,,,,,,,,,,,,,,,,,,,,,,,,,,,,,,,,,,,,,,,,,,,,,,,,,,,,,,247.0,424.0,486.0,515.0,540.0,556.0,575.0,584.0,590.0,600.0,607.0,613.0,616.0,619.0,622.0,626.0,631.0,633.0,634.0,636.0,638.0,641.0,642.0,645.0,645.0,647.0,647.0,647.0,648.0,649.0,649.0,649.0,652.0,654.0,655.0,656.0,657.0,657.0,658.0,661.0,661.0,662.0,662.0,663.0,663.0,663.0,664.0,664.0,664.0,666.0,666.0,666.0,667.0,667.0,667.0,668.0,669.0,669.0,669.0,672.0,673.0,675.0,675.0,676.0,676.0,676.0,678.0,682.0,682.0,683.0,683
MOBHFsvENdc,,,,,,,,,,,,,,,,,,,,,,,,,,,,,,,,,,,,,,,,,,,,,,,,,,,,,,,,,,,,,,,,,,,,,,,,,,,,,,,,,,,,,,,,,,,,,,,,,,,,,,,,,,,,,,,,,,,,,,,,,,,,,,,,,,,,,,,,,,0.0,0.0,0.0,0.0,0.0,0.0,0.0,0.0,0.0,0.0,0.0,0.0,0.0,0.0,0.0,0.0,0.0,0.0,0.0,0.0,0.0,0.0,0.0,0.0,0.0,0.0,0.0,0.0,0.0,0.0,0.0,0.0,0.0,0.0,0.0,0.0,0.0,0.0,0.0,0.0,0.0,0.0,0.0,0.0,0.0,0.0,0.0,0.0,0.0,0.0,0.0,0.0,0.0,0.0,0.0,0.0,0.0,0.0,0.0,0.0,0.0,0.0,0.0,0.0,0.0,0.0,0.0,0.0,0.0,0.0,0
VGi-Jh4xB3o,,,,,,,,,,,,,,,,,,,,,,,,,,,,,,,,,,,,,,,,,,,,,,,,,,,,,,,,,,,,,,,,,,,,,,,,,,,,,,,,,,,,,,,,,,,,,,,,,,,,,,,,,,,,,,,,,,,,,,,,,,,,,,,,,,,,,,,,,,60.0,61.0,60.0,61.0,61.0,61.0,61.0,61.0,61.0,64.0,64.0,65.0,66.0,66.0,67.0,67.0,67.0,67.0,67.0,67.0,67.0,67.0,67.0,67.0,67.0,67.0,68.0,68.0,68.0,68.0,67.0,67.0,68.0,69.0,69.0,69.0,69.0,69.0,69.0,69.0,69.0,69.0,69.0,69.0,69.0,69.0,69.0,69.0,68.0,68.0,68.0,68.0,68.0,68.0,68.0,68.0,68.0,68.0,68.0,68.0,68.0,68.0,68.0,68.0,68.0,68.0,68.0,68.0,68.0,68.0,68
XR81lQrRceg,,,,,,,,,,,,,,,,,,,,,,,,,,,,,,,,,,,,,,,,,,,,,,,,,,,,,,,,,,,,,,,,,,,,,,,,,,,,,,,,,,,,,,,,,,,,,,,,,,,,,,,,,,,,,,,,,,,,,,,,,,,,,,,,,,,,,,,,,,1105.0,1176.0,1193.0,1212.0,1223.0,1234.0,1243.0,1245.0,1250.0,1255.0,1260.0,1265.0,1269.0,1266.0,1265.0,1265.0,1265.0,1268.0,1267.0,1269.0,1270.0,1272.0,1277.0,1280.0,1280.0,1285.0,1287.0,1287.0,1287.0,1286.0,1286.0,1287.0,1289.0,1289.0,1289.0,1290.0,1290.0,1290.0,1290.0,1290.0,1291.0,1288.0,1289.0,1290.0,1290.0,1291.0,1292.0,1294.0,1295.0,1295.0,1295.0,1297.0,1297.0,1296.0,1296.0,1296.0,1300.0,1301.0,1302.0,1302.0,1302.0,1302.0,1302.0,1303.0,1304.0,1304.0,1305.0,1306.0,1306.0,1305.0,1306
dQ9qV3uSkc0,,,,,,,,,,,,,,,,,,,,,,,,,,,,,,,,,,,,,,,,,,,,,,,,,,,,,,,,,,,,,,,,,,,,,,,,,,,,,,,,,,,,,,,,,,,,,,,,,,,,,,,,,,,,,,,,,,,,,,,,,,,,,,,,,,,,,,,,,,4.0,6.0,6.0,6.0,6.0,8.0,8.0,8.0,8.0,9.0,9.0,9.0,9.0,11.0,11.0,11.0,11.0,11.0,11.0,11.0,11.0,11.0,11.0,11.0,11.0,11.0,11.0,11.0,11.0,11.0,11.0,11.0,11.0,11.0,11.0,11.0,11.0,11.0,11.0,11.0,11.0,11.0,11.0,11.0,11.0,11.0,11.0,11.0,11.0,11.0,11.0,11.0,11.0,11.0,11.0,11.0,11.0,11.0,11.0,11.0,11.0,11.0,11.0,11.0,11.0,11.0,11.0,11.0,12.0,12.0,12
B1OM9skHVeM,,,,,,,,,,,,,,,,,,,,,,,,,,,,,,,,,,,,,,,,,,,,,,,,,,,,,,,,,,,,,,,,,,,,,,,,,,,,,,,,,,,,,,,,,,,,,,,,,,,,,,,,,,,,,,,,,,,,,,,,,,,,,,,,,,,,,,,,,,0.0,2.0,3.0,3.0,3.0,3.0,4.0,5.0,7.0,8.0,8.0,9.0,9.0,9.0,9.0,9.0,9.0,9.0,9.0,9.0,9.0,9.0,11.0,12.0,12.0,12.0,12.0,12.0,12.0,13.0,13.0,13.0,13.0,13.0,13.0,13.0,13.0,13.0,13.0,13.0,14.0,14.0,14.0,14.0,14.0,14.0,14.0,14.0,14.0,14.0,14.0,14.0,14.0,14.0,14.0,14.0,14.0,14.0,14.0,14.0,14.0,14.0,14.0,14.0,15.0,15.0,15.0,15.0,15.0,15.0,15
QjZ6yzhqD-c,,,,,,,,,,,,,,,,,,,,,,,,,,,,,,,,,,,,,,,,,,,,,,,,,,,,,,,,,,,,,,,,,,,,,,,,,,,,,,,,,,,,,,,,,,,,,,,,,,,,,,,,,,,,,,,,,,,,,,,,,,,,,,,,,,,,,,,,,,,294.0,396.0,433.0,448.0,453.0,456.0,459.0,464.0,466.0,471.0,472.0,477.0,483.0,483.0,483.0,485.0,486.0,486.0,489.0,489.0,490.0,492.0,492.0,491.0,491.0,491.0,492.0,493.0,494.0,494.0,495.0,495.0,496.0,498.0,499.0,499.0,499.0,499.0,499.0,499.0,499.0,499.0,499.0,499.0,499.0,500.0,499.0,500.0,500.0,500.0,500.0,500.0,500.0,500.0,500.0,501.0,500.0,500.0,500.0,500.0,500.0,501.0,501.0,501.0,501.0,501.0,501.0,502.0,502.0,502
n-eTTpT8KGc,,,,,,,,,,,,,,,,,,,,,,,,,,,,,,,,,,,,,,,,,,,,,,,,,,,,,,,,,,,,,,,,,,,,,,,,,,,,,,,,,,,,,,,,,,,,,,,,,,,,,,,,,,,,,,,,,,,,,,,,,,,,,,,,,,,,,,,,,,,979.0,1664.0,1917.0,2034.0,2109.0,2184.0,2233.0,2274.0,2319.0,2361.0,2404.0,2439.0,2467.0,2492.0,2511.0,2539.0,2559.0,2573.0,2590.0,2592.0,2606.0,2617.0,2623.0,2627.0,2636.0,2639.0,2644.0,2645.0,2649.0,2655.0,2657.0,2662.0,2664.0,2666.0,2670.0,2676.0,2677.0,2677.0,2678.0,2680.0,2682.0,2683.0,2686.0,2689.0,2691.0,2692.0,2693.0,2693.0,2694.0,2695.0,2696.0,2697.0,2698.0,2698.0,2700.0,2702.0,2722.0,2726.0,2726.0,2728.0,2730.0,2730.0,2729.0,2729.0,2735.0,2739.0,2740.0,2741.0,2742.0,2744
VoTuH7UHWLI,,,,,,,,,,,,,,,,,,,,,,,,,,,,,,,,,,,,,,,,,,,,,,,,,,,,,,,,,,,,,,,,,,,,,,,,,,,,,,,,,,,,,,,,,,,,,,,,,,,,,,,,,,,,,,,,,,,,,,,,,,,,,,,,,,,,,,,,,,,481.0,949.0,1140.0,1261.0,1351.0,1411.0,1455.0,1484.0,1516.0,1533.0,1567.0,1608.0,1628.0,1663.0,1682.0,1710.0,1739.0,1777.0,1815.0,1863.0,1875.0,1898.0,1933.0,1957.0,1982.0,2001.0,2016.0,2033.0,2049.0,2068.0,2102.0,2132.0,2185.0,2223.0,2256.0,2311.0,2355.0,2387.0,2437.0,2483.0,2515.0,2544.0,2580.0,2605.0,2632.0,2659.0,2685.0,2705.0,2725.0,2746.0,2779.0,2804.0,2823.0,2840.0,2851.0,2868.0,2904.0,2911.0,2930.0,2941.0,2952.0,2965.0,2975.0,2989.0,2999.0,3008.0,3018.0,3024.0,3036.0,3042
JcQXEy1-myo,,,,,,,,,,,,,,,,,,,,,,,,,,,,,,,,,,,,,,,,,,,,,,,,,,,,,,,,,,,,,,,,,,,,,,,,,,,,,,,,,,,,,,,,,,,,,,,,,,,,,,,,,,,,,,,,,,,,,,,,,,,,,,,,,,,,,,,,,,,9.0,9.0,9.0,9.0,9.0,9.0,9.0,9.0,9.0,9.0,9.0,9.0,9.0,9.0,9.0,9.0,9.0,9.0,9.0,9.0,9.0,9.0,9.0,9.0,9.0,9.0,9.0,9.0,9.0,9.0,9.0,9.0,9.0,9.0,9.0,9.0,9.0,9.0,9.0,9.0,9.0,9.0,9.0,9.0,9.0,9.0,9.0,9.0,9.0,9.0,9.0,9.0,9.0,9.0,9.0,9.0,9.0,9.0,9.0,9.0,9.0,9.0,9.0,9.0,9.0,9.0,9.0,9.0,9.0,9
9MOQaot-mUo,,,,,,,,,,,,,,,,,,,,,,,,,,,,,,,,,,,,,,,,,,,,,,,,,,,,,,,,,,,,,,,,,,,,,,,,,,,,,,,,,,,,,,,,,,,,,,,,,,,,,,,,,,,,,,,,,,,,,,,,,,,,,,,,,,,,,,,,,,,13.0,13.0,13.0,13.0,13.0,13.0,13.0,13.0,14.0,14.0,14.0,14.0,14.0,14.0,14.0,14.0,14.0,14.0,14.0,14.0,14.0,15.0,15.0,15.0,15.0,15.0,15.0,15.0,15.0,15.0,15.0,15.0,15.0,15.0,15.0,15.0,15.0,15.0,15.0,15.0,15.0,15.0,15.0,15.0,15.0,15.0,15.0,15.0,15.0,15.0,15.0,15.0,15.0,15.0,15.0,15.0,15.0,15.0,15.0,15.0,15.0,15.0,15.0,15.0,15.0,15.0,15.0,15.0,15.0,15
KeU4APYJDzU,,,,,,,,,,,,,,,,,,,,,,,,,,,,,,,,,,,,,,,,,,,,,,,,,,,,,,,,,,,,,,,,,,,,,,,,,,,,,,,,,,,,,,,,,,,,,,,,,,,,,,,,,,,,,,,,,,,,,,,,,,,,,,,,,,,,,,,,,,,141.0,141.0,141.0,141.0,140.0,140.0,140.0,140.0,140.0,140.0,141.0,142.0,142.0,143.0,143.0,143.0,143.0,143.0,144.0,144.0,144.0,143.0,143.0,143.0,143.0,143.0,144.0,145.0,145.0,145.0,145.0,145.0,145.0,145.0,146.0,146.0,146.0,147.0,147.0,147.0,147.0,147.0,147.0,147.0,147.0,147.0,147.0,147.0,147.0,148.0,148.0,148.0,148.0,148.0,148.0,148.0,148.0,149.0,150.0,149.0,149.0,149.0,149.0,149.0,149.0,149.0,149.0,149.0,149.0,149
-pKUL5idqxQ,,,,,,,,,,,,,,,,,,,,,,,,,,,,,,,,,,,,,,,,,,,,,,,,,,,,,,,,,,,,,,,,,,,,,,,,,,,,,,,,,,,,,,,,,,,,,,,,,,,,,,,,,,,,,,,,,,,,,,,,,,,,,,,,,,,,,,,,,,,,582.0,637.0,667.0,681.0,688.0,692.0,701.0,701.0,700.0,698.0,700.0,701.0,702.0,705.0,705.0,705.0,706.0,708.0,709.0,709.0,710.0,711.0,711.0,712.0,712.0,713.0,713.0,713.0,712.0,711.0,712.0,713.0,713.0,714.0,714.0,714.0,714.0,714.0,715.0,715.0,714.0,714.0,714.0,714.0,714.0,713.0,713.0,714.0,714.0,714.0,714.0,714.0,714.0,715.0,717.0,717.0,690.0,690.0,691.0,691.0,690.0,690.0,690.0,690.0,690.0,690.0,690.0,690.0,691
kUF1-MOV4KA,,,,,,,,,,,,,,,,,,,,,,,,,,,,,,,,,,,,,,,,,,,,,,,,,,,,,,,,,,,,,,,,,,,,,,,,,,,,,,,,,,,,,,,,,,,,,,,,,,,,,,,,,,,,,,,,,,,,,,,,,,,,,,,,,,,,,,,,,,,,1402.0,2258.0,2469.0,2607.0,2693.0,2754.0,2810.0,2856.0,2884.0,2899.0,2917.0,2935.0,2956.0,2974.0,2988.0,2997.0,3004.0,3014.0,3022.0,3031.0,3038.0,3053.0,3059.0,3066.0,3073.0,3081.0,3094.0,3097.0,3105.0,3107.0,3118.0,3120.0,3125.0,3128.0,3133.0,3144.0,3147.0,3148.0,3150.0,3155.0,3158.0,3163.0,3165.0,3167.0,3169.0,3173.0,3173.0,3181.0,3196.0,3204.0,3207.0,3216.0,3218.0,3221.0,3225.0,3226.0,3228.0,3232.0,3234.0,3235.0,3236.0,3237.0,3245.0,3248.0,3251.0,3256.0,3263.0,3267.0,3270
mRAgbcLxj9k,,,,,,,,,,,,,,,,,,,,,,,,,,,,,,,,,,,,,,,,,,,,,,,,,,,,,,,,,,,,,,,,,,,,,,,,,,,,,,,,,,,,,,,,,,,,,,,,,,,,,,,,,,,,,,,,,,,,,,,,,,,,,,,,,,,,,,,,,,,,33.0,43.0,,,,,,,,,,,,,,,,,,,,,,,,,,,,,,,,,,,,,,,,,,,,,,,,,,,,,,,,,,,,,,,,,,,
BWj5MW9V7jM,,,,,,,,,,,,,,,,,,,,,,,,,,,,,,,,,,,,,,,,,,,,,,,,,,,,,,,,,,,,,,,,,,,,,,,,,,,,,,,,,,,,,,,,,,,,,,,,,,,,,,,,,,,,,,,,,,,,,,,,,,,,,,,,,,,,,,,,,,,,276.0,357.0,380.0,524.0,920.0,1197.0,1369.0,1477.0,1549.0,1602.0,1633.0,1663.0,1701.0,1712.0,1722.0,1727.0,1731.0,1733.0,1735.0,1737.0,1739.0,1741.0,1741.0,1742.0,1743.0,1743.0,1744.0,1746.0,1747.0,1747.0,1747.0,1747.0,1748.0,1748.0,1748.0,1749.0,1749.0,1749.0,1749.0,1749.0,1749.0,1749.0,1749.0,1749.0,1749.0,1749.0,1749.0,1750.0,1751.0,1752.0,1752.0,1751.0,1753.0,1753.0,1753.0,1755.0,1755.0,1756.0,1756.0,1758.0,1758.0,1758.0,1758.0,1758.0,1758.0,1759.0,1760.0,1761.0,1761
OGaXnhIxcmA,,,,,,,,,,,,,,,,,,,,,,,,,,,,,,,,,,,,,,,,,,,,,,,,,,,,,,,,,,,,,,,,,,,,,,,,,,,,,,,,,,,,,,,,,,,,,,,,,,,,,,,,,,,,,,,,,,,,,,,,,,,,,,,,,,,,,,,,,,,,39.0,62.0,68.0,68.0,71.0,72.0,76.0,79.0,80.0,83.0,83.0,83.0,83.0,83.0,83.0,83.0,83.0,83.0,83.0,83.0,83.0,83.0,83.0,83.0,83.0,83.0,83.0,83.0,83.0,83.0,83.0,83.0,83.0,83.0,84.0,84.0,84.0,84.0,84.0,85.0,85.0,85.0,85.0,85.0,85.0,85.0,85.0,85.0,85.0,86.0,86.0,86.0,86.0,86.0,86.0,86.0,86.0,87.0,87.0,87.0,87.0,87.0,87.0,87.0,87.0,87.0,87.0,87.0,87
Cy-E5jby108,,,,,,,,,,,,,,,,,,,,,,,,,,,,,,,,,,,,,,,,,,,,,,,,,,,,,,,,,,,,,,,,,,,,,,,,,,,,,,,,,,,,,,,,,,,,,,,,,,,,,,,,,,,,,,,,,,,,,,,,,,,,,,,,,,,,,,,,,,,,1274.0,1289.0,1299.0,1304.0,1309.0,1316.0,1348.0,1355.0,1361.0,1362.0,1366.0,1367.0,1370.0,1397.0,1408.0,1411.0,1416.0,1418.0,1418.0,1419.0,1422.0,1423.0,1424.0,1425.0,1426.0,1426.0,1427.0,1426.0,1427.0,1427.0,1427.0,1427.0,1428.0,1431.0,1430.0,1433.0,1434.0,1434.0,1434.0,1435.0,1436.0,1437.0,1437.0,1436.0,1437.0,1437.0,1438.0,1439.0,1440.0,1440.0,1439.0,1438.0,1438.0,1438.0,1438.0,1439.0,1439.0,1439.0,1441.0,1442.0,1453.0,1454.0,1455.0,1456.0,1456.0,1456.0,1460.0,1460.0,1460
6XMS2JB6SvA,,,,,,,,,,,,,,,,,,,,,,,,,,,,,,,,,,,,,,,,,,,,,,,,,,,,,,,,,,,,,,,,,,,,,,,,,,,,,,,,,,,,,,,,,,,,,,,,,,,,,,,,,,,,,,,,,,,,,,,,,,,,,,,,,,,,,,,,,,,,52.0,52.0,52.0,52.0,52.0,52.0,52.0,52.0,52.0,52.0,52.0,52.0,52.0,52.0,52.0,52.0,52.0,52.0,52.0,52.0,52.0,52.0,52.0,52.0,52.0,52.0,52.0,52.0,52.0,52.0,52.0,52.0,52.0,52.0,52.0,52.0,52.0,52.0,52.0,52.0,52.0,52.0,52.0,52.0,52.0,52.0,52.0,52.0,52.0,52.0,52.0,52.0,52.0,52.0,52.0,52.0,52.0,52.0,52.0,52.0,52.0,52.0,52.0,52.0,52.0,52.0,52.0,52.0,52
Jt5gSnO334c,,,,,,,,,,,,,,,,,,,,,,,,,,,,,,,,,,,,,,,,,,,,,,,,,,,,,,,,,,,,,,,,,,,,,,,,,,,,,,,,,,,,,,,,,,,,,,,,,,,,,,,,,,,,,,,,,,,,,,,,,,,,,,,,,,,,,,,,,,,,53.0,53.0,53.0,53.0,53.0,53.0,53.0,53.0,53.0,53.0,53.0,53.0,53.0,53.0,53.0,53.0,53.0,53.0,53.0,53.0,53.0,53.0,53.0,54.0,54.0,54.0,54.0,54.0,54.0,54.0,54.0,54.0,54.0,54.0,54.0,54.0,54.0,54.0,54.0,54.0,54.0,54.0,54.0,54.0,54.0,54.0,54.0,54.0,54.0,54.0,54.0,54.0,54.0,54.0,54.0,54.0,54.0,54.0,54.0,54.0,54.0,54.0,54.0,54.0,54.0,54.0,54.0,54.0,54
rECGhi32P8w,,,,,,,,,,,,,,,,,,,,,,,,,,,,,,,,,,,,,,,,,,,,,,,,,,,,,,,,,,,,,,,,,,,,,,,,,,,,,,,,,,,,,,,,,,,,,,,,,,,,,,,,,,,,,,,,,,,,,,,,,,,,,,,,,,,,,,,,,,,,3.0,3.0,3.0,3.0,3.0,4.0,5.0,5.0,5.0,5.0,5.0,5.0,5.0,5.0,5.0,5.0,5.0,5.0,5.0,6.0,6.0,6.0,6.0,6.0,6.0,6.0,6.0,6.0,6.0,6.0,6.0,6.0,6.0,6.0,6.0,6.0,6.0,7.0,7.0,7.0,7.0,7.0,7.0,7.0,7.0,7.0,7.0,7.0,7.0,7.0,7.0,7.0,7.0,7.0,7.0,7.0,7.0,7.0,7.0,7.0,7.0,7.0,7.0,7.0,7.0,7.0,7.0,7.0,7
S7PduG-khdY,,,,,,,,,,,,,,,,,,,,,,,,,,,,,,,,,,,,,,,,,,,,,,,,,,,,,,,,,,,,,,,,,,,,,,,,,,,,,,,,,,,,,,,,,,,,,,,,,,,,,,,,,,,,,,,,,,,,,,,,,,,,,,,,,,,,,,,,,,,,1022.0,1072.0,1123.0,1143.0,1153.0,1155.0,1162.0,1168.0,1174.0,1179.0,1183.0,1187.0,1189.0,1193.0,1194.0,1198.0,1204.0,1206.0,1206.0,1213.0,1214.0,1215.0,1216.0,1218.0,1218.0,1221.0,1221.0,1221.0,1221.0,1223.0,1223.0,1224.0,1225.0,1225.0,1226.0,1226.0,1227.0,1230.0,1230.0,1230.0,1229.0,1229.0,1229.0,1231.0,1231.0,1233.0,1233.0,1234.0,1233.0,1234.0,1234.0,1235.0,1237.0,1238.0,1238.0,1238.0,1238.0,1237.0,1237.0,1237.0,1239.0,1240.0,1240.0,1239.0,1239.0,1240.0,1241.0,1242.0,1242
YUUqeFNgmYM,,,,,,,,,,,,,,,,,,,,,,,,,,,,,,,,,,,,,,,,,,,,,,,,,,,,,,,,,,,,,,,,,,,,,,,,,,,,,,,,,,,,,,,,,,,,,,,,,,,,,,,,,,,,,,,,,,,,,,,,,,,,,,,,,,,,,,,,,,,,104.0,119.0,122.0,122.0,123.0,124.0,125.0,126.0,127.0,129.0,129.0,130.0,130.0,130.0,130.0,131.0,131.0,136.0,136.0,136.0,136.0,136.0,136.0,136.0,136.0,136.0,136.0,137.0,137.0,137.0,138.0,138.0,138.0,138.0,138.0,138.0,138.0,138.0,138.0,138.0,138.0,138.0,138.0,139.0,139.0,139.0,139.0,139.0,139.0,139.0,139.0,139.0,140.0,140.0,140.0,140.0,140.0,140.0,140.0,140.0,140.0,140.0,141.0,141.0,141.0,141.0,141.0,141.0,141
cZ0sbqTjEU4,,,,,,,,,,,,,,,,,,,,,,,,,,,,,,,,,,,,,,,,,,,,,,,,,,,,,,,,,,,,,,,,,,,,,,,,,,,,,,,,,,,,,,,,,,,,,,,,,,,,,,,,,,,,,,,,,,,,,,,,,,,,,,,,,,,,,,,,,,,,613.0,701.0,763.0,811.0,836.0,851.0,0.0,877.0,894.0,909.0,918.0,929.0,939.0,946.0,953.0,955.0,956.0,958.0,959.0,963.0,964.0,967.0,968.0,971.0,971.0,971.0,971.0,971.0,971.0,971.0,974.0,974.0,977.0,977.0,977.0,978.0,980.0,980.0,980.0,981.0,981.0,981.0,982.0,982.0,983.0,984.0,984.0,986.0,987.0,987.0,987.0,988.0,988.0,988.0,987.0,987.0,986.0,987.0,987.0,987.0,987.0,987.0,988.0,988.0,988.0,988.0,989.0,989.0,989
qHKI5KcFxXM,,,,,,,,,,,,,,,,,,,,,,,,,,,,,,,,,,,,,,,,,,,,,,,,,,,,,,,,,,,,,,,,,,,,,,,,,,,,,,,,,,,,,,,,,,,,,,,,,,,,,,,,,,,,,,,,,,,,,,,,,,,,,,,,,,,,,,,,,,,,3.0,3.0,3.0,3.0,5.0,5.0,5.0,6.0,6.0,7.0,7.0,8.0,9.0,9.0,9.0,9.0,9.0,9.0,9.0,9.0,10.0,10.0,10.0,10.0,10.0,10.0,10.0,10.0,10.0,11.0,11.0,11.0,11.0,11.0,11.0,11.0,11.0,11.0,11.0,11.0,11.0,11.0,11.0,11.0,11.0,11.0,12.0,12.0,12.0,12.0,13.0,13.0,13.0,13.0,13.0,13.0,13.0,13.0,13.0,13.0,13.0,13.0,13.0,13.0,13.0,13.0,13.0,13.0,13
zfY6vbKB7BU,,,,,,,,,,,,,,,,,,,,,,,,,,,,,,,,,,,,,,,,,,,,,,,,,,,,,,,,,,,,,,,,,,,,,,,,,,,,,,,,,,,,,,,,,,,,,,,,,,,,,,,,,,,,,,,,,,,,,,,,,,,,,,,,,,,,,,,,,,,,140.0,149.0,152.0,154.0,155.0,156.0,157.0,161.0,161.0,162.0,162.0,165.0,168.0,170.0,170.0,171.0,172.0,173.0,172.0,172.0,174.0,174.0,176.0,177.0,177.0,175.0,175.0,175.0,175.0,176.0,178.0,179.0,179.0,181.0,181.0,181.0,182.0,182.0,184.0,185.0,185.0,185.0,185.0,185.0,185.0,185.0,185.0,185.0,185.0,185.0,185.0,185.0,186.0,186.0,186.0,186.0,187.0,188.0,188.0,188.0,188.0,188.0,189.0,189.0,189.0,189.0,189.0,189.0,189
cXO9hwzub_4,,,,,,,,,,,,,,,,,,,,,,,,,,,,,,,,,,,,,,,,,,,,,,,,,,,,,,,,,,,,,,,,,,,,,,,,,,,,,,,,,,,,,,,,,,,,,,,,,,,,,,,,,,,,,,,,,,,,,,,,,,,,,,,,,,,,,,,,,,,,0.0,0.0,0.0,0.0,0.0,0.0,0.0,0.0,0.0,0.0,0.0,0.0,0.0,0.0,0.0,0.0,0.0,0.0,0.0,0.0,0.0,0.0,0.0,0.0,0.0,0.0,0.0,0.0,0.0,0.0,0.0,0.0,0.0,0.0,0.0,0.0,0.0,0.0,0.0,0.0,0.0,0.0,0.0,0.0,0.0,0.0,0.0,0.0,0.0,0.0,0.0,0.0,0.0,0.0,0.0,0.0,0.0,0.0,0.0,0.0,0.0,0.0,0.0,0.0,0.0,0.0,0.0,0.0,0
1X45vTSsaEY,,,,,,,,,,,,,,,,,,,,,,,,,,,,,,,,,,,,,,,,,,,,,,,,,,,,,,,,,,,,,,,,,,,,,,,,,,,,,,,,,,,,,,,,,,,,,,,,,,,,,,,,,,,,,,,,,,,,,,,,,,,,,,,,,,,,,,,,,,,,6.0,7.0,8.0,9.0,9.0,9.0,10.0,11.0,11.0,11.0,11.0,11.0,12.0,12.0,12.0,12.0,12.0,13.0,16.0,16.0,16.0,16.0,16.0,16.0,16.0,16.0,16.0,16.0,16.0,16.0,16.0,16.0,16.0,16.0,16.0,16.0,16.0,16.0,16.0,16.0,16.0,16.0,16.0,16.0,16.0,16.0,16.0,16.0,16.0,16.0,16.0,16.0,16.0,16.0,16.0,17.0,17.0,17.0,17.0,17.0,17.0,17.0,17.0,17.0,17.0,17.0,17.0,17.0,17
sO_1HFO36QM,,,,,,,,,,,,,,,,,,,,,,,,,,,,,,,,,,,,,,,,,,,,,,,,,,,,,,,,,,,,,,,,,,,,,,,,,,,,,,,,,,,,,,,,,,,,,,,,,,,,,,,,,,,,,,,,,,,,,,,,,,,,,,,,,,,,,,,,,,,,,74.0,93.0,103.0,108.0,112.0,113.0,114.0,115.0,117.0,119.0,121.0,120.0,120.0,121.0,122.0,124.0,124.0,125.0,125.0,125.0,126.0,126.0,126.0,126.0,126.0,126.0,126.0,126.0,126.0,126.0,126.0,126.0,126.0,126.0,126.0,126.0,126.0,126.0,126.0,126.0,127.0,127.0,128.0,128.0,128.0,128.0,128.0,128.0,128.0,128.0,128.0,128.0,129.0,129.0,129.0,129.0,129.0,129.0,129.0,129.0,129.0,130.0,130.0,130.0,130.0,130.0,130.0,130
hw0Xm7_Lgk8,,,,,,,,,,,,,,,,,,,,,,,,,,,,,,,,,,,,,,,,,,,,,,,,,,,,,,,,,,,,,,,,,,,,,,,,,,,,,,,,,,,,,,,,,,,,,,,,,,,,,,,,,,,,,,,,,,,,,,,,,,,,,,,,,,,,,,,,,,,,,113.0,383.0,479.0,553.0,604.0,649.0,678.0,695.0,703.0,710.0,714.0,731.0,745.0,755.0,765.0,768.0,776.0,780.0,787.0,793.0,804.0,814.0,816.0,822.0,828.0,834.0,838.0,846.0,850.0,856.0,857.0,858.0,864.0,866.0,869.0,873.0,875.0,877.0,879.0,881.0,884.0,883.0,885.0,888.0,889.0,893.0,896.0,900.0,904.0,911.0,915.0,921.0,921.0,931.0,934.0,942.0,948.0,954.0,956.0,957.0,959.0,958.0,963.0,966.0,972.0,972.0,976.0,978
yzw4E1WiBHI,,,,,,,,,,,,,,,,,,,,,,,,,,,,,,,,,,,,,,,,,,,,,,,,,,,,,,,,,,,,,,,,,,,,,,,,,,,,,,,,,,,,,,,,,,,,,,,,,,,,,,,,,,,,,,,,,,,,,,,,,,,,,,,,,,,,,,,,,,,,,29.0,29.0,29.0,29.0,29.0,29.0,29.0,29.0,29.0,29.0,29.0,29.0,29.0,29.0,29.0,29.0,29.0,29.0,29.0,29.0,29.0,29.0,29.0,29.0,29.0,29.0,29.0,29.0,29.0,29.0,29.0,29.0,29.0,29.0,29.0,29.0,29.0,29.0,29.0,29.0,29.0,29.0,29.0,29.0,29.0,29.0,29.0,29.0,29.0,29.0,29.0,29.0,29.0,29.0,29.0,29.0,29.0,29.0,29.0,29.0,29.0,29.0,29.0,29.0,29.0,29.0,29.0,29
PioId8gpvgY,,,,,,,,,,,,,,,,,,,,,,,,,,,,,,,,,,,,,,,,,,,,,,,,,,,,,,,,,,,,,,,,,,,,,,,,,,,,,,,,,,,,,,,,,,,,,,,,,,,,,,,,,,,,,,,,,,,,,,,,,,,,,,,,,,,,,,,,,,,,,18.0,18.0,18.0,18.0,18.0,18.0,18.0,18.0,18.0,18.0,18.0,18.0,18.0,18.0,18.0,18.0,18.0,18.0,18.0,18.0,18.0,18.0,18.0,18.0,18.0,18.0,18.0,18.0,18.0,18.0,18.0,18.0,18.0,18.0,18.0,18.0,18.0,18.0,18.0,18.0,18.0,18.0,18.0,18.0,18.0,18.0,18.0,18.0,18.0,18.0,18.0,18.0,18.0,18.0,18.0,18.0,18.0,18.0,18.0,18.0,18.0,18.0,18.0,18.0,18.0,18.0,18.0,18
0R2KETpmpqQ,,,,,,,,,,,,,,,,,,,,,,,,,,,,,,,,,,,,,,,,,,,,,,,,,,,,,,,,,,,,,,,,,,,,,,,,,,,,,,,,,,,,,,,,,,,,,,,,,,,,,,,,,,,,,,,,,,,,,,,,,,,,,,,,,,,,,,,,,,,,,8.0,8.0,8.0,8.0,8.0,8.0,8.0,8.0,8.0,8.0,8.0,8.0,8.0,8.0,8.0,8.0,8.0,8.0,8.0,8.0,8.0,8.0,8.0,8.0,8.0,8.0,8.0,8.0,8.0,8.0,8.0,8.0,8.0,8.0,8.0,8.0,8.0,8.0,8.0,8.0,8.0,8.0,8.0,8.0,8.0,8.0,8.0,8.0,8.0,8.0,8.0,8.0,8.0,8.0,8.0,8.0,8.0,8.0,8.0,8.0,8.0,8.0,8.0,8.0,8.0,8.0,8.0,8
pbO9U8YB1Fw,,,,,,,,,,,,,,,,,,,,,,,,,,,,,,,,,,,,,,,,,,,,,,,,,,,,,,,,,,,,,,,,,,,,,,,,,,,,,,,,,,,,,,,,,,,,,,,,,,,,,,,,,,,,,,,,,,,,,,,,,,,,,,,,,,,,,,,,,,,,,142.0,174.0,177.0,177.0,178.0,185.0,185.0,283.0,284.0,285.0,286.0,288.0,289.0,289.0,289.0,288.0,288.0,288.0,288.0,288.0,288.0,288.0,288.0,288.0,288.0,288.0,288.0,288.0,288.0,288.0,288.0,288.0,288.0,288.0,289.0,290.0,290.0,290.0,290.0,290.0,290.0,290.0,290.0,291.0,291.0,291.0,292.0,292.0,292.0,292.0,292.0,292.0,292.0,292.0,292.0,293.0,293.0,293.0,293.0,293.0,293.0,293.0,293.0,293.0,293.0,293.0,293.0,293
cm_TYY3e0q0,,,,,,,,,,,,,,,,,,,,,,,,,,,,,,,,,,,,,,,,,,,,,,,,,,,,,,,,,,,,,,,,,,,,,,,,,,,,,,,,,,,,,,,,,,,,,,,,,,,,,,,,,,,,,,,,,,,,,,,,,,,,,,,,,,,,,,,,,,,,,57.0,58.0,58.0,58.0,58.0,58.0,58.0,58.0,58.0,58.0,58.0,58.0,58.0,58.0,58.0,58.0,58.0,58.0,58.0,59.0,59.0,59.0,59.0,59.0,59.0,59.0,61.0,61.0,61.0,61.0,61.0,61.0,61.0,61.0,61.0,61.0,61.0,61.0,61.0,62.0,62.0,62.0,62.0,62.0,62.0,62.0,62.0,63.0,63.0,64.0,64.0,64.0,64.0,64.0,64.0,64.0,64.0,64.0,64.0,64.0,64.0,64.0,64.0,64.0,64.0,64.0,64.0,64
HKzI1yXqU-k,,,,,,,,,,,,,,,,,,,,,,,,,,,,,,,,,,,,,,,,,,,,,,,,,,,,,,,,,,,,,,,,,,,,,,,,,,,,,,,,,,,,,,,,,,,,,,,,,,,,,,,,,,,,,,,,,,,,,,,,,,,,,,,,,,,,,,,,,,,,,0.0,0.0,0.0,0.0,0.0,0.0,0.0,0.0,0.0,0.0,0.0,0.0,0.0,0.0,0.0,0.0,0.0,0.0,0.0,0.0,0.0,0.0,0.0,0.0,0.0,0.0,0.0,0.0,0.0,0.0,0.0,0.0,0.0,0.0,0.0,0.0,0.0,0.0,0.0,0.0,0.0,0.0,0.0,0.0,0.0,0.0,0.0,0.0,0.0,0.0,0.0,0.0,0.0,0.0,0.0,0.0,0.0,0.0,0.0,0.0,0.0,0.0,0.0,0.0,0.0,0.0,0.0,0
GRDW2BWirBw,,,,,,,,,,,,,,,,,,,,,,,,,,,,,,,,,,,,,,,,,,,,,,,,,,,,,,,,,,,,,,,,,,,,,,,,,,,,,,,,,,,,,,,,,,,,,,,,,,,,,,,,,,,,,,,,,,,,,,,,,,,,,,,,,,,,,,,,,,,,,6.0,6.0,6.0,6.0,6.0,6.0,6.0,6.0,6.0,6.0,6.0,6.0,6.0,6.0,6.0,6.0,6.0,6.0,6.0,6.0,6.0,6.0,6.0,6.0,6.0,6.0,6.0,6.0,6.0,6.0,6.0,6.0,6.0,6.0,6.0,6.0,6.0,6.0,6.0,6.0,6.0,6.0,6.0,6.0,6.0,6.0,6.0,6.0,6.0,6.0,6.0,6.0,6.0,6.0,6.0,6.0,6.0,6.0,6.0,6.0,6.0,6.0,6.0,6.0,6.0,6.0,6.0,6
qH8lLwvw944,,,,,,,,,,,,,,,,,,,,,,,,,,,,,,,,,,,,,,,,,,,,,,,,,,,,,,,,,,,,,,,,,,,,,,,,,,,,,,,,,,,,,,,,,,,,,,,,,,,,,,,,,,,,,,,,,,,,,,,,,,,,,,,,,,,,,,,,,,,,,43.0,45.0,47.0,50.0,50.0,52.0,53.0,55.0,55.0,55.0,55.0,55.0,55.0,34.0,34.0,34.0,34.0,34.0,34.0,34.0,34.0,34.0,34.0,34.0,34.0,34.0,34.0,34.0,34.0,34.0,33.0,33.0,33.0,33.0,33.0,33.0,33.0,33.0,33.0,33.0,33.0,33.0,33.0,33.0,33.0,33.0,33.0,33.0,33.0,33.0,33.0,33.0,33.0,33.0,33.0,33.0,33.0,33.0,33.0,33.0,33.0,33.0,33.0,33.0,33.0,33.0,33.0,33
azftBtZfhdg,,,,,,,,,,,,,,,,,,,,,,,,,,,,,,,,,,,,,,,,,,,,,,,,,,,,,,,,,,,,,,,,,,,,,,,,,,,,,,,,,,,,,,,,,,,,,,,,,,,,,,,,,,,,,,,,,,,,,,,,,,,,,,,,,,,,,,,,,,,,,2.0,2.0,2.0,2.0,2.0,2.0,2.0,2.0,2.0,2.0,2.0,2.0,2.0,2.0,2.0,2.0,2.0,2.0,2.0,2.0,2.0,2.0,2.0,2.0,2.0,2.0,2.0,2.0,2.0,2.0,2.0,2.0,2.0,2.0,2.0,2.0,2.0,2.0,2.0,2.0,2.0,2.0,2.0,2.0,2.0,2.0,2.0,2.0,2.0,2.0,2.0,2.0,2.0,2.0,2.0,2.0,2.0,2.0,2.0,2.0,2.0,2.0,2.0,2.0,2.0,2.0,2.0,2
safzyuZNCGI,,,,,,,,,,,,,,,,,,,,,,,,,,,,,,,,,,,,,,,,,,,,,,,,,,,,,,,,,,,,,,,,,,,,,,,,,,,,,,,,,,,,,,,,,,,,,,,,,,,,,,,,,,,,,,,,,,,,,,,,,,,,,,,,,,,,,,,,,,,,,41142.0,50254.0,57433.0,61970.0,64811.0,67388.0,69118.0,70941.0,72555.0,73954.0,75305.0,76875.0,78154.0,79243.0,80553.0,81811.0,82256.0,82883.0,83463.0,83984.0,84914.0,86222.0,87601.0,88295.0,88754.0,88954.0,89299.0,89636.0,89870.0,90211.0,90327.0,90308.0,90506.0,90650.0,90929.0,90942.0,91093.0,91233.0,91311.0,91449.0,91573.0,91661.0,91770.0,91898.0,91981.0,92068.0,92107.0,92300.0,92409.0,92450.0,92565.0,92689.0,92796.0,92917.0,93058.0,93242.0,93381.0,93483.0,93528.0,93720.0,93919.0,94049.0,94154.0,94244.0,94317.0,94369.0,94465.0,0
mMUiKK0oAWA,,,,,,,,,,,,,,,,,,,,,,,,,,,,,,,,,,,,,,,,,,,,,,,,,,,,,,,,,,,,,,,,,,,,,,,,,,,,,,,,,,,,,,,,,,,,,,,,,,,,,,,,,,,,,,,,,,,,,,,,,,,,,,,,,,,,,,,,,,,,,84.0,92.0,94.0,97.0,98.0,99.0,100.0,102.0,103.0,103.0,103.0,103.0,103.0,104.0,104.0,104.0,105.0,106.0,106.0,106.0,105.0,105.0,105.0,105.0,105.0,105.0,105.0,105.0,105.0,105.0,105.0,105.0,105.0,105.0,105.0,105.0,105.0,105.0,105.0,105.0,105.0,105.0,105.0,106.0,106.0,107.0,107.0,107.0,106.0,106.0,106.0,106.0,106.0,106.0,106.0,106.0,106.0,106.0,106.0,106.0,106.0,106.0,106.0,106.0,106.0,106.0,106.0,106
Ic_-Ika6gkg,,,,,,,,,,,,,,,,,,,,,,,,,,,,,,,,,,,,,,,,,,,,,,,,,,,,,,,,,,,,,,,,,,,,,,,,,,,,,,,,,,,,,,,,,,,,,,,,,,,,,,,,,,,,,,,,,,,,,,,,,,,,,,,,,,,,,,,,,,,,,30.0,37.0,45.0,55.0,62.0,65.0,66.0,67.0,68.0,69.0,70.0,71.0,72.0,72.0,73.0,74.0,75.0,76.0,76.0,77.0,82.0,84.0,86.0,87.0,87.0,87.0,88.0,88.0,89.0,89.0,90.0,91.0,92.0,93.0,94.0,95.0,96.0,96.0,97.0,98.0,98.0,99.0,100.0,100.0,101.0,102.0,102.0,104.0,104.0,104.0,106.0,106.0,106.0,107.0,107.0,107.0,107.0,107.0,107.0,108.0,108.0,109.0,109.0,109.0,110.0,110.0,110.0,110
fZ0WkfTQa8A,,,,,,,,,,,,,,,,,,,,,,,,,,,,,,,,,,,,,,,,,,,,,,,,,,,,,,,,,,,,,,,,,,,,,,,,,,,,,,,,,,,,,,,,,,,,,,,,,,,,,,,,,,,,,,,,,,,,,,,,,,,,,,,,,,,,,,,,,,,,,31.0,47.0,59.0,66.0,70.0,75.0,76.0,77.0,79.0,79.0,82.0,83.0,83.0,84.0,85.0,85.0,85.0,85.0,86.0,86.0,86.0,87.0,87.0,87.0,87.0,87.0,87.0,87.0,88.0,88.0,89.0,89.0,90.0,90.0,92.0,92.0,92.0,92.0,93.0,93.0,93.0,93.0,93.0,93.0,93.0,93.0,93.0,93.0,93.0,93.0,93.0,93.0,93.0,93.0,93.0,93.0,94.0,94.0,94.0,94.0,94.0,94.0,94.0,94.0,94.0,94.0,94.0,94
j5egPlE7o3o,,,,,,,,,,,,,,,,,,,,,,,,,,,,,,,,,,,,,,,,,,,,,,,,,,,,,,,,,,,,,,,,,,,,,,,,,,,,,,,,,,,,,,,,,,,,,,,,,,,,,,,,,,,,,,,,,,,,,,,,,,,,,,,,,,,,,,,,,,,,,5.0,8.0,8.0,8.0,9.0,9.0,10.0,10.0,10.0,10.0,10.0,10.0,10.0,10.0,10.0,11.0,11.0,11.0,11.0,12.0,14.0,15.0,15.0,15.0,15.0,15.0,15.0,15.0,15.0,15.0,15.0,15.0,15.0,15.0,15.0,16.0,16.0,17.0,17.0,17.0,17.0,17.0,18.0,18.0,17.0,17.0,17.0,17.0,18.0,18.0,18.0,18.0,18.0,18.0,18.0,18.0,18.0,18.0,18.0,18.0,18.0,18.0,18.0,18.0,18.0,18.0,18.0,18
VNqqNxM6P5k,,,,,,,,,,,,,,,,,,,,,,,,,,,,,,,,,,,,,,,,,,,,,,,,,,,,,,,,,,,,,,,,,,,,,,,,,,,,,,,,,,,,,,,,,,,,,,,,,,,,,,,,,,,,,,,,,,,,,,,,,,,,,,,,,,,,,,,,,,,,,601.0,947.0,1120.0,1279.0,1393.0,1480.0,1576.0,1640.0,1668.0,1699.0,1716.0,1736.0,1754.0,1761.0,1778.0,1781.0,1788.0,1793.0,1798.0,1806.0,1812.0,1823.0,1829.0,1835.0,1844.0,1851.0,1864.0,1871.0,1878.0,1884.0,1891.0,1896.0,1898.0,1905.0,1910.0,1913.0,1915.0,1917.0,1920.0,1921.0,1922.0,1923.0,1927.0,1928.0,1930.0,1934.0,1936.0,1939.0,1941.0,1943.0,1944.0,1946.0,1946.0,1948.0,1951.0,1957.0,1957.0,1957.0,1959.0,1961.0,1962.0,1962.0,1965.0,1965.0,1965.0,1965.0,1972.0,1983
Qv4WZkEF7TQ,,,,,,,,,,,,,,,,,,,,,,,,,,,,,,,,,,,,,,,,,,,,,,,,,,,,,,,,,,,,,,,,,,,,,,,,,,,,,,,,,,,,,,,,,,,,,,,,,,,,,,,,,,,,,,,,,,,,,,,,,,,,,,,,,,,,,,,,,,,,,,1.0,1.0,1.0,1.0,1.0,1.0,1.0,1.0,1.0,1.0,1.0,1.0,1.0,1.0,1.0,1.0,1.0,1.0,1.0,1.0,1.0,1.0,1.0,1.0,1.0,1.0,1.0,1.0,1.0,1.0,1.0,1.0,1.0,1.0,1.0,1.0,1.0,1.0,1.0,1.0,1.0,1.0,1.0,1.0,1.0,1.0,1.0,1.0,1.0,1.0,1.0,1.0,1.0,1.0,1.0,1.0,1.0,1.0,1.0,1.0,1.0,1.0,1.0,1.0,1.0,1.0,1
ebZg7xrvkVE,,,,,,,,,,,,,,,,,,,,,,,,,,,,,,,,,,,,,,,,,,,,,,,,,,,,,,,,,,,,,,,,,,,,,,,,,,,,,,,,,,,,,,,,,,,,,,,,,,,,,,,,,,,,,,,,,,,,,,,,,,,,,,,,,,,,,,,,,,,,,,1.0,1.0,1.0,1.0,1.0,1.0,1.0,1.0,1.0,1.0,1.0,1.0,1.0,1.0,1.0,1.0,1.0,1.0,1.0,1.0,1.0,1.0,1.0,1.0,1.0,1.0,1.0,1.0,1.0,1.0,1.0,1.0,1.0,1.0,1.0,1.0,1.0,1.0,1.0,1.0,1.0,1.0,1.0,1.0,1.0,1.0,1.0,1.0,1.0,1.0,1.0,1.0,1.0,1.0,1.0,1.0,1.0,1.0,1.0,1.0,1.0,1.0,1.0,1.0,1.0,1.0,1
M0J4F_jSlag,,,,,,,,,,,,,,,,,,,,,,,,,,,,,,,,,,,,,,,,,,,,,,,,,,,,,,,,,,,,,,,,,,,,,,,,,,,,,,,,,,,,,,,,,,,,,,,,,,,,,,,,,,,,,,,,,,,,,,,,,,,,,,,,,,,,,,,,,,,,,,649.0,956.0,1188.0,1286.0,1355.0,1425.0,1454.0,1479.0,1498.0,1524.0,1534.0,1553.0,1574.0,1589.0,1604.0,1624.0,1632.0,1641.0,1653.0,1664.0,1673.0,1689.0,1706.0,1722.0,1725.0,1735.0,1741.0,1752.0,1766.0,1782.0,1792.0,1802.0,1808.0,1809.0,1814.0,1816.0,1820.0,1826.0,1829.0,1834.0,1839.0,1841.0,1845.0,1844.0,1848.0,1851.0,1851.0,1852.0,1855.0,1856.0,1860.0,1861.0,1862.0,1863.0,1865.0,1867.0,1872.0,1876.0,1879.0,1880.0,1881.0,1883.0,1883.0,1884.0,1886.0,1888.0,1888
Ny8f5QIoL1Q,,,,,,,,,,,,,,,,,,,,,,,,,,,,,,,,,,,,,,,,,,,,,,,,,,,,,,,,,,,,,,,,,,,,,,,,,,,,,,,,,,,,,,,,,,,,,,,,,,,,,,,,,,,,,,,,,,,,,,,,,,,,,,,,,,,,,,,,,,,,,,,541.0,543.0,543.0,543.0,543.0,544.0,544.0,547.0,548.0,549.0,550.0,550.0,550.0,550.0,549.0,549.0,549.0,549.0,549.0,549.0,549.0,549.0,549.0,550.0,550.0,550.0,550.0,550.0,550.0,550.0,550.0,550.0,550.0,550.0,550.0,550.0,550.0,550.0,550.0,550.0,550.0,550.0,550.0,550.0,550.0,550.0,550.0,551.0,551.0,551.0,551.0,551.0,551.0,551.0,551.0,551.0,551.0,551.0,551.0,551.0,551.0,550.0,550.0,550.0,550.0,550
0RbkfQN9B94,,,,,,,,,,,,,,,,,,,,,,,,,,,,,,,,,,,,,,,,,,,,,,,,,,,,,,,,,,,,,,,,,,,,,,,,,,,,,,,,,,,,,,,,,,,,,,,,,,,,,,,,,,,,,,,,,,,,,,,,,,,,,,,,,,,,,,,,,,,,,,,75.0,85.0,87.0,93.0,96.0,98.0,98.0,103.0,104.0,104.0,105.0,105.0,107.0,107.0,107.0,107.0,107.0,107.0,107.0,108.0,108.0,108.0,108.0,109.0,109.0,109.0,109.0,109.0,109.0,109.0,109.0,109.0,109.0,109.0,109.0,109.0,109.0,109.0,109.0,109.0,109.0,109.0,110.0,110.0,110.0,110.0,110.0,110.0,110.0,110.0,110.0,110.0,110.0,110.0,110.0,110.0,110.0,110.0,110.0,110.0,110.0,110.0,110.0,110.0,110.0,110
EDBd-5pYzC8,,,,,,,,,,,,,,,,,,,,,,,,,,,,,,,,,,,,,,,,,,,,,,,,,,,,,,,,,,,,,,,,,,,,,,,,,,,,,,,,,,,,,,,,,,,,,,,,,,,,,,,,,,,,,,,,,,,,,,,,,,,,,,,,,,,,,,,,,,,,,,,0.0,0.0,0.0,0.0,0.0,0.0,0.0,0.0,0.0,0.0,0.0,0.0,0.0,0.0,0.0,0.0,0.0,0.0,0.0,0.0,0.0,0.0,0.0,0.0,0.0,0.0,0.0,0.0,0.0,0.0,0.0,0.0,0.0,0.0,0.0,0.0,0.0,0.0,0.0,0.0,0.0,0.0,0.0,0.0,0.0,0.0,0.0,0.0,0.0,0.0,0.0,0.0,0.0,0.0,0.0,0.0,0.0,0.0,0.0,0.0,0.0,0.0,0.0,0.0,0.0,0
V1Lr-_AxeR8,,,,,,,,,,,,,,,,,,,,,,,,,,,,,,,,,,,,,,,,,,,,,,,,,,,,,,,,,,,,,,,,,,,,,,,,,,,,,,,,,,,,,,,,,,,,,,,,,,,,,,,,,,,,,,,,,,,,,,,,,,,,,,,,,,,,,,,,,,,,,,,19980.0,21248.0,21931.0,22455.0,22877.0,23305.0,23676.0,23952.0,24187.0,24410.0,24619.0,24818.0,25051.0,25291.0,25491.0,25693.0,25841.0,25960.0,26109.0,26173.0,26260.0,26359.0,26432.0,26488.0,26550.0,26603.0,26647.0,26706.0,26766.0,26818.0,26867.0,26916.0,26957.0,26979.0,27017.0,27048.0,27086.0,27107.0,27133.0,27160.0,27199.0,27228.0,27250.0,27286.0,27302.0,27316.0,27341.0,27369.0,27382.0,27397.0,27400.0,27418.0,27443.0,27463.0,27506.0,27519.0,27526.0,27546.0,27553.0,27573.0,27588.0,27628.0,27637.0,27644.0,27658.0,27668
zF0ByvEOTZc,,,,,,,,,,,,,,,,,,,,,,,,,,,,,,,,,,,,,,,,,,,,,,,,,,,,,,,,,,,,,,,,,,,,,,,,,,,,,,,,,,,,,,,,,,,,,,,,,,,,,,,,,,,,,,,,,,,,,,,,,,,,,,,,,,,,,,,,,,,,,,,2.0,2.0,2.0,2.0,2.0,4.0,6.0,6.0,6.0,7.0,8.0,8.0,8.0,8.0,8.0,8.0,8.0,8.0,8.0,8.0,8.0,8.0,8.0,8.0,8.0,8.0,8.0,8.0,7.0,7.0,7.0,7.0,7.0,7.0,7.0,7.0,7.0,7.0,7.0,7.0,7.0,7.0,7.0,7.0,7.0,7.0,7.0,7.0,7.0,7.0,7.0,7.0,7.0,7.0,7.0,7.0,7.0,7.0,7.0,7.0,7.0,7.0,7.0,7.0,7.0,7
2q2r0lmIjto,,,,,,,,,,,,,,,,,,,,,,,,,,,,,,,,,,,,,,,,,,,,,,,,,,,,,,,,,,,,,,,,,,,,,,,,,,,,,,,,,,,,,,,,,,,,,,,,,,,,,,,,,,,,,,,,,,,,,,,,,,,,,,,,,,,,,,,,,,,,,,,,45.0,57.0,61.0,62.0,62.0,66.0,68.0,69.0,70.0,70.0,72.0,73.0,73.0,73.0,74.0,75.0,77.0,78.0,78.0,78.0,78.0,78.0,78.0,78.0,78.0,78.0,78.0,79.0,79.0,79.0,78.0,78.0,78.0,78.0,78.0,78.0,78.0,79.0,79.0,79.0,79.0,79.0,79.0,79.0,79.0,79.0,79.0,79.0,79.0,79.0,79.0,79.0,79.0,79.0,79.0,79.0,79.0,79.0,79.0,79.0,79.0,79.0,79.0,80.0,80
konbjO8Wr58,,,,,,,,,,,,,,,,,,,,,,,,,,,,,,,,,,,,,,,,,,,,,,,,,,,,,,,,,,,,,,,,,,,,,,,,,,,,,,,,,,,,,,,,,,,,,,,,,,,,,,,,,,,,,,,,,,,,,,,,,,,,,,,,,,,,,,,,,,,,,,,,13.0,13.0,13.0,13.0,13.0,12.0,12.0,12.0,12.0,12.0,12.0,12.0,12.0,12.0,12.0,12.0,12.0,12.0,12.0,12.0,12.0,12.0,12.0,12.0,12.0,12.0,12.0,12.0,12.0,12.0,12.0,12.0,12.0,12.0,12.0,12.0,12.0,12.0,12.0,12.0,12.0,12.0,12.0,12.0,12.0,12.0,12.0,12.0,12.0,12.0,12.0,12.0,12.0,12.0,12.0,12.0,12.0,12.0,12.0,12.0,12.0,12.0,12.0,12.0,12
J8M8ZWkQBAk,,,,,,,,,,,,,,,,,,,,,,,,,,,,,,,,,,,,,,,,,,,,,,,,,,,,,,,,,,,,,,,,,,,,,,,,,,,,,,,,,,,,,,,,,,,,,,,,,,,,,,,,,,,,,,,,,,,,,,,,,,,,,,,,,,,,,,,,,,,,,,,,2.0,2.0,2.0,2.0,2.0,2.0,2.0,2.0,2.0,2.0,2.0,2.0,2.0,2.0,2.0,2.0,2.0,2.0,2.0,2.0,2.0,2.0,2.0,2.0,2.0,2.0,2.0,2.0,2.0,2.0,2.0,2.0,2.0,2.0,2.0,2.0,2.0,2.0,2.0,2.0,2.0,2.0,2.0,2.0,2.0,2.0,2.0,2.0,2.0,2.0,2.0,2.0,2.0,2.0,2.0,2.0,2.0,2.0,2.0,2.0,2.0,2.0,2.0,2.0,2
x2tV8xRzU2o,,,,,,,,,,,,,,,,,,,,,,,,,,,,,,,,,,,,,,,,,,,,,,,,,,,,,,,,,,,,,,,,,,,,,,,,,,,,,,,,,,,,,,,,,,,,,,,,,,,,,,,,,,,,,,,,,,,,,,,,,,,,,,,,,,,,,,,,,,,,,,,,33.0,33.0,33.0,33.0,33.0,33.0,34.0,34.0,35.0,35.0,35.0,35.0,35.0,35.0,35.0,35.0,35.0,35.0,35.0,35.0,35.0,35.0,35.0,35.0,36.0,36.0,36.0,36.0,36.0,36.0,36.0,36.0,36.0,36.0,36.0,36.0,36.0,36.0,36.0,36.0,36.0,36.0,37.0,37.0,37.0,37.0,37.0,37.0,37.0,37.0,37.0,37.0,37.0,37.0,37.0,37.0,37.0,37.0,37.0,37.0,37.0,37.0,37.0,37.0,37
QI6Sw80pcpA,,,,,,,,,,,,,,,,,,,,,,,,,,,,,,,,,,,,,,,,,,,,,,,,,,,,,,,,,,,,,,,,,,,,,,,,,,,,,,,,,,,,,,,,,,,,,,,,,,,,,,,,,,,,,,,,,,,,,,,,,,,,,,,,,,,,,,,,,,,,,,,,1.0,1.0,1.0,1.0,1.0,1.0,1.0,1.0,1.0,1.0,1.0,1.0,1.0,1.0,1.0,1.0,1.0,1.0,1.0,1.0,1.0,1.0,1.0,1.0,1.0,1.0,1.0,1.0,1.0,1.0,1.0,1.0,1.0,1.0,1.0,1.0,1.0,1.0,1.0,1.0,1.0,1.0,1.0,1.0,1.0,1.0,1.0,1.0,1.0,1.0,1.0,1.0,1.0,1.0,1.0,1.0,1.0,1.0,1.0,1.0,2.0,2.0,2.0,2.0,2
T6HxilXCF0c,,,,,,,,,,,,,,,,,,,,,,,,,,,,,,,,,,,,,,,,,,,,,,,,,,,,,,,,,,,,,,,,,,,,,,,,,,,,,,,,,,,,,,,,,,,,,,,,,,,,,,,,,,,,,,,,,,,,,,,,,,,,,,,,,,,,,,,,,,,,,,,,329.0,462.0,487.0,511.0,529.0,545.0,560.0,572.0,581.0,585.0,592.0,595.0,598.0,592.0,595.0,597.0,600.0,603.0,605.0,609.0,614.0,614.0,615.0,618.0,620.0,620.0,620.0,619.0,623.0,625.0,628.0,627.0,627.0,627.0,624.0,625.0,625.0,625.0,626.0,628.0,629.0,629.0,629.0,629.0,629.0,629.0,630.0,630.0,629.0,629.0,629.0,629.0,629.0,627.0,628.0,628.0,628.0,627.0,627.0,627.0,627.0,627.0,626.0,623.0,624
fASt7_Qv8Lo,,,,,,,,,,,,,,,,,,,,,,,,,,,,,,,,,,,,,,,,,,,,,,,,,,,,,,,,,,,,,,,,,,,,,,,,,,,,,,,,,,,,,,,,,,,,,,,,,,,,,,,,,,,,,,,,,,,,,,,,,,,,,,,,,,,,,,,,,,,,,,,,41.0,69.0,78.0,80.0,83.0,85.0,88.0,92.0,94.0,95.0,95.0,95.0,96.0,100.0,101.0,102.0,102.0,104.0,105.0,108.0,112.0,112.0,112.0,112.0,112.0,112.0,112.0,112.0,113.0,113.0,113.0,113.0,113.0,113.0,113.0,113.0,113.0,115.0,115.0,115.0,116.0,116.0,116.0,116.0,116.0,116.0,116.0,116.0,116.0,116.0,116.0,116.0,116.0,116.0,116.0,116.0,116.0,116.0,116.0,116.0,116.0,116.0,116.0,116.0,116
qos7XoTp7VY,,,,,,,,,,,,,,,,,,,,,,,,,,,,,,,,,,,,,,,,,,,,,,,,,,,,,,,,,,,,,,,,,,,,,,,,,,,,,,,,,,,,,,,,,,,,,,,,,,,,,,,,,,,,,,,,,,,,,,,,,,,,,,,,,,,,,,,,,,,,,,,,5.0,6.0,6.0,6.0,6.0,6.0,6.0,6.0,6.0,6.0,6.0,6.0,6.0,6.0,6.0,6.0,6.0,6.0,6.0,6.0,6.0,6.0,6.0,6.0,6.0,6.0,6.0,6.0,6.0,6.0,6.0,6.0,6.0,6.0,6.0,6.0,6.0,6.0,6.0,6.0,6.0,6.0,6.0,6.0,6.0,6.0,6.0,6.0,6.0,6.0,6.0,6.0,6.0,6.0,6.0,6.0,6.0,6.0,6.0,6.0,6.0,6.0,6.0,6.0,6
7kWeW2-GgXg,,,,,,,,,,,,,,,,,,,,,,,,,,,,,,,,,,,,,,,,,,,,,,,,,,,,,,,,,,,,,,,,,,,,,,,,,,,,,,,,,,,,,,,,,,,,,,,,,,,,,,,,,,,,,,,,,,,,,,,,,,,,,,,,,,,,,,,,,,,,,,,,0.0,0.0,0.0,0.0,0.0,0.0,0.0,0.0,0.0,0.0,0.0,0.0,0.0,0.0,0.0,0.0,0.0,0.0,0.0,0.0,0.0,0.0,0.0,0.0,0.0,0.0,0.0,0.0,0.0,0.0,0.0,0.0,0.0,0.0,0.0,0.0,0.0,0.0,0.0,0.0,0.0,0.0,0.0,0.0,0.0,0.0,0.0,0.0,0.0,0.0,0.0,0.0,0.0,0.0,0.0,0.0,0.0,0.0,0.0,0.0,0.0,0.0,0.0,0.0,0
GXw1xTeDs-A,,,,,,,,,,,,,,,,,,,,,,,,,,,,,,,,,,,,,,,,,,,,,,,,,,,,,,,,,,,,,,,,,,,,,,,,,,,,,,,,,,,,,,,,,,,,,,,,,,,,,,,,,,,,,,,,,,,,,,,,,,,,,,,,,,,,,,,,,,,,,,,,,73.0,143.0,181.0,211.0,242.0,278.0,309.0,326.0,338.0,357.0,368.0,379.0,395.0,404.0,414.0,421.0,431.0,435.0,443.0,447.0,451.0,454.0,455.0,457.0,460.0,461.0,463.0,463.0,466.0,469.0,469.0,470.0,470.0,472.0,472.0,474.0,474.0,474.0,474.0,474.0,476.0,478.0,478.0,478.0,478.0,481.0,481.0,482.0,482.0,483.0,483.0,483.0,485.0,486.0,486.0,486.0,487.0,487.0,487.0,487.0,487.0,488.0,490.0,491
m6kmpiOsLVk,,,,,,,,,,,,,,,,,,,,,,,,,,,,,,,,,,,,,,,,,,,,,,,,,,,,,,,,,,,,,,,,,,,,,,,,,,,,,,,,,,,,,,,,,,,,,,,,,,,,,,,,,,,,,,,,,,,,,,,,,,,,,,,,,,,,,,,,,,,,,,,,,8238.0,12706.0,14327.0,15379.0,15879.0,16282.0,16720.0,16978.0,17190.0,17403.0,17594.0,17705.0,17790.0,17872.0,17925.0,17987.0,18040.0,18072.0,18110.0,18204.0,18285.0,18336.0,18435.0,18474.0,18521.0,18575.0,18589.0,18611.0,18643.0,18682.0,18723.0,18738.0,18750.0,18756.0,18769.0,18797.0,18817.0,18807.0,18862.0,18874.0,18883.0,18897.0,18924.0,18933.0,18958.0,18966.0,18973.0,18990.0,18991.0,19003.0,19007.0,19026.0,19033.0,19043.0,19044.0,19054.0,19058.0,19064.0,19061.0,19067.0,19072.0,19080.0,19084.0,19112
cBfYIb1w1iw,,,,,,,,,,,,,,,,,,,,,,,,,,,,,,,,,,,,,,,,,,,,,,,,,,,,,,,,,,,,,,,,,,,,,,,,,,,,,,,,,,,,,,,,,,,,,,,,,,,,,,,,,,,,,,,,,,,,,,,,,,,,,,,,,,,,,,,,,,,,,,,,,7997.0,11544.0,12598.0,13268.0,13888.0,14606.0,15198.0,15711.0,15904.0,16025.0,16107.0,16158.0,16213.0,16266.0,16351.0,16425.0,16487.0,16510.0,16528.0,16555.0,16568.0,16593.0,16599.0,16630.0,16647.0,16660.0,16678.0,16687.0,16700.0,16715.0,16729.0,16765.0,16778.0,16784.0,16795.0,16800.0,16807.0,16810.0,16812.0,16815.0,16821.0,16828.0,16835.0,16839.0,16840.0,16839.0,16841.0,16845.0,16847.0,16849.0,16847.0,16849.0,16850.0,16850.0,16852.0,16854.0,16856.0,16859.0,16864.0,16866.0,16873.0,16871.0,16870.0,16871
bQ2_3_H29T4,,,,,,,,,,,,,,,,,,,,,,,,,,,,,,,,,,,,,,,,,,,,,,,,,,,,,,,,,,,,,,,,,,,,,,,,,,,,,,,,,,,,,,,,,,,,,,,,,,,,,,,,,,,,,,,,,,,,,,,,,,,,,,,,,,,,,,,,,,,,,,,,,0.0,0.0,0.0,0.0,0.0,0.0,0.0,0.0,0.0,0.0,0.0,0.0,0.0,0.0,0.0,0.0,0.0,0.0,0.0,0.0,0.0,0.0,0.0,0.0,0.0,0.0,0.0,0.0,0.0,0.0,0.0,0.0,0.0,0.0,0.0,0.0,0.0,0.0,0.0,0.0,0.0,0.0,0.0,0.0,0.0,0.0,0.0,0.0,0.0,0.0,0.0,0.0,0.0,0.0,0.0,0.0,0.0,0.0,0.0,0.0,0.0,0.0,0.0,0
EZNHsnwBDrk,,,,,,,,,,,,,,,,,,,,,,,,,,,,,,,,,,,,,,,,,,,,,,,,,,,,,,,,,,,,,,,,,,,,,,,,,,,,,,,,,,,,,,,,,,,,,,,,,,,,,,,,,,,,,,,,,,,,,,,,,,,,,,,,,,,,,,,,,,,,,,,,,353.0,643.0,725.0,792.0,822.0,845.0,1064.0,1291.0,1385.0,1439.0,1497.0,1534.0,1569.0,1584.0,1591.0,1600.0,1607.0,1610.0,1614.0,1620.0,1622.0,1626.0,1628.0,1632.0,1633.0,1634.0,1638.0,1646.0,1650.0,1652.0,1653.0,1653.0,1659.0,1661.0,1663.0,1664.0,1664.0,1669.0,1669.0,1670.0,1671.0,1675.0,1678.0,1683.0,1683.0,1693.0,1698.0,1702.0,1705.0,1717.0,1722.0,1730.0,1731.0,1731.0,1733.0,1737.0,1739.0,1739.0,1739.0,1741.0,1743.0,1745.0,1746.0,1752
RwgurGfeycA,,,,,,,,,,,,,,,,,,,,,,,,,,,,,,,,,,,,,,,,,,,,,,,,,,,,,,,,,,,,,,,,,,,,,,,,,,,,,,,,,,,,,,,,,,,,,,,,,,,,,,,,,,,,,,,,,,,,,,,,,,,,,,,,,,,,,,,,,,,,,,,,,162.0,242.0,291.0,334.0,358.0,376.0,405.0,431.0,442.0,458.0,475.0,494.0,630.0,688.0,601.0,599.0,611.0,614.0,617.0,621.0,625.0,629.0,636.0,640.0,641.0,647.0,653.0,653.0,658.0,657.0,656.0,658.0,657.0,658.0,654.0,655.0,657.0,658.0,659.0,660.0,659.0,660.0,660.0,661.0,662.0,662.0,662.0,662.0,664.0,665.0,665.0,665.0,666.0,666.0,666.0,666.0,667.0,667.0,667.0,667.0,668.0,669.0,669.0,669
0XrGxq5cSr0,,,,,,,,,,,,,,,,,,,,,,,,,,,,,,,,,,,,,,,,,,,,,,,,,,,,,,,,,,,,,,,,,,,,,,,,,,,,,,,,,,,,,,,,,,,,,,,,,,,,,,,,,,,,,,,,,,,,,,,,,,,,,,,,,,,,,,,,,,,,,,,,,321.0,321.0,321.0,320.0,320.0,320.0,320.0,320.0,320.0,321.0,321.0,321.0,321.0,321.0,321.0,321.0,320.0,320.0,320.0,320.0,320.0,320.0,321.0,321.0,321.0,321.0,321.0,321.0,321.0,321.0,321.0,321.0,321.0,321.0,321.0,321.0,323.0,323.0,323.0,323.0,323.0,323.0,322.0,322.0,322.0,322.0,322.0,322.0,322.0,322.0,322.0,323.0,323.0,323.0,323.0,323.0,324.0,324.0,324.0,323.0,323.0,323.0,323.0,324
TlrGMdDKvpk,,,,,,,,,,,,,,,,,,,,,,,,,,,,,,,,,,,,,,,,,,,,,,,,,,,,,,,,,,,,,,,,,,,,,,,,,,,,,,,,,,,,,,,,,,,,,,,,,,,,,,,,,,,,,,,,,,,,,,,,,,,,,,,,,,,,,,,,,,,,,,,,,753.0,758.0,758.0,761.0,762.0,764.0,767.0,768.0,768.0,771.0,773.0,773.0,773.0,773.0,775.0,775.0,775.0,775.0,775.0,775.0,775.0,775.0,773.0,773.0,773.0,773.0,773.0,773.0,773.0,773.0,775.0,775.0,775.0,775.0,775.0,775.0,775.0,779.0,781.0,781.0,782.0,784.0,785.0,785.0,785.0,785.0,785.0,786.0,789.0,789.0,789.0,789.0,789.0,789.0,789.0,789.0,789.0,789.0,789.0,789.0,789.0,789.0,789.0,789
IufpX0FpH5c,,,,,,,,,,,,,,,,,,,,,,,,,,,,,,,,,,,,,,,,,,,,,,,,,,,,,,,,,,,,,,,,,,,,,,,,,,,,,,,,,,,,,,,,,,,,,,,,,,,,,,,,,,,,,,,,,,,,,,,,,,,,,,,,,,,,,,,,,,,,,,,,,3968.0,4905.0,5204.0,5417.0,5515.0,5590.0,5641.0,5682.0,5708.0,5741.0,5761.0,5779.0,5805.0,5819.0,5833.0,5846.0,5855.0,5873.0,5882.0,5894.0,5905.0,5913.0,5924.0,5934.0,5934.0,5939.0,5943.0,5947.0,5951.0,5967.0,5974.0,5979.0,5988.0,5991.0,5992.0,5997.0,6001.0,6005.0,6007.0,6009.0,6011.0,6014.0,6016.0,6018.0,6019.0,6019.0,6023.0,6030.0,6030.0,6031.0,6032.0,6034.0,6036.0,6038.0,6040.0,6039.0,6040.0,6042.0,6045.0,6048.0,6048.0,6050.0,6059.0,6060
JFYFIfbWAmo,,,,,,,,,,,,,,,,,,,,,,,,,,,,,,,,,,,,,,,,,,,,,,,,,,,,,,,,,,,,,,,,,,,,,,,,,,,,,,,,,,,,,,,,,,,,,,,,,,,,,,,,,,,,,,,,,,,,,,,,,,,,,,,,,,,,,,,,,,,,,,,,,2.0,4.0,4.0,4.0,4.0,4.0,4.0,4.0,4.0,4.0,4.0,4.0,4.0,4.0,4.0,4.0,4.0,4.0,4.0,4.0,4.0,4.0,4.0,4.0,4.0,4.0,4.0,4.0,4.0,4.0,4.0,4.0,4.0,4.0,4.0,4.0,4.0,4.0,4.0,4.0,4.0,4.0,4.0,4.0,4.0,4.0,4.0,4.0,4.0,4.0,4.0,4.0,4.0,4.0,4.0,4.0,4.0,4.0,4.0,4.0,4.0,4.0,4.0,4
opVyoz94gdk,,,,,,,,,,,,,,,,,,,,,,,,,,,,,,,,,,,,,,,,,,,,,,,,,,,,,,,,,,,,,,,,,,,,,,,,,,,,,,,,,,,,,,,,,,,,,,,,,,,,,,,,,,,,,,,,,,,,,,,,,,,,,,,,,,,,,,,,,,,,,,,,,,18.0,35.0,37.0,38.0,39.0,40.0,41.0,41.0,41.0,41.0,41.0,41.0,41.0,41.0,42.0,42.0,42.0,42.0,42.0,42.0,42.0,42.0,42.0,42.0,42.0,42.0,42.0,42.0,42.0,42.0,42.0,42.0,42.0,42.0,42.0,42.0,42.0,42.0,42.0,42.0,42.0,42.0,42.0,43.0,43.0,43.0,43.0,43.0,43.0,43.0,43.0,43.0,43.0,43.0,43.0,43.0,43.0,43.0,43.0,43.0,43.0,43.0,43
1IzZezTfwE0,,,,,,,,,,,,,,,,,,,,,,,,,,,,,,,,,,,,,,,,,,,,,,,,,,,,,,,,,,,,,,,,,,,,,,,,,,,,,,,,,,,,,,,,,,,,,,,,,,,,,,,,,,,,,,,,,,,,,,,,,,,,,,,,,,,,,,,,,,,,,,,,,,5536.0,8323.0,9468.0,9928.0,10341.0,10596.0,10866.0,11093.0,11288.0,11437.0,11583.0,11700.0,11793.0,11883.0,11958.0,12029.0,12092.0,12162.0,12235.0,12265.0,12312.0,12348.0,12380.0,12404.0,12427.0,12443.0,12475.0,12472.0,12490.0,12514.0,12538.0,12560.0,12544.0,12566.0,12606.0,12606.0,12627.0,12647.0,12683.0,12699.0,12703.0,12705.0,12718.0,12729.0,12743.0,12755.0,12764.0,12798.0,12814.0,12831.0,12844.0,12850.0,12862.0,12902.0,12918.0,12941.0,12954.0,12972.0,12984.0,12998.0,13005.0,13021.0,13022
fcfv_p_NWx8,,,,,,,,,,,,,,,,,,,,,,,,,,,,,,,,,,,,,,,,,,,,,,,,,,,,,,,,,,,,,,,,,,,,,,,,,,,,,,,,,,,,,,,,,,,,,,,,,,,,,,,,,,,,,,,,,,,,,,,,,,,,,,,,,,,,,,,,,,,,,,,,,,825.0,1198.0,1338.0,1421.0,1534.0,1714.0,1817.0,1893.0,1966.0,2037.0,2097.0,2136.0,2166.0,2188.0,2204.0,2214.0,2221.0,2237.0,2249.0,2258.0,2267.0,2276.0,2277.0,2286.0,2297.0,2304.0,2315.0,2319.0,2322.0,2325.0,2327.0,2330.0,2314.0,2318.0,2318.0,2319.0,2322.0,2324.0,2320.0,2323.0,2328.0,2329.0,2338.0,2341.0,2342.0,2344.0,2347.0,2348.0,2350.0,2351.0,2353.0,2356.0,2356.0,2357.0,2359.0,2363.0,2367.0,2366.0,2369.0,2371.0,2374.0,2376.0,2378
ABrKic-lHQY,,,,,,,,,,,,,,,,,,,,,,,,,,,,,,,,,,,,,,,,,,,,,,,,,,,,,,,,,,,,,,,,,,,,,,,,,,,,,,,,,,,,,,,,,,,,,,,,,,,,,,,,,,,,,,,,,,,,,,,,,,,,,,,,,,,,,,,,,,,,,,,,,,18.0,24.0,25.0,27.0,27.0,27.0,27.0,28.0,29.0,30.0,30.0,30.0,30.0,30.0,30.0,30.0,32.0,32.0,32.0,32.0,32.0,32.0,32.0,32.0,33.0,33.0,33.0,33.0,33.0,33.0,33.0,33.0,33.0,33.0,33.0,33.0,33.0,33.0,33.0,33.0,33.0,33.0,33.0,33.0,33.0,33.0,34.0,34.0,34.0,34.0,34.0,34.0,34.0,34.0,34.0,34.0,34.0,34.0,34.0,34.0,34.0,34.0,34
2vRspK_5oJI,,,,,,,,,,,,,,,,,,,,,,,,,,,,,,,,,,,,,,,,,,,,,,,,,,,,,,,,,,,,,,,,,,,,,,,,,,,,,,,,,,,,,,,,,,,,,,,,,,,,,,,,,,,,,,,,,,,,,,,,,,,,,,,,,,,,,,,,,,,,,,,,,,470.0,609.0,678.0,723.0,757.0,783.0,836.0,906.0,942.0,975.0,1001.0,1023.0,1032.0,1041.0,1058.0,1068.0,1079.0,1085.0,1092.0,1101.0,1101.0,1103.0,1110.0,1113.0,1118.0,1121.0,1123.0,1123.0,1126.0,1125.0,1125.0,1126.0,1127.0,1129.0,1130.0,1134.0,1138.0,1137.0,1137.0,1137.0,1138.0,1140.0,1141.0,1141.0,1141.0,1147.0,1150.0,1152.0,1151.0,1154.0,1155.0,1156.0,1156.0,1156.0,1156.0,1156.0,1158.0,1159.0,1159.0,1158.0,1161.0,1161.0,1161
_RRi6UiAh1g,,,,,,,,,,,,,,,,,,,,,,,,,,,,,,,,,,,,,,,,,,,,,,,,,,,,,,,,,,,,,,,,,,,,,,,,,,,,,,,,,,,,,,,,,,,,,,,,,,,,,,,,,,,,,,,,,,,,,,,,,,,,,,,,,,,,,,,,,,,,,,,,,,0.0,0.0,0.0,0.0,0.0,0.0,0.0,0.0,0.0,0.0,0.0,0.0,0.0,0.0,0.0,0.0,0.0,0.0,0.0,0.0,0.0,0.0,0.0,0.0,0.0,0.0,0.0,0.0,0.0,0.0,0.0,0.0,0.0,0.0,0.0,0.0,0.0,0.0,0.0,0.0,0.0,0.0,0.0,0.0,0.0,0.0,0.0,0.0,0.0,0.0,0.0,0.0,0.0,0.0,0.0,0.0,0.0,0.0,0.0,0.0,0.0,0.0,0
CAMopgmiFWA,,,,,,,,,,,,,,,,,,,,,,,,,,,,,,,,,,,,,,,,,,,,,,,,,,,,,,,,,,,,,,,,,,,,,,,,,,,,,,,,,,,,,,,,,,,,,,,,,,,,,,,,,,,,,,,,,,,,,,,,,,,,,,,,,,,,,,,,,,,,,,,,,,102.0,131.0,135.0,137.0,138.0,139.0,143.0,143.0,148.0,149.0,151.0,150.0,151.0,155.0,154.0,154.0,155.0,159.0,159.0,162.0,163.0,163.0,164.0,165.0,164.0,164.0,164.0,164.0,164.0,164.0,164.0,164.0,164.0,164.0,165.0,165.0,166.0,167.0,167.0,167.0,167.0,167.0,167.0,167.0,167.0,166.0,166.0,166.0,166.0,167.0,167.0,167.0,167.0,167.0,167.0,167.0,167.0,167.0,167.0,167.0,167.0,167.0,167
mZoFL5owaF0,,,,,,,,,,,,,,,,,,,,,,,,,,,,,,,,,,,,,,,,,,,,,,,,,,,,,,,,,,,,,,,,,,,,,,,,,,,,,,,,,,,,,,,,,,,,,,,,,,,,,,,,,,,,,,,,,,,,,,,,,,,,,,,,,,,,,,,,,,,,,,,,,,,7.0,7.0,7.0,7.0,7.0,7.0,7.0,7.0,7.0,7.0,7.0,7.0,7.0,7.0,7.0,7.0,7.0,7.0,7.0,7.0,7.0,7.0,7.0,7.0,7.0,7.0,7.0,7.0,7.0,7.0,7.0,7.0,7.0,7.0,7.0,7.0,7.0,7.0,7.0,7.0,7.0,7.0,7.0,7.0,7.0,7.0,7.0,7.0,7.0,7.0,7.0,7.0,7.0,7.0,7.0,7.0,7.0,7.0,7.0,7.0,7.0,7
ycAFjsJYCCM,,,,,,,,,,,,,,,,,,,,,,,,,,,,,,,,,,,,,,,,,,,,,,,,,,,,,,,,,,,,,,,,,,,,,,,,,,,,,,,,,,,,,,,,,,,,,,,,,,,,,,,,,,,,,,,,,,,,,,,,,,,,,,,,,,,,,,,,,,,,,,,,,,,52.0,68.0,72.0,83.0,85.0,87.0,87.0,88.0,88.0,89.0,89.0,91.0,91.0,92.0,93.0,93.0,93.0,93.0,95.0,95.0,95.0,98.0,98.0,98.0,98.0,98.0,98.0,98.0,99.0,99.0,99.0,99.0,99.0,99.0,101.0,101.0,101.0,102.0,102.0,102.0,102.0,104.0,104.0,104.0,104.0,106.0,106.0,106.0,106.0,106.0,106.0,106.0,106.0,106.0,106.0,106.0,106.0,106.0,106.0,106.0,106.0,106
h8HGbj0enmg,,,,,,,,,,,,,,,,,,,,,,,,,,,,,,,,,,,,,,,,,,,,,,,,,,,,,,,,,,,,,,,,,,,,,,,,,,,,,,,,,,,,,,,,,,,,,,,,,,,,,,,,,,,,,,,,,,,,,,,,,,,,,,,,,,,,,,,,,,,,,,,,,,,666.0,1231.0,1460.0,1624.0,1794.0,1877.0,1952.0,2011.0,2049.0,2107.0,2142.0,2170.0,2195.0,2216.0,2242.0,2271.0,2277.0,2287.0,2298.0,2309.0,2317.0,2331.0,2338.0,2352.0,2357.0,2362.0,2373.0,2378.0,2384.0,2390.0,2399.0,2403.0,2412.0,2421.0,2424.0,2428.0,2431.0,2436.0,2445.0,2449.0,2453.0,2465.0,2473.0,2488.0,2501.0,2512.0,2522.0,2541.0,2552.0,2565.0,2577.0,2592.0,2600.0,2611.0,2619.0,2627.0,2625.0,2629.0,2633.0,2635.0,2640.0,2644
tqGcOmgTq_U,,,,,,,,,,,,,,,,,,,,,,,,,,,,,,,,,,,,,,,,,,,,,,,,,,,,,,,,,,,,,,,,,,,,,,,,,,,,,,,,,,,,,,,,,,,,,,,,,,,,,,,,,,,,,,,,,,,,,,,,,,,,,,,,,,,,,,,,,,,,,,,,,,,76.0,346.0,598.0,721.0,837.0,910.0,964.0,1006.0,1134.0,1325.0,1435.0,1508.0,1566.0,1607.0,1652.0,1678.0,1768.0,1943.0,2024.0,2112.0,2194.0,2253.0,2290.0,2307.0,2308.0,2307.0,2307.0,2308.0,2308.0,2308.0,2308.0,2309.0,2309.0,2308.0,2308.0,2308.0,2308.0,2308.0,2308.0,2308.0,2307.0,2307.0,2307.0,2307.0,2307.0,2307.0,2308.0,2308.0,2308.0,2308.0,2308.0,2308.0,2308.0,2308.0,2308.0,2306.0,2306.0,2306.0,2305.0,2305.0,2305.0,2305
BTEzUKfhWl8,,,,,,,,,,,,,,,,,,,,,,,,,,,,,,,,,,,,,,,,,,,,,,,,,,,,,,,,,,,,,,,,,,,,,,,,,,,,,,,,,,,,,,,,,,,,,,,,,,,,,,,,,,,,,,,,,,,,,,,,,,,,,,,,,,,,,,,,,,,,,,,,,,,410.0,655.0,737.0,799.0,843.0,887.0,907.0,930.0,955.0,971.0,983.0,992.0,999.0,1008.0,1013.0,1019.0,1024.0,1031.0,1034.0,1040.0,1044.0,1046.0,1047.0,1050.0,1053.0,1055.0,1057.0,1059.0,1061.0,1066.0,1067.0,1067.0,1068.0,1065.0,1065.0,1065.0,1067.0,1069.0,1070.0,1070.0,1070.0,1070.0,1071.0,1073.0,1073.0,1074.0,1074.0,1074.0,1074.0,1074.0,1075.0,1076.0,1077.0,1080.0,1082.0,1083.0,1088.0,1088.0,1088.0,1089.0,1089.0,1093
mwjEdVAvfo4,,,,,,,,,,,,,,,,,,,,,,,,,,,,,,,,,,,,,,,,,,,,,,,,,,,,,,,,,,,,,,,,,,,,,,,,,,,,,,,,,,,,,,,,,,,,,,,,,,,,,,,,,,,,,,,,,,,,,,,,,,,,,,,,,,,,,,,,,,,,,,,,,,,18.0,18.0,18.0,18.0,18.0,18.0,18.0,18.0,18.0,18.0,18.0,18.0,18.0,18.0,18.0,18.0,18.0,18.0,18.0,18.0,18.0,18.0,18.0,18.0,18.0,18.0,18.0,18.0,18.0,18.0,18.0,18.0,18.0,18.0,18.0,18.0,18.0,18.0,18.0,18.0,18.0,18.0,18.0,18.0,18.0,18.0,18.0,18.0,18.0,18.0,18.0,18.0,18.0,18.0,18.0,18.0,18.0,18.0,18.0,18.0,18.0,18
QGZ5YNUpl14,,,,,,,,,,,,,,,,,,,,,,,,,,,,,,,,,,,,,,,,,,,,,,,,,,,,,,,,,,,,,,,,,,,,,,,,,,,,,,,,,,,,,,,,,,,,,,,,,,,,,,,,,,,,,,,,,,,,,,,,,,,,,,,,,,,,,,,,,,,,,,,,,,,0.0,0.0,0.0,0.0,0.0,0.0,0.0,0.0,0.0,0.0,0.0,0.0,0.0,0.0,0.0,0.0,0.0,0.0,0.0,0.0,0.0,0.0,0.0,0.0,0.0,0.0,0.0,0.0,0.0,0.0,0.0,0.0,0.0,0.0,0.0,0.0,0.0,0.0,0.0,0.0,0.0,0.0,0.0,0.0,0.0,0.0,0.0,0.0,0.0,0.0,0.0,0.0,0.0,0.0,0.0,0.0,0.0,0.0,0.0,0.0,0.0,0
cO2LQvgMA_k,,,,,,,,,,,,,,,,,,,,,,,,,,,,,,,,,,,,,,,,,,,,,,,,,,,,,,,,,,,,,,,,,,,,,,,,,,,,,,,,,,,,,,,,,,,,,,,,,,,,,,,,,,,,,,,,,,,,,,,,,,,,,,,,,,,,,,,,,,,,,,,,,,,,1049.0,1746.0,2110.0,2498.0,2814.0,2998.0,3265.0,3638.0,3950.0,4188.0,4388.0,4493.0,4577.0,4624.0,4644.0,4657.0,4684.0,4703.0,4725.0,4730.0,4742.0,4749.0,4758.0,4768.0,4772.0,4779.0,4786.0,4791.0,4817.0,4845.0,4850.0,4855.0,4837.0,4838.0,4842.0,4839.0,4841.0,4843.0,4829.0,4822.0,4826.0,4817.0,4814.0,4814.0,4817.0,4818.0,4817.0,4814.0,4818.0,4826.0,4827.0,4826.0,4826.0,4825.0,4828.0,4840.0,4842.0,4846.0,4847.0,4849.0,4852
c4C_9OQjLPs,,,,,,,,,,,,,,,,,,,,,,,,,,,,,,,,,,,,,,,,,,,,,,,,,,,,,,,,,,,,,,,,,,,,,,,,,,,,,,,,,,,,,,,,,,,,,,,,,,,,,,,,,,,,,,,,,,,,,,,,,,,,,,,,,,,,,,,,,,,,,,,,,,,,61.0,126.0,156.0,200.0,230.0,256.0,272.0,279.0,283.0,289.0,290.0,294.0,295.0,299.0,299.0,300.0,302.0,303.0,303.0,302.0,303.0,303.0,302.0,302.0,302.0,302.0,303.0,303.0,305.0,306.0,306.0,306.0,306.0,306.0,306.0,306.0,307.0,309.0,309.0,310.0,311.0,311.0,311.0,311.0,312.0,312.0,312.0,312.0,313.0,313.0,313.0,314.0,315.0,315.0,318.0,318.0,318.0,318.0,318.0,318.0,320
yU-3gZkqI1I,,,,,,,,,,,,,,,,,,,,,,,,,,,,,,,,,,,,,,,,,,,,,,,,,,,,,,,,,,,,,,,,,,,,,,,,,,,,,,,,,,,,,,,,,,,,,,,,,,,,,,,,,,,,,,,,,,,,,,,,,,,,,,,,,,,,,,,,,,,,,,,,,,,,67.0,102.0,112.0,113.0,119.0,120.0,125.0,128.0,128.0,128.0,128.0,130.0,131.0,131.0,132.0,132.0,132.0,132.0,132.0,134.0,134.0,134.0,134.0,134.0,134.0,134.0,134.0,134.0,134.0,134.0,134.0,134.0,134.0,134.0,134.0,134.0,134.0,134.0,134.0,134.0,134.0,135.0,135.0,135.0,136.0,136.0,136.0,136.0,136.0,136.0,136.0,136.0,136.0,136.0,136.0,136.0,136.0,136.0,136.0,136.0,136
2aj-Q7hbPyE,,,,,,,,,,,,,,,,,,,,,,,,,,,,,,,,,,,,,,,,,,,,,,,,,,,,,,,,,,,,,,,,,,,,,,,,,,,,,,,,,,,,,,,,,,,,,,,,,,,,,,,,,,,,,,,,,,,,,,,,,,,,,,,,,,,,,,,,,,,,,,,,,,,,0.0,0.0,0.0,0.0,0.0,0.0,0.0,0.0,0.0,0.0,0.0,0.0,0.0,0.0,0.0,0.0,0.0,0.0,0.0,0.0,0.0,0.0,0.0,0.0,0.0,0.0,0.0,0.0,0.0,0.0,0.0,0.0,0.0,0.0,0.0,0.0,0.0,0.0,0.0,0.0,0.0,0.0,0.0,0.0,0.0,1.0,1.0,1.0,1.0,1.0,1.0,1.0,1.0,1.0,1.0,1.0,1.0,1.0,1.0,1.0,1
trpR7HJcpO0,,,,,,,,,,,,,,,,,,,,,,,,,,,,,,,,,,,,,,,,,,,,,,,,,,,,,,,,,,,,,,,,,,,,,,,,,,,,,,,,,,,,,,,,,,,,,,,,,,,,,,,,,,,,,,,,,,,,,,,,,,,,,,,,,,,,,,,,,,,,,,,,,,,,22.0,24.0,25.0,28.0,28.0,28.0,28.0,28.0,28.0,28.0,28.0,29.0,29.0,29.0,29.0,29.0,30.0,30.0,30.0,30.0,30.0,30.0,32.0,31.0,31.0,31.0,31.0,31.0,31.0,31.0,31.0,31.0,31.0,31.0,31.0,31.0,31.0,31.0,31.0,31.0,31.0,31.0,31.0,31.0,31.0,31.0,31.0,31.0,31.0,31.0,31.0,31.0,31.0,31.0,31.0,31.0,31.0,31.0,31.0,31.0,31
Mjkp5d_5l-g,,,,,,,,,,,,,,,,,,,,,,,,,,,,,,,,,,,,,,,,,,,,,,,,,,,,,,,,,,,,,,,,,,,,,,,,,,,,,,,,,,,,,,,,,,,,,,,,,,,,,,,,,,,,,,,,,,,,,,,,,,,,,,,,,,,,,,,,,,,,,,,,,,,,2.0,2.0,3.0,3.0,3.0,3.0,3.0,3.0,3.0,3.0,3.0,3.0,3.0,3.0,3.0,3.0,3.0,3.0,3.0,3.0,3.0,3.0,3.0,3.0,3.0,3.0,3.0,3.0,3.0,3.0,3.0,3.0,3.0,3.0,3.0,3.0,3.0,3.0,3.0,3.0,3.0,3.0,3.0,3.0,3.0,3.0,3.0,3.0,3.0,3.0,3.0,3.0,3.0,3.0,4.0,4.0,4.0,4.0,4.0,4.0,4
7heiZWvuit0,,,,,,,,,,,,,,,,,,,,,,,,,,,,,,,,,,,,,,,,,,,,,,,,,,,,,,,,,,,,,,,,,,,,,,,,,,,,,,,,,,,,,,,,,,,,,,,,,,,,,,,,,,,,,,,,,,,,,,,,,,,,,,,,,,,,,,,,,,,,,,,,,,,,39.0,50.0,54.0,56.0,58.0,60.0,65.0,69.0,70.0,72.0,72.0,73.0,74.0,75.0,75.0,75.0,75.0,75.0,75.0,77.0,77.0,77.0,77.0,78.0,78.0,79.0,79.0,79.0,80.0,80.0,80.0,80.0,80.0,80.0,80.0,81.0,81.0,81.0,81.0,81.0,81.0,81.0,81.0,81.0,81.0,81.0,81.0,81.0,81.0,81.0,81.0,81.0,81.0,81.0,81.0,81.0,80.0,80.0,80.0,80.0,80
YeVCiWLuqYU,,,,,,,,,,,,,,,,,,,,,,,,,,,,,,,,,,,,,,,,,,,,,,,,,,,,,,,,,,,,,,,,,,,,,,,,,,,,,,,,,,,,,,,,,,,,,,,,,,,,,,,,,,,,,,,,,,,,,,,,,,,,,,,,,,,,,,,,,,,,,,,,,,,,,244.0,377.0,446.0,490.0,520.0,549.0,573.0,610.0,625.0,641.0,658.0,671.0,680.0,684.0,687.0,687.0,681.0,689.0,691.0,692.0,696.0,699.0,702.0,705.0,706.0,709.0,710.0,712.0,713.0,717.0,719.0,719.0,727.0,729.0,729.0,731.0,737.0,738.0,740.0,740.0,742.0,743.0,743.0,745.0,745.0,745.0,745.0,746.0,746.0,747.0,748.0,749.0,749.0,747.0,747.0,747.0,748.0,748.0,748.0,748
9K9kWp8ZQAQ,,,,,,,,,,,,,,,,,,,,,,,,,,,,,,,,,,,,,,,,,,,,,,,,,,,,,,,,,,,,,,,,,,,,,,,,,,,,,,,,,,,,,,,,,,,,,,,,,,,,,,,,,,,,,,,,,,,,,,,,,,,,,,,,,,,,,,,,,,,,,,,,,,,,,227.0,381.0,450.0,501.0,543.0,566.0,585.0,599.0,611.0,616.0,624.0,628.0,636.0,640.0,634.0,636.0,641.0,644.0,643.0,643.0,640.0,641.0,644.0,645.0,646.0,644.0,649.0,652.0,652.0,651.0,651.0,651.0,652.0,652.0,654.0,655.0,655.0,656.0,655.0,656.0,657.0,656.0,659.0,658.0,662.0,663.0,665.0,665.0,665.0,670.0,670.0,671.0,671.0,672.0,673.0,673.0,673.0,673.0,675.0,675
XnXoEFGz5es,,,,,,,,,,,,,,,,,,,,,,,,,,,,,,,,,,,,,,,,,,,,,,,,,,,,,,,,,,,,,,,,,,,,,,,,,,,,,,,,,,,,,,,,,,,,,,,,,,,,,,,,,,,,,,,,,,,,,,,,,,,,,,,,,,,,,,,,,,,,,,,,,,,,,17.0,24.0,28.0,30.0,31.0,31.0,32.0,32.0,32.0,32.0,33.0,33.0,33.0,33.0,33.0,34.0,34.0,34.0,34.0,34.0,35.0,35.0,35.0,35.0,35.0,35.0,35.0,35.0,35.0,35.0,35.0,35.0,35.0,35.0,36.0,36.0,36.0,36.0,36.0,36.0,36.0,36.0,36.0,36.0,36.0,36.0,36.0,36.0,36.0,36.0,36.0,36.0,36.0,36.0,36.0,36.0,36.0,36.0,36.0,36
gxjX0J_zcOQ,,,,,,,,,,,,,,,,,,,,,,,,,,,,,,,,,,,,,,,,,,,,,,,,,,,,,,,,,,,,,,,,,,,,,,,,,,,,,,,,,,,,,,,,,,,,,,,,,,,,,,,,,,,,,,,,,,,,,,,,,,,,,,,,,,,,,,,,,,,,,,,,,,,,,,43.0,53.0,61.0,66.0,76.0,77.0,77.0,78.0,78.0,79.0,80.0,83.0,84.0,84.0,85.0,85.0,86.0,85.0,85.0,85.0,86.0,86.0,87.0,88.0,88.0,89.0,89.0,89.0,89.0,91.0,91.0,93.0,93.0,93.0,93.0,93.0,93.0,92.0,92.0,92.0,93.0,93.0,94.0,94.0,94.0,94.0,94.0,94.0,95.0,95.0,95.0,95.0,95.0,96.0,96.0,96.0,97.0,97.0,97
6q8UMVXhXsE,,,,,,,,,,,,,,,,,,,,,,,,,,,,,,,,,,,,,,,,,,,,,,,,,,,,,,,,,,,,,,,,,,,,,,,,,,,,,,,,,,,,,,,,,,,,,,,,,,,,,,,,,,,,,,,,,,,,,,,,,,,,,,,,,,,,,,,,,,,,,,,,,,,,,,,2862.0,4142.0,4812.0,5202.0,5418.0,5717.0,6155.0,6380.0,6526.0,6641.0,6748.0,6848.0,6957.0,7052.0,7138.0,7225.0,7288.0,7364.0,7380.0,7404.0,7413.0,7429.0,7449.0,7534.0,7557.0,7595.0,7630.0,7657.0,7676.0,7708.0,7751.0,7772.0,7783.0,7797.0,7814.0,7821.0,7828.0,7831.0,7840.0,7856.0,7860.0,7863.0,7864.0,7870.0,7871.0,7872.0,7875.0,7880.0,7881.0,7888.0,7897.0,7892.0,7894.0,7898.0,7897.0,7900.0,7901.0,7903
QERKD90hG98,,,,,,,,,,,,,,,,,,,,,,,,,,,,,,,,,,,,,,,,,,,,,,,,,,,,,,,,,,,,,,,,,,,,,,,,,,,,,,,,,,,,,,,,,,,,,,,,,,,,,,,,,,,,,,,,,,,,,,,,,,,,,,,,,,,,,,,,,,,,,,,,,,,,,,,32808.0,59682.0,72535.0,85283.0,95495.0,103001.0,114985.0,122284.0,127909.0,133522.0,141090.0,147029.0,160170.0,165130.0,169483.0,173592.0,176407.0,178143.0,179944.0,180727.0,181326.0,182236.0,182754.0,183103.0,183501.0,183823.0,184069.0,184252.0,184565.0,184724.0,184899.0,185031.0,185122.0,185274.0,185374.0,185554.0,185636.0,185724.0,185830.0,185920.0,186006.0,186072.0,186140.0,186219.0,186268.0,186337.0,186309.0,186345.0,186378.0,186429.0,186488.0,186599.0,186652.0,186696.0,186719.0,186752.0,186722.0,186778
wAcmabgnXQ4,,,,,,,,,,,,,,,,,,,,,,,,,,,,,,,,,,,,,,,,,,,,,,,,,,,,,,,,,,,,,,,,,,,,,,,,,,,,,,,,,,,,,,,,,,,,,,,,,,,,,,,,,,,,,,,,,,,,,,,,,,,,,,,,,,,,,,,,,,,,,,,,,,,,,,,1139.0,1194.0,1213.0,1231.0,1231.0,1229.0,1232.0,1237.0,1238.0,1238.0,1238.0,1238.0,1238.0,1238.0,1238.0,1239.0,1238.0,1238.0,1239.0,1240.0,1241.0,1243.0,1245.0,1245.0,1244.0,1244.0,1244.0,1249.0,1248.0,1246.0,1247.0,1248.0,1250.0,1248.0,1249.0,1250.0,1251.0,1251.0,1251.0,1250.0,1250.0,1250.0,1250.0,1250.0,1250.0,1250.0,1250.0,1251.0,1251.0,1251.0,1251.0,1252.0,1252.0,1254.0,1254.0,1254.0,1254.0,1254
1XFEtAx5i7E,,,,,,,,,,,,,,,,,,,,,,,,,,,,,,,,,,,,,,,,,,,,,,,,,,,,,,,,,,,,,,,,,,,,,,,,,,,,,,,,,,,,,,,,,,,,,,,,,,,,,,,,,,,,,,,,,,,,,,,,,,,,,,,,,,,,,,,,,,,,,,,,,,,,,,,3677.0,5773.0,6671.0,7238.0,7603.0,7976.0,8371.0,8602.0,8791.0,8911.0,8998.0,9072.0,9126.0,9207.0,9285.0,9329.0,9365.0,9390.0,9412.0,9457.0,9506.0,9508.0,9545.0,9569.0,9606.0,9607.0,9623.0,9628.0,9641.0,9654.0,9678.0,9694.0,9702.0,9713.0,9734.0,9745.0,9756.0,9772.0,9785.0,9795.0,9806.0,9810.0,9816.0,9824.0,9832.0,9836.0,9842.0,9854.0,9865.0,9860.0,9869.0,9883.0,9900.0,9907.0,9915.0,9922.0,9929.0,9940
T3ERfzM84Jo,,,,,,,,,,,,,,,,,,,,,,,,,,,,,,,,,,,,,,,,,,,,,,,,,,,,,,,,,,,,,,,,,,,,,,,,,,,,,,,,,,,,,,,,,,,,,,,,,,,,,,,,,,,,,,,,,,,,,,,,,,,,,,,,,,,,,,,,,,,,,,,,,,,,,,,20.0,35.0,40.0,41.0,41.0,42.0,44.0,45.0,46.0,46.0,46.0,48.0,48.0,48.0,48.0,49.0,50.0,51.0,51.0,51.0,51.0,52.0,52.0,52.0,52.0,52.0,52.0,52.0,52.0,52.0,53.0,53.0,53.0,53.0,53.0,53.0,53.0,53.0,53.0,53.0,53.0,53.0,53.0,53.0,53.0,53.0,53.0,54.0,54.0,54.0,54.0,54.0,54.0,54.0,54.0,54.0,54.0,54
FFcgGFpO1n0,,,,,,,,,,,,,,,,,,,,,,,,,,,,,,,,,,,,,,,,,,,,,,,,,,,,,,,,,,,,,,,,,,,,,,,,,,,,,,,,,,,,,,,,,,,,,,,,,,,,,,,,,,,,,,,,,,,,,,,,,,,,,,,,,,,,,,,,,,,,,,,,,,,,,,,2026.0,2363.0,2505.0,2591.0,2674.0,2709.0,2740.0,2769.0,2807.0,2820.0,2836.0,2849.0,2857.0,2860.0,2862.0,2874.0,2882.0,2888.0,2903.0,2911.0,2914.0,2922.0,2928.0,2931.0,2934.0,2952.0,2966.0,2974.0,2978.0,2984.0,2989.0,2992.0,2992.0,2993.0,2993.0,2995.0,3001.0,3005.0,3008.0,3011.0,3013.0,3017.0,3019.0,3016.0,3017.0,3018.0,3016.0,3017.0,3018.0,3019.0,3026.0,3029.0,3029.0,3031.0,3031.0,3034.0,3035.0,3035
4G2lrKLokkc,,,,,,,,,,,,,,,,,,,,,,,,,,,,,,,,,,,,,,,,,,,,,,,,,,,,,,,,,,,,,,,,,,,,,,,,,,,,,,,,,,,,,,,,,,,,,,,,,,,,,,,,,,,,,,,,,,,,,,,,,,,,,,,,,,,,,,,,,,,,,,,,,,,,,,,13.0,19.0,22.0,26.0,26.0,27.0,27.0,27.0,27.0,27.0,27.0,28.0,28.0,28.0,28.0,28.0,28.0,28.0,28.0,28.0,28.0,28.0,28.0,28.0,28.0,28.0,28.0,28.0,28.0,28.0,28.0,28.0,28.0,28.0,28.0,28.0,28.0,28.0,28.0,28.0,28.0,28.0,28.0,28.0,28.0,28.0,28.0,28.0,28.0,29.0,30.0,30.0,30.0,30.0,30.0,30.0,30.0,30
BfpX8j-OSLw,,,,,,,,,,,,,,,,,,,,,,,,,,,,,,,,,,,,,,,,,,,,,,,,,,,,,,,,,,,,,,,,,,,,,,,,,,,,,,,,,,,,,,,,,,,,,,,,,,,,,,,,,,,,,,,,,,,,,,,,,,,,,,,,,,,,,,,,,,,,,,,,,,,,,,,8.0,8.0,8.0,8.0,8.0,8.0,8.0,8.0,8.0,8.0,8.0,8.0,8.0,8.0,8.0,8.0,8.0,8.0,8.0,8.0,8.0,8.0,8.0,8.0,8.0,8.0,8.0,8.0,8.0,8.0,8.0,8.0,8.0,8.0,8.0,8.0,8.0,8.0,8.0,8.0,8.0,8.0,8.0,8.0,8.0,8.0,8.0,8.0,8.0,8.0,8.0,8.0,8.0,8.0,8.0,8.0,8.0,8
ehnXQVCyzyA,,,,,,,,,,,,,,,,,,,,,,,,,,,,,,,,,,,,,,,,,,,,,,,,,,,,,,,,,,,,,,,,,,,,,,,,,,,,,,,,,,,,,,,,,,,,,,,,,,,,,,,,,,,,,,,,,,,,,,,,,,,,,,,,,,,,,,,,,,,,,,,,,,,,,,,395.0,445.0,485.0,512.0,529.0,538.0,538.0,543.0,549.0,554.0,556.0,560.0,564.0,567.0,567.0,567.0,568.0,568.0,568.0,569.0,573.0,572.0,572.0,573.0,580.0,585.0,598.0,610.0,613.0,618.0,625.0,629.0,632.0,632.0,636.0,639.0,642.0,643.0,644.0,646.0,647.0,656.0,662.0,663.0,663.0,663.0,663.0,662.0,663.0,663.0,663.0,664.0,665.0,664.0,664.0,664.0,664.0,667
P2loH5EOnr8,,,,,,,,,,,,,,,,,,,,,,,,,,,,,,,,,,,,,,,,,,,,,,,,,,,,,,,,,,,,,,,,,,,,,,,,,,,,,,,,,,,,,,,,,,,,,,,,,,,,,,,,,,,,,,,,,,,,,,,,,,,,,,,,,,,,,,,,,,,,,,,,,,,,,,,782.0,903.0,947.0,962.0,973.0,981.0,986.0,987.0,991.0,997.0,998.0,1001.0,1007.0,1010.0,1009.0,1009.0,1012.0,1015.0,1015.0,1014.0,1014.0,1016.0,1018.0,1020.0,1021.0,1022.0,1023.0,1025.0,1026.0,1027.0,1030.0,1030.0,1031.0,1032.0,1033.0,1027.0,1027.0,1026.0,1027.0,1027.0,1028.0,1030.0,1030.0,1031.0,1032.0,1032.0,1033.0,1033.0,1034.0,1034.0,1034.0,1038.0,1039.0,1039.0,1039.0,1040.0,1041.0,1043
61_7Betq1RI,,,,,,,,,,,,,,,,,,,,,,,,,,,,,,,,,,,,,,,,,,,,,,,,,,,,,,,,,,,,,,,,,,,,,,,,,,,,,,,,,,,,,,,,,,,,,,,,,,,,,,,,,,,,,,,,,,,,,,,,,,,,,,,,,,,,,,,,,,,,,,,,,,,,,,,0.0,2.0,2.0,2.0,2.0,2.0,2.0,2.0,2.0,2.0,2.0,2.0,2.0,2.0,2.0,2.0,2.0,2.0,2.0,2.0,2.0,2.0,2.0,2.0,2.0,2.0,2.0,2.0,2.0,2.0,2.0,2.0,2.0,2.0,2.0,2.0,2.0,2.0,2.0,2.0,2.0,2.0,2.0,2.0,2.0,2.0,2.0,2.0,2.0,2.0,2.0,2.0,2.0,2.0,2.0,2.0,2.0,2
FX3w7FTitBI,,,,,,,,,,,,,,,,,,,,,,,,,,,,,,,,,,,,,,,,,,,,,,,,,,,,,,,,,,,,,,,,,,,,,,,,,,,,,,,,,,,,,,,,,,,,,,,,,,,,,,,,,,,,,,,,,,,,,,,,,,,,,,,,,,,,,,,,,,,,,,,,,,,,,,,0.0,0.0,0.0,0.0,0.0,0.0,0.0,0.0,0.0,0.0,0.0,0.0,0.0,0.0,0.0,0.0,0.0,0.0,0.0,0.0,0.0,0.0,0.0,0.0,0.0,0.0,0.0,0.0,0.0,0.0,0.0,0.0,0.0,0.0,0.0,0.0,0.0,0.0,0.0,0.0,0.0,0.0,0.0,0.0,0.0,0.0,0.0,0.0,0.0,0.0,0.0,0.0,0.0,0.0,0.0,0.0,0.0,0
YUo-4KADFrg,,,,,,,,,,,,,,,,,,,,,,,,,,,,,,,,,,,,,,,,,,,,,,,,,,,,,,,,,,,,,,,,,,,,,,,,,,,,,,,,,,,,,,,,,,,,,,,,,,,,,,,,,,,,,,,,,,,,,,,,,,,,,,,,,,,,,,,,,,,,,,,,,,,,,,,1.0,2.0,3.0,4.0,4.0,4.0,4.0,4.0,4.0,4.0,4.0,4.0,4.0,4.0,4.0,4.0,4.0,4.0,4.0,4.0,4.0,4.0,4.0,4.0,4.0,4.0,4.0,4.0,4.0,4.0,4.0,4.0,5.0,5.0,5.0,6.0,6.0,6.0,6.0,6.0,6.0,6.0,6.0,6.0,6.0,7.0,7.0,7.0,7.0,7.0,7.0,7.0,7.0,7.0,7.0,7.0,7.0,7
bdctjZjx5Hs,,,,,,,,,,,,,,,,,,,,,,,,,,,,,,,,,,,,,,,,,,,,,,,,,,,,,,,,,,,,,,,,,,,,,,,,,,,,,,,,,,,,,,,,,,,,,,,,,,,,,,,,,,,,,,,,,,,,,,,,,,,,,,,,,,,,,,,,,,,,,,,,,,,,,,,,1153.0,1582.0,1770.0,1879.0,1975.0,2104.0,2174.0,2229.0,2264.0,2277.0,2315.0,2443.0,2586.0,2668.0,2736.0,2785.0,2822.0,2876.0,2908.0,2972.0,3026.0,3082.0,3111.0,3127.0,3155.0,3165.0,3197.0,3220.0,3251.0,3330.0,3449.0,3879.0,3965.0,4023.0,4052.0,4070.0,4109.0,4126.0,4138.0,4145.0,4147.0,4148.0,4148.0,4150.0,4150.0,4152.0,4155.0,4156.0,4166.0,4171.0,4172.0,4172.0,4173.0,4177.0,4179.0,4181.0,4182
xOUFQXHcVc0,,,,,,,,,,,,,,,,,,,,,,,,,,,,,,,,,,,,,,,,,,,,,,,,,,,,,,,,,,,,,,,,,,,,,,,,,,,,,,,,,,,,,,,,,,,,,,,,,,,,,,,,,,,,,,,,,,,,,,,,,,,,,,,,,,,,,,,,,,,,,,,,,,,,,,,,3856.0,5753.0,6965.0,7901.0,8742.0,9610.0,10269.0,10854.0,11287.0,11611.0,11863.0,12098.0,12282.0,12410.0,12560.0,12691.0,12825.0,12940.0,13079.0,13202.0,13370.0,13480.0,13627.0,13720.0,13798.0,13878.0,13959.0,14081.0,14163.0,14252.0,14316.0,14367.0,14406.0,14461.0,14501.0,14546.0,14644.0,14846.0,14892.0,14916.0,14937.0,14961.0,14980.0,15005.0,15021.0,15024.0,15035.0,15056.0,15074.0,15084.0,15095.0,15108.0,15121.0,15132.0,15143.0,15161.0,15178
vFoUBCzLqJo,,,,,,,,,,,,,,,,,,,,,,,,,,,,,,,,,,,,,,,,,,,,,,,,,,,,,,,,,,,,,,,,,,,,,,,,,,,,,,,,,,,,,,,,,,,,,,,,,,,,,,,,,,,,,,,,,,,,,,,,,,,,,,,,,,,,,,,,,,,,,,,,,,,,,,,,18.0,20.0,20.0,22.0,22.0,25.0,25.0,27.0,28.0,28.0,29.0,28.0,28.0,29.0,29.0,29.0,30.0,30.0,31.0,31.0,31.0,31.0,32.0,32.0,32.0,32.0,32.0,33.0,33.0,33.0,34.0,34.0,34.0,34.0,34.0,34.0,34.0,34.0,33.0,34.0,34.0,34.0,34.0,34.0,34.0,34.0,34.0,34.0,34.0,34.0,34.0,34.0,34.0,34.0,34.0,34.0,34
KYeMRCkeA_g,,,,,,,,,,,,,,,,,,,,,,,,,,,,,,,,,,,,,,,,,,,,,,,,,,,,,,,,,,,,,,,,,,,,,,,,,,,,,,,,,,,,,,,,,,,,,,,,,,,,,,,,,,,,,,,,,,,,,,,,,,,,,,,,,,,,,,,,,,,,,,,,,,,,,,,,22.0,25.0,27.0,29.0,31.0,36.0,36.0,36.0,40.0,40.0,40.0,41.0,41.0,41.0,41.0,41.0,41.0,41.0,42.0,42.0,42.0,43.0,43.0,43.0,44.0,44.0,44.0,44.0,44.0,44.0,44.0,44.0,44.0,44.0,44.0,44.0,44.0,44.0,44.0,44.0,44.0,44.0,44.0,44.0,44.0,44.0,44.0,45.0,45.0,45.0,46.0,46.0,46.0,46.0,46.0,46.0,46
Bz9q1nDXMuw,,,,,,,,,,,,,,,,,,,,,,,,,,,,,,,,,,,,,,,,,,,,,,,,,,,,,,,,,,,,,,,,,,,,,,,,,,,,,,,,,,,,,,,,,,,,,,,,,,,,,,,,,,,,,,,,,,,,,,,,,,,,,,,,,,,,,,,,,,,,,,,,,,,,,,,,0.0,0.0,0.0,0.0,0.0,0.0,0.0,0.0,0.0,0.0,0.0,0.0,0.0,0.0,1.0,3.0,3.0,3.0,3.0,3.0,3.0,3.0,4.0,5.0,5.0,5.0,9.0,9.0,9.0,9.0,9.0,9.0,9.0,9.0,9.0,9.0,9.0,9.0,9.0,10.0,10.0,10.0,10.0,10.0,10.0,10.0,10.0,10.0,10.0,11.0,11.0,11.0,11.0,11.0,11.0,11.0,11
QDWZuzjrufA,,,,,,,,,,,,,,,,,,,,,,,,,,,,,,,,,,,,,,,,,,,,,,,,,,,,,,,,,,,,,,,,,,,,,,,,,,,,,,,,,,,,,,,,,,,,,,,,,,,,,,,,,,,,,,,,,,,,,,,,,,,,,,,,,,,,,,,,,,,,,,,,,,,,,,,,2.0,2.0,3.0,3.0,3.0,3.0,3.0,3.0,3.0,3.0,4.0,4.0,4.0,4.0,4.0,4.0,4.0,4.0,4.0,4.0,4.0,4.0,4.0,4.0,4.0,4.0,4.0,4.0,4.0,4.0,4.0,4.0,4.0,4.0,4.0,4.0,4.0,4.0,4.0,4.0,4.0,4.0,4.0,4.0,4.0,4.0,4.0,4.0,4.0,4.0,4.0,4.0,4.0,4.0,4.0,4.0,4
zBiB0jww7_8,,,,,,,,,,,,,,,,,,,,,,,,,,,,,,,,,,,,,,,,,,,,,,,,,,,,,,,,,,,,,,,,,,,,,,,,,,,,,,,,,,,,,,,,,,,,,,,,,,,,,,,,,,,,,,,,,,,,,,,,,,,,,,,,,,,,,,,,,,,,,,,,,,,,,,,,652.0,807.0,853.0,869.0,878.0,890.0,896.0,900.0,907.0,908.0,908.0,911.0,911.0,911.0,911.0,911.0,910.0,911.0,912.0,914.0,917.0,917.0,917.0,920.0,921.0,923.0,923.0,923.0,923.0,924.0,925.0,925.0,925.0,929.0,930.0,931.0,933.0,932.0,933.0,933.0,933.0,933.0,933.0,933.0,935.0,937.0,937.0,937.0,937.0,939.0,940.0,938.0,940.0,940.0,942.0,942.0,943
4ApJMqqSaX4,,,,,,,,,,,,,,,,,,,,,,,,,,,,,,,,,,,,,,,,,,,,,,,,,,,,,,,,,,,,,,,,,,,,,,,,,,,,,,,,,,,,,,,,,,,,,,,,,,,,,,,,,,,,,,,,,,,,,,,,,,,,,,,,,,,,,,,,,,,,,,,,,,,,,,,,0.0,0.0,0.0,0.0,0.0,0.0,0.0,0.0,0.0,0.0,0.0,0.0,0.0,0.0,0.0,0.0,0.0,0.0,0.0,0.0,0.0,0.0,0.0,0.0,0.0,0.0,0.0,0.0,0.0,0.0,0.0,0.0,0.0,0.0,0.0,0.0,0.0,0.0,0.0,0.0,0.0,0.0,0.0,0.0,0.0,0.0,0.0,0.0,0.0,0.0,0.0,0.0,0.0,0.0,0.0,0.0,0
99arhk9wdNE,,,,,,,,,,,,,,,,,,,,,,,,,,,,,,,,,,,,,,,,,,,,,,,,,,,,,,,,,,,,,,,,,,,,,,,,,,,,,,,,,,,,,,,,,,,,,,,,,,,,,,,,,,,,,,,,,,,,,,,,,,,,,,,,,,,,,,,,,,,,,,,,,,,,,,,,446.0,633.0,715.0,747.0,768.0,786.0,792.0,806.0,812.0,816.0,818.0,826.0,829.0,830.0,832.0,836.0,836.0,837.0,840.0,841.0,843.0,847.0,846.0,848.0,849.0,850.0,850.0,850.0,851.0,851.0,852.0,852.0,853.0,853.0,853.0,854.0,853.0,853.0,853.0,853.0,854.0,854.0,854.0,852.0,852.0,852.0,852.0,852.0,852.0,852.0,854.0,854.0,854.0,854.0,855.0,855.0,856
zJpY_Lw_3f0,,,,,,,,,,,,,,,,,,,,,,,,,,,,,,,,,,,,,,,,,,,,,,,,,,,,,,,,,,,,,,,,,,,,,,,,,,,,,,,,,,,,,,,,,,,,,,,,,,,,,,,,,,,,,,,,,,,,,,,,,,,,,,,,,,,,,,,,,,,,,,,,,,,,,,,,7.0,15.0,22.0,24.0,26.0,26.0,27.0,29.0,29.0,30.0,30.0,30.0,30.0,30.0,31.0,32.0,32.0,32.0,32.0,32.0,32.0,32.0,32.0,33.0,33.0,33.0,34.0,34.0,34.0,35.0,36.0,36.0,37.0,37.0,37.0,37.0,37.0,37.0,37.0,37.0,37.0,37.0,37.0,37.0,37.0,37.0,37.0,37.0,37.0,37.0,37.0,37.0,37.0,37.0,37.0,37.0,37
TV8ztCQedcc,,,,,,,,,,,,,,,,,,,,,,,,,,,,,,,,,,,,,,,,,,,,,,,,,,,,,,,,,,,,,,,,,,,,,,,,,,,,,,,,,,,,,,,,,,,,,,,,,,,,,,,,,,,,,,,,,,,,,,,,,,,,,,,,,,,,,,,,,,,,,,,,,,,,,,,,,247.0,247.0,247.0,247.0,247.0,247.0,247.0,247.0,247.0,247.0,247.0,247.0,247.0,248.0,248.0,248.0,248.0,248.0,248.0,248.0,248.0,248.0,248.0,248.0,248.0,247.0,247.0,247.0,247.0,247.0,247.0,247.0,247.0,247.0,247.0,247.0,247.0,248.0,248.0,248.0,248.0,248.0,248.0,248.0,248.0,248.0,248.0,248.0,247.0,247.0,247.0,247.0,247.0,247.0,247.0,247
GBUoWTqnivA,,,,,,,,,,,,,,,,,,,,,,,,,,,,,,,,,,,,,,,,,,,,,,,,,,,,,,,,,,,,,,,,,,,,,,,,,,,,,,,,,,,,,,,,,,,,,,,,,,,,,,,,,,,,,,,,,,,,,,,,,,,,,,,,,,,,,,,,,,,,,,,,,,,,,,,,,83.0,83.0,83.0,83.0,83.0,83.0,83.0,83.0,83.0,83.0,83.0,83.0,83.0,83.0,83.0,83.0,83.0,83.0,83.0,83.0,83.0,83.0,83.0,83.0,83.0,83.0,83.0,83.0,83.0,83.0,83.0,83.0,83.0,83.0,83.0,83.0,83.0,83.0,83.0,83.0,83.0,83.0,83.0,83.0,83.0,83.0,83.0,83.0,83.0,83.0,83.0,83.0,83.0,83.0,83.0,83
pyA7oi0ErA8,,,,,,,,,,,,,,,,,,,,,,,,,,,,,,,,,,,,,,,,,,,,,,,,,,,,,,,,,,,,,,,,,,,,,,,,,,,,,,,,,,,,,,,,,,,,,,,,,,,,,,,,,,,,,,,,,,,,,,,,,,,,,,,,,,,,,,,,,,,,,,,,,,,,,,,,,96.0,96.0,96.0,96.0,96.0,96.0,96.0,96.0,96.0,96.0,96.0,96.0,96.0,95.0,95.0,95.0,95.0,95.0,95.0,95.0,95.0,95.0,95.0,95.0,95.0,95.0,95.0,95.0,95.0,95.0,96.0,96.0,96.0,96.0,96.0,96.0,96.0,96.0,96.0,96.0,96.0,96.0,96.0,96.0,96.0,96.0,96.0,96.0,96.0,96.0,96.0,96.0,96.0,96.0,97.0,97
q88d9hGQ-g4,,,,,,,,,,,,,,,,,,,,,,,,,,,,,,,,,,,,,,,,,,,,,,,,,,,,,,,,,,,,,,,,,,,,,,,,,,,,,,,,,,,,,,,,,,,,,,,,,,,,,,,,,,,,,,,,,,,,,,,,,,,,,,,,,,,,,,,,,,,,,,,,,,,,,,,,,25.0,25.0,25.0,25.0,25.0,25.0,25.0,25.0,25.0,25.0,26.0,26.0,26.0,26.0,27.0,27.0,27.0,27.0,27.0,27.0,27.0,27.0,27.0,27.0,27.0,27.0,27.0,27.0,27.0,27.0,27.0,27.0,27.0,27.0,27.0,27.0,27.0,27.0,27.0,27.0,27.0,27.0,27.0,27.0,27.0,27.0,27.0,27.0,27.0,27.0,27.0,27.0,27.0,27.0,27.0,27
rO1_2oN-0lA,,,,,,,,,,,,,,,,,,,,,,,,,,,,,,,,,,,,,,,,,,,,,,,,,,,,,,,,,,,,,,,,,,,,,,,,,,,,,,,,,,,,,,,,,,,,,,,,,,,,,,,,,,,,,,,,,,,,,,,,,,,,,,,,,,,,,,,,,,,,,,,,,,,,,,,,,1196.0,1244.0,1269.0,1292.0,1308.0,1330.0,1341.0,1347.0,1349.0,1350.0,1356.0,1361.0,1365.0,1371.0,1376.0,1378.0,1380.0,1383.0,1383.0,1383.0,1385.0,1386.0,1386.0,1387.0,1387.0,1387.0,1388.0,1389.0,1391.0,1392.0,1393.0,1393.0,1394.0,1394.0,1394.0,1393.0,1393.0,1392.0,1392.0,1393.0,1393.0,1395.0,1394.0,1395.0,1397.0,1397.0,1396.0,1396.0,1395.0,1395.0,1394.0,1394.0,1394.0,1395.0,1396.0,1393
zP7Zi0_XfXU,,,,,,,,,,,,,,,,,,,,,,,,,,,,,,,,,,,,,,,,,,,,,,,,,,,,,,,,,,,,,,,,,,,,,,,,,,,,,,,,,,,,,,,,,,,,,,,,,,,,,,,,,,,,,,,,,,,,,,,,,,,,,,,,,,,,,,,,,,,,,,,,,,,,,,,,,46.0,52.0,58.0,64.0,66.0,66.0,66.0,66.0,66.0,67.0,68.0,68.0,68.0,69.0,69.0,68.0,69.0,69.0,69.0,69.0,69.0,69.0,69.0,69.0,70.0,71.0,71.0,71.0,71.0,71.0,71.0,71.0,71.0,71.0,71.0,71.0,71.0,70.0,70.0,69.0,69.0,69.0,69.0,69.0,69.0,69.0,69.0,69.0,69.0,69.0,69.0,69.0,69.0,69.0,69.0,69
yMvsKWGPEIU,,,,,,,,,,,,,,,,,,,,,,,,,,,,,,,,,,,,,,,,,,,,,,,,,,,,,,,,,,,,,,,,,,,,,,,,,,,,,,,,,,,,,,,,,,,,,,,,,,,,,,,,,,,,,,,,,,,,,,,,,,,,,,,,,,,,,,,,,,,,,,,,,,,,,,,,,279.0,329.0,344.0,352.0,361.0,370.0,371.0,376.0,379.0,378.0,378.0,383.0,384.0,386.0,385.0,386.0,388.0,390.0,392.0,392.0,392.0,392.0,392.0,393.0,394.0,396.0,397.0,398.0,398.0,401.0,401.0,401.0,401.0,402.0,401.0,404.0,404.0,405.0,406.0,406.0,406.0,406.0,406.0,406.0,406.0,406.0,407.0,407.0,413.0,412.0,413.0,414.0,414.0,417.0,417.0,417
PVzSI9PpkXc,,,,,,,,,,,,,,,,,,,,,,,,,,,,,,,,,,,,,,,,,,,,,,,,,,,,,,,,,,,,,,,,,,,,,,,,,,,,,,,,,,,,,,,,,,,,,,,,,,,,,,,,,,,,,,,,,,,,,,,,,,,,,,,,,,,,,,,,,,,,,,,,,,,,,,,,,,5082.0,8310.0,9580.0,10248.0,10648.0,10967.0,11262.0,11564.0,11723.0,11843.0,11935.0,12026.0,12076.0,12111.0,12162.0,12215.0,12243.0,12269.0,12298.0,12319.0,12352.0,12379.0,12410.0,12434.0,12452.0,12485.0,12511.0,12535.0,12551.0,12570.0,12579.0,12587.0,12597.0,12617.0,12631.0,12643.0,12660.0,12673.0,12688.0,12698.0,12709.0,12722.0,12737.0,12746.0,12755.0,12760.0,12765.0,12777.0,12785.0,12792.0,12801.0,12813.0,12823.0,12827.0,12835
ZQxa_TS6kP0,,,,,,,,,,,,,,,,,,,,,,,,,,,,,,,,,,,,,,,,,,,,,,,,,,,,,,,,,,,,,,,,,,,,,,,,,,,,,,,,,,,,,,,,,,,,,,,,,,,,,,,,,,,,,,,,,,,,,,,,,,,,,,,,,,,,,,,,,,,,,,,,,,,,,,,,,,212.0,227.0,237.0,237.0,240.0,241.0,242.0,242.0,243.0,243.0,243.0,243.0,243.0,244.0,245.0,245.0,244.0,244.0,244.0,244.0,246.0,246.0,246.0,246.0,247.0,247.0,246.0,246.0,246.0,246.0,246.0,246.0,247.0,247.0,247.0,247.0,247.0,247.0,247.0,247.0,247.0,247.0,246.0,246.0,246.0,246.0,246.0,246.0,246.0,246.0,246.0,245.0,245.0,245.0,245
wb2cgWhidgQ,,,,,,,,,,,,,,,,,,,,,,,,,,,,,,,,,,,,,,,,,,,,,,,,,,,,,,,,,,,,,,,,,,,,,,,,,,,,,,,,,,,,,,,,,,,,,,,,,,,,,,,,,,,,,,,,,,,,,,,,,,,,,,,,,,,,,,,,,,,,,,,,,,,,,,,,,,42.0,45.0,47.0,47.0,49.0,52.0,52.0,52.0,53.0,53.0,53.0,53.0,53.0,54.0,54.0,54.0,54.0,54.0,54.0,54.0,54.0,54.0,54.0,54.0,55.0,55.0,54.0,53.0,53.0,53.0,53.0,53.0,53.0,53.0,53.0,53.0,53.0,53.0,53.0,53.0,53.0,53.0,53.0,53.0,53.0,53.0,54.0,54.0,54.0,54.0,54.0,54.0,54.0,54.0,54
yyH4eOF_8p8,,,,,,,,,,,,,,,,,,,,,,,,,,,,,,,,,,,,,,,,,,,,,,,,,,,,,,,,,,,,,,,,,,,,,,,,,,,,,,,,,,,,,,,,,,,,,,,,,,,,,,,,,,,,,,,,,,,,,,,,,,,,,,,,,,,,,,,,,,,,,,,,,,,,,,,,,,545.0,581.0,597.0,605.0,608.0,608.0,609.0,610.0,613.0,613.0,615.0,616.0,615.0,617.0,617.0,617.0,617.0,617.0,618.0,618.0,618.0,618.0,618.0,618.0,618.0,619.0,620.0,620.0,621.0,622.0,622.0,622.0,622.0,622.0,621.0,621.0,621.0,622.0,622.0,622.0,622.0,622.0,622.0,622.0,622.0,622.0,622.0,622.0,622.0,622.0,622.0,621.0,621.0,620.0,620
doA7qllP-X8,,,,,,,,,,,,,,,,,,,,,,,,,,,,,,,,,,,,,,,,,,,,,,,,,,,,,,,,,,,,,,,,,,,,,,,,,,,,,,,,,,,,,,,,,,,,,,,,,,,,,,,,,,,,,,,,,,,,,,,,,,,,,,,,,,,,,,,,,,,,,,,,,,,,,,,,,,36.0,58.0,70.0,74.0,78.0,78.0,81.0,86.0,87.0,90.0,94.0,96.0,96.0,96.0,96.0,96.0,96.0,96.0,96.0,97.0,97.0,97.0,97.0,97.0,97.0,99.0,100.0,100.0,101.0,101.0,101.0,102.0,102.0,102.0,102.0,102.0,102.0,102.0,104.0,104.0,104.0,105.0,105.0,105.0,105.0,106.0,106.0,107.0,107.0,106.0,106.0,106.0,106.0,106.0,106
MCXms-tVWYo,,,,,,,,,,,,,,,,,,,,,,,,,,,,,,,,,,,,,,,,,,,,,,,,,,,,,,,,,,,,,,,,,,,,,,,,,,,,,,,,,,,,,,,,,,,,,,,,,,,,,,,,,,,,,,,,,,,,,,,,,,,,,,,,,,,,,,,,,,,,,,,,,,,,,,,,,,2.0,4.0,4.0,5.0,5.0,5.0,5.0,5.0,5.0,5.0,5.0,5.0,5.0,5.0,5.0,5.0,5.0,5.0,5.0,5.0,6.0,6.0,6.0,6.0,6.0,6.0,6.0,6.0,6.0,6.0,6.0,6.0,7.0,7.0,7.0,7.0,7.0,7.0,7.0,7.0,7.0,7.0,7.0,7.0,7.0,7.0,7.0,7.0,8.0,8.0,8.0,8.0,8.0,9.0,9
wejQt77jGqE,,,,,,,,,,,,,,,,,,,,,,,,,,,,,,,,,,,,,,,,,,,,,,,,,,,,,,,,,,,,,,,,,,,,,,,,,,,,,,,,,,,,,,,,,,,,,,,,,,,,,,,,,,,,,,,,,,,,,,,,,,,,,,,,,,,,,,,,,,,,,,,,,,,,,,,,,,0.0,0.0,0.0,0.0,0.0,0.0,0.0,0.0,0.0,0.0,0.0,0.0,0.0,0.0,0.0,0.0,0.0,0.0,0.0,0.0,0.0,0.0,0.0,0.0,0.0,0.0,0.0,0.0,0.0,0.0,0.0,0.0,0.0,0.0,0.0,0.0,0.0,0.0,0.0,0.0,0.0,0.0,0.0,0.0,0.0,0.0,0.0,0.0,0.0,0.0,0.0,0.0,0.0,0.0,0
z-loRS00J6Q,,,,,,,,,,,,,,,,,,,,,,,,,,,,,,,,,,,,,,,,,,,,,,,,,,,,,,,,,,,,,,,,,,,,,,,,,,,,,,,,,,,,,,,,,,,,,,,,,,,,,,,,,,,,,,,,,,,,,,,,,,,,,,,,,,,,,,,,,,,,,,,,,,,,,,,,,,51.0,72.0,81.0,83.0,84.0,87.0,91.0,93.0,96.0,93.0,94.0,96.0,96.0,96.0,90.0,91.0,92.0,94.0,95.0,94.0,95.0,95.0,97.0,97.0,97.0,97.0,101.0,101.0,101.0,101.0,101.0,100.0,99.0,100.0,100.0,100.0,100.0,100.0,100.0,100.0,100.0,100.0,100.0,100.0,100.0,100.0,100.0,100.0,100.0,100.0,100.0,100.0,100.0,100.0,100
tqUEbsyl_4Q,,,,,,,,,,,,,,,,,,,,,,,,,,,,,,,,,,,,,,,,,,,,,,,,,,,,,,,,,,,,,,,,,,,,,,,,,,,,,,,,,,,,,,,,,,,,,,,,,,,,,,,,,,,,,,,,,,,,,,,,,,,,,,,,,,,,,,,,,,,,,,,,,,,,,,,,,,1.0,3.0,5.0,5.0,5.0,5.0,7.0,7.0,9.0,9.0,9.0,9.0,9.0,10.0,10.0,10.0,10.0,10.0,10.0,10.0,10.0,10.0,10.0,10.0,10.0,10.0,10.0,11.0,11.0,11.0,11.0,11.0,11.0,11.0,12.0,12.0,12.0,12.0,12.0,13.0,13.0,13.0,13.0,13.0,13.0,13.0,13.0,13.0,13.0,13.0,14.0,14.0,15.0,15.0,15
Insd4k8JZ-Y,,,,,,,,,,,,,,,,,,,,,,,,,,,,,,,,,,,,,,,,,,,,,,,,,,,,,,,,,,,,,,,,,,,,,,,,,,,,,,,,,,,,,,,,,,,,,,,,,,,,,,,,,,,,,,,,,,,,,,,,,,,,,,,,,,,,,,,,,,,,,,,,,,,,,,,,,,24.0,31.0,39.0,45.0,45.0,46.0,46.0,47.0,47.0,49.0,49.0,50.0,51.0,51.0,51.0,51.0,52.0,52.0,53.0,54.0,54.0,55.0,55.0,56.0,57.0,57.0,57.0,58.0,58.0,58.0,59.0,59.0,59.0,59.0,59.0,59.0,59.0,59.0,59.0,59.0,59.0,59.0,59.0,59.0,59.0,59.0,59.0,59.0,59.0,59.0,59.0,60.0,60.0,60.0,60
zgczuKQvHSk,,,,,,,,,,,,,,,,,,,,,,,,,,,,,,,,,,,,,,,,,,,,,,,,,,,,,,,,,,,,,,,,,,,,,,,,,,,,,,,,,,,,,,,,,,,,,,,,,,,,,,,,,,,,,,,,,,,,,,,,,,,,,,,,,,,,,,,,,,,,,,,,,,,,,,,,,,,0.0,0.0,0.0,0.0,0.0,0.0,0.0,0.0,0.0,0.0,0.0,0.0,0.0,0.0,0.0,0.0,0.0,0.0,0.0,0.0,0.0,0.0,0.0,0.0,0.0,0.0,0.0,0.0,0.0,0.0,0.0,0.0,0.0,0.0,0.0,0.0,0.0,0.0,0.0,0.0,0.0,0.0,0.0,0.0,0.0,0.0,0.0,0.0,0.0,0.0,0.0,0.0,0.0,0
-bHcbnUxSHU,,,,,,,,,,,,,,,,,,,,,,,,,,,,,,,,,,,,,,,,,,,,,,,,,,,,,,,,,,,,,,,,,,,,,,,,,,,,,,,,,,,,,,,,,,,,,,,,,,,,,,,,,,,,,,,,,,,,,,,,,,,,,,,,,,,,,,,,,,,,,,,,,,,,,,,,,,,7.0,8.0,9.0,9.0,9.0,9.0,9.0,9.0,9.0,9.0,10.0,10.0,10.0,10.0,10.0,10.0,10.0,10.0,10.0,10.0,10.0,10.0,10.0,10.0,10.0,10.0,10.0,10.0,10.0,10.0,10.0,10.0,10.0,10.0,10.0,10.0,10.0,10.0,10.0,10.0,10.0,10.0,10.0,10.0,10.0,10.0,10.0,10.0,11.0,11.0,11.0,11.0,11.0,11
N53oiP7KvbM,,,,,,,,,,,,,,,,,,,,,,,,,,,,,,,,,,,,,,,,,,,,,,,,,,,,,,,,,,,,,,,,,,,,,,,,,,,,,,,,,,,,,,,,,,,,,,,,,,,,,,,,,,,,,,,,,,,,,,,,,,,,,,,,,,,,,,,,,,,,,,,,,,,,,,,,,,,198.0,293.0,310.0,329.0,354.0,367.0,376.0,383.0,390.0,393.0,393.0,397.0,398.0,403.0,404.0,404.0,408.0,409.0,411.0,412.0,414.0,416.0,418.0,421.0,421.0,421.0,421.0,422.0,423.0,425.0,425.0,426.0,426.0,426.0,426.0,426.0,426.0,427.0,427.0,427.0,427.0,427.0,427.0,428.0,428.0,428.0,428.0,428.0,428.0,428.0,428.0,428.0,428.0,428
Zc4u0gLS1H0,,,,,,,,,,,,,,,,,,,,,,,,,,,,,,,,,,,,,,,,,,,,,,,,,,,,,,,,,,,,,,,,,,,,,,,,,,,,,,,,,,,,,,,,,,,,,,,,,,,,,,,,,,,,,,,,,,,,,,,,,,,,,,,,,,,,,,,,,,,,,,,,,,,,,,,,,,,125.0,169.0,181.0,190.0,199.0,210.0,213.0,218.0,221.0,229.0,233.0,240.0,241.0,242.0,244.0,252.0,261.0,266.0,274.0,280.0,285.0,287.0,292.0,295.0,295.0,297.0,302.0,305.0,307.0,307.0,308.0,308.0,308.0,312.0,314.0,316.0,316.0,317.0,318.0,318.0,321.0,322.0,323.0,323.0,323.0,324.0,324.0,325.0,326.0,326.0,326.0,327.0,327.0,327
BDLR77xNlzA,,,,,,,,,,,,,,,,,,,,,,,,,,,,,,,,,,,,,,,,,,,,,,,,,,,,,,,,,,,,,,,,,,,,,,,,,,,,,,,,,,,,,,,,,,,,,,,,,,,,,,,,,,,,,,,,,,,,,,,,,,,,,,,,,,,,,,,,,,,,,,,,,,,,,,,,,,,5.0,6.0,6.0,6.0,6.0,8.0,8.0,8.0,8.0,8.0,8.0,8.0,8.0,8.0,8.0,8.0,8.0,8.0,8.0,8.0,8.0,8.0,8.0,8.0,8.0,8.0,8.0,8.0,8.0,8.0,8.0,8.0,8.0,9.0,9.0,9.0,9.0,9.0,9.0,9.0,9.0,9.0,9.0,9.0,9.0,9.0,9.0,9.0,9.0,9.0,9.0,9.0,9.0,9
39d3TUxv2oY,,,,,,,,,,,,,,,,,,,,,,,,,,,,,,,,,,,,,,,,,,,,,,,,,,,,,,,,,,,,,,,,,,,,,,,,,,,,,,,,,,,,,,,,,,,,,,,,,,,,,,,,,,,,,,,,,,,,,,,,,,,,,,,,,,,,,,,,,,,,,,,,,,,,,,,,,,,0.0,0.0,0.0,0.0,0.0,0.0,0.0,0.0,0.0,0.0,0.0,0.0,0.0,0.0,0.0,0.0,0.0,0.0,0.0,0.0,0.0,0.0,0.0,0.0,0.0,0.0,0.0,0.0,0.0,0.0,0.0,0.0,0.0,0.0,0.0,0.0,0.0,0.0,0.0,0.0,0.0,0.0,0.0,0.0,0.0,0.0,0.0,0.0,0.0,0.0,0.0,0.0,0.0,0
k6rYn502PQo,,,,,,,,,,,,,,,,,,,,,,,,,,,,,,,,,,,,,,,,,,,,,,,,,,,,,,,,,,,,,,,,,,,,,,,,,,,,,,,,,,,,,,,,,,,,,,,,,,,,,,,,,,,,,,,,,,,,,,,,,,,,,,,,,,,,,,,,,,,,,,,,,,,,,,,,,,,27.0,33.0,37.0,38.0,38.0,38.0,38.0,38.0,38.0,38.0,39.0,40.0,40.0,41.0,42.0,42.0,42.0,42.0,42.0,42.0,42.0,42.0,42.0,43.0,43.0,43.0,43.0,44.0,44.0,44.0,44.0,44.0,44.0,45.0,45.0,45.0,45.0,45.0,45.0,45.0,45.0,45.0,45.0,45.0,45.0,45.0,45.0,45.0,45.0,45.0,45.0,45.0,45.0,45
DDAHyCsnqm4,,,,,,,,,,,,,,,,,,,,,,,,,,,,,,,,,,,,,,,,,,,,,,,,,,,,,,,,,,,,,,,,,,,,,,,,,,,,,,,,,,,,,,,,,,,,,,,,,,,,,,,,,,,,,,,,,,,,,,,,,,,,,,,,,,,,,,,,,,,,,,,,,,,,,,,,,,,44.0,172.0,216.0,238.0,246.0,247.0,251.0,253.0,255.0,256.0,258.0,258.0,259.0,259.0,259.0,260.0,260.0,261.0,263.0,263.0,263.0,264.0,264.0,263.0,263.0,263.0,263.0,263.0,263.0,263.0,263.0,264.0,264.0,264.0,265.0,265.0,266.0,266.0,267.0,267.0,267.0,267.0,264.0,264.0,264.0,264.0,264.0,264.0,264.0,264.0,265.0,265.0,265.0,264
jzs8p_i9oQM,,,,,,,,,,,,,,,,,,,,,,,,,,,,,,,,,,,,,,,,,,,,,,,,,,,,,,,,,,,,,,,,,,,,,,,,,,,,,,,,,,,,,,,,,,,,,,,,,,,,,,,,,,,,,,,,,,,,,,,,,,,,,,,,,,,,,,,,,,,,,,,,,,,,,,,,,,,894.0,896.0,897.0,898.0,900.0,925.0,925.0,925.0,927.0,927.0,928.0,929.0,929.0,930.0,932.0,931.0,931.0,930.0,930.0,927.0,928.0,925.0,925.0,925.0,926.0,926.0,927.0,930.0,932.0,930.0,935.0,938.0,940.0,946.0,944.0,944.0,945.0,946.0,946.0,947.0,946.0,946.0,948.0,949.0,949.0,951.0,954.0,954.0,961.0,961.0,961.0,961.0,963.0,963
jeWdFtezuG4,,,,,,,,,,,,,,,,,,,,,,,,,,,,,,,,,,,,,,,,,,,,,,,,,,,,,,,,,,,,,,,,,,,,,,,,,,,,,,,,,,,,,,,,,,,,,,,,,,,,,,,,,,,,,,,,,,,,,,,,,,,,,,,,,,,,,,,,,,,,,,,,,,,,,,,,,,,,0.0,0.0,0.0,0.0,0.0,0.0,0.0,0.0,0.0,0.0,0.0,0.0,0.0,0.0,0.0,0.0,0.0,0.0,0.0,0.0,0.0,0.0,0.0,0.0,0.0,0.0,0.0,0.0,0.0,0.0,0.0,0.0,0.0,0.0,0.0,0.0,0.0,0.0,0.0,0.0,0.0,0.0,0.0,0.0,0.0,0.0,0.0,0.0,0.0,0.0,0.0,0.0,0
DRo_8e8j1vM,,,,,,,,,,,,,,,,,,,,,,,,,,,,,,,,,,,,,,,,,,,,,,,,,,,,,,,,,,,,,,,,,,,,,,,,,,,,,,,,,,,,,,,,,,,,,,,,,,,,,,,,,,,,,,,,,,,,,,,,,,,,,,,,,,,,,,,,,,,,,,,,,,,,,,,,,,,,3157.0,3274.0,3360.0,3442.0,3486.0,3603.0,3667.0,3710.0,3743.0,3767.0,3783.0,3823.0,3832.0,3836.0,3847.0,3844.0,3849.0,3853.0,3862.0,3868.0,3874.0,3879.0,3884.0,3886.0,3890.0,3898.0,3905.0,3906.0,3913.0,3922.0,3924.0,3928.0,3926.0,3936.0,3941.0,3947.0,3952.0,3959.0,3963.0,3968.0,3969.0,3972.0,3981.0,3984.0,3988.0,3989.0,3986.0,3994.0,3998.0,3995.0,3993.0,3993.0,3998
WnYyIAlWsx8,,,,,,,,,,,,,,,,,,,,,,,,,,,,,,,,,,,,,,,,,,,,,,,,,,,,,,,,,,,,,,,,,,,,,,,,,,,,,,,,,,,,,,,,,,,,,,,,,,,,,,,,,,,,,,,,,,,,,,,,,,,,,,,,,,,,,,,,,,,,,,,,,,,,,,,,,,,,257.0,482.0,569.0,682.0,760.0,846.0,934.0,1013.0,1065.0,1092.0,1137.0,1226.0,1349.0,1473.0,1562.0,1665.0,1741.0,1879.0,2059.0,2176.0,2266.0,2348.0,2440.0,2508.0,2571.0,2656.0,2731.0,2851.0,2921.0,3021.0,3073.0,3158.0,3262.0,3347.0,3412.0,3479.0,3529.0,3573.0,3645.0,3728.0,3826.0,3939.0,4072.0,4201.0,4305.0,4429.0,4536.0,4653.0,4759.0,4963.0,5088.0,5188.0,5304
naoGk-Zjc1s,,,,,,,,,,,,,,,,,,,,,,,,,,,,,,,,,,,,,,,,,,,,,,,,,,,,,,,,,,,,,,,,,,,,,,,,,,,,,,,,,,,,,,,,,,,,,,,,,,,,,,,,,,,,,,,,,,,,,,,,,,,,,,,,,,,,,,,,,,,,,,,,,,,,,,,,,,,,,25540.0,69668.0,74138.0,76678.0,78228.0,79371.0,80445.0,81167.0,81802.0,82240.0,82625.0,83009.0,83401.0,83812.0,84150.0,84584.0,85010.0,85519.0,86279.0,86623.0,86856.0,87152.0,87342.0,87536.0,87735.0,87931.0,88065.0,88270.0,88418.0,88652.0,88791.0,88870.0,88976.0,89035.0,89111.0,89112.0,89169.0,89214.0,89279.0,89336.0,89403.0,89487.0,89521.0,89558.0,89599.0,89675.0,89732.0,89822.0,89894.0,89943.0,90023.0,90098
Xp4pWFGgV_8,,,,,,,,,,,,,,,,,,,,,,,,,,,,,,,,,,,,,,,,,,,,,,,,,,,,,,,,,,,,,,,,,,,,,,,,,,,,,,,,,,,,,,,,,,,,,,,,,,,,,,,,,,,,,,,,,,,,,,,,,,,,,,,,,,,,,,,,,,,,,,,,,,,,,,,,,,,,,0.0,0.0,0.0,0.0,0.0,0.0,0.0,0.0,0.0,0.0,0.0,0.0,0.0,0.0,0.0,0.0,0.0,0.0,0.0,0.0,0.0,0.0,0.0,0.0,0.0,0.0,0.0,0.0,0.0,0.0,0.0,0.0,0.0,0.0,0.0,0.0,1.0,2.0,3.0,5.0,7.0,8.0,9.0,9.0,10.0,11.0,11.0,11.0,11.0,12.0,13.0,13
3yNV3IqB8WA,,,,,,,,,,,,,,,,,,,,,,,,,,,,,,,,,,,,,,,,,,,,,,,,,,,,,,,,,,,,,,,,,,,,,,,,,,,,,,,,,,,,,,,,,,,,,,,,,,,,,,,,,,,,,,,,,,,,,,,,,,,,,,,,,,,,,,,,,,,,,,,,,,,,,,,,,,,,,149.0,156.0,162.0,165.0,169.0,175.0,175.0,178.0,180.0,181.0,182.0,183.0,184.0,184.0,186.0,187.0,187.0,187.0,188.0,188.0,191.0,191.0,191.0,191.0,191.0,191.0,191.0,191.0,191.0,191.0,191.0,191.0,191.0,191.0,192.0,192.0,192.0,192.0,192.0,193.0,193.0,193.0,193.0,193.0,193.0,194.0,194.0,194.0,194.0,194.0,194.0,194
_ih_WD10lZA,,,,,,,,,,,,,,,,,,,,,,,,,,,,,,,,,,,,,,,,,,,,,,,,,,,,,,,,,,,,,,,,,,,,,,,,,,,,,,,,,,,,,,,,,,,,,,,,,,,,,,,,,,,,,,,,,,,,,,,,,,,,,,,,,,,,,,,,,,,,,,,,,,,,,,,,,,,,,3.0,4.0,4.0,5.0,7.0,7.0,10.0,10.0,11.0,11.0,11.0,11.0,13.0,13.0,13.0,13.0,13.0,13.0,13.0,13.0,13.0,13.0,14.0,14.0,14.0,14.0,14.0,14.0,14.0,14.0,14.0,14.0,14.0,14.0,14.0,14.0,14.0,14.0,14.0,14.0,14.0,14.0,14.0,14.0,14.0,14.0,14.0,14.0,14.0,14.0,14.0,14
NQRGAh7ukh8,,,,,,,,,,,,,,,,,,,,,,,,,,,,,,,,,,,,,,,,,,,,,,,,,,,,,,,,,,,,,,,,,,,,,,,,,,,,,,,,,,,,,,,,,,,,,,,,,,,,,,,,,,,,,,,,,,,,,,,,,,,,,,,,,,,,,,,,,,,,,,,,,,,,,,,,,,,,,,5478.0,7933.0,9024.0,9836.0,10587.0,11057.0,11419.0,11766.0,11956.0,12124.0,12229.0,12299.0,12395.0,12453.0,12517.0,12569.0,12630.0,12665.0,12701.0,12718.0,12746.0,12776.0,12796.0,12831.0,12858.0,12878.0,12895.0,12918.0,12941.0,12949.0,12972.0,13013.0,13034.0,13050.0,13073.0,13092.0,13109.0,13113.0,13123.0,13138.0,13148.0,13159.0,13168.0,13174.0,13183.0,13196.0,13208.0,13214.0,13220.0,13229.0,13210
Sntl8toLiYU,,,,,,,,,,,,,,,,,,,,,,,,,,,,,,,,,,,,,,,,,,,,,,,,,,,,,,,,,,,,,,,,,,,,,,,,,,,,,,,,,,,,,,,,,,,,,,,,,,,,,,,,,,,,,,,,,,,,,,,,,,,,,,,,,,,,,,,,,,,,,,,,,,,,,,,,,,,,,,135.0,191.0,206.0,215.0,220.0,223.0,228.0,234.0,236.0,237.0,238.0,241.0,244.0,248.0,250.0,250.0,249.0,249.0,249.0,250.0,250.0,251.0,255.0,255.0,255.0,255.0,259.0,261.0,261.0,261.0,261.0,261.0,261.0,261.0,261.0,262.0,264.0,264.0,265.0,266.0,266.0,266.0,266.0,265.0,265.0,265.0,264.0,264.0,264.0,263.0,263
Rk5-cvNboCM,,,,,,,,,,,,,,,,,,,,,,,,,,,,,,,,,,,,,,,,,,,,,,,,,,,,,,,,,,,,,,,,,,,,,,,,,,,,,,,,,,,,,,,,,,,,,,,,,,,,,,,,,,,,,,,,,,,,,,,,,,,,,,,,,,,,,,,,,,,,,,,,,,,,,,,,,,,,,,10.0,11.0,13.0,15.0,17.0,18.0,18.0,18.0,19.0,19.0,19.0,20.0,21.0,22.0,22.0,22.0,22.0,22.0,23.0,23.0,23.0,23.0,24.0,24.0,24.0,25.0,26.0,26.0,26.0,26.0,26.0,26.0,27.0,27.0,27.0,27.0,27.0,27.0,27.0,27.0,27.0,27.0,27.0,27.0,28.0,29.0,29.0,29.0,30.0,30.0,30
niQrmBLjsnw,,,,,,,,,,,,,,,,,,,,,,,,,,,,,,,,,,,,,,,,,,,,,,,,,,,,,,,,,,,,,,,,,,,,,,,,,,,,,,,,,,,,,,,,,,,,,,,,,,,,,,,,,,,,,,,,,,,,,,,,,,,,,,,,,,,,,,,,,,,,,,,,,,,,,,,,,,,,,,0.0,0.0,0.0,0.0,0.0,0.0,0.0,0.0,0.0,0.0,0.0,0.0,0.0,0.0,0.0,0.0,0.0,0.0,0.0,0.0,0.0,0.0,0.0,0.0,0.0,0.0,0.0,0.0,0.0,0.0,0.0,0.0,0.0,0.0,0.0,0.0,0.0,0.0,0.0,0.0,0.0,0.0,0.0,0.0,0.0,0.0,0.0,0.0,0.0,0.0,0
Og9vvMdll4A,,,,,,,,,,,,,,,,,,,,,,,,,,,,,,,,,,,,,,,,,,,,,,,,,,,,,,,,,,,,,,,,,,,,,,,,,,,,,,,,,,,,,,,,,,,,,,,,,,,,,,,,,,,,,,,,,,,,,,,,,,,,,,,,,,,,,,,,,,,,,,,,,,,,,,,,,,,,,,2.0,2.0,2.0,2.0,2.0,3.0,3.0,3.0,3.0,3.0,3.0,3.0,3.0,3.0,3.0,3.0,3.0,4.0,4.0,4.0,4.0,4.0,4.0,4.0,4.0,4.0,4.0,4.0,4.0,4.0,4.0,4.0,5.0,5.0,5.0,5.0,5.0,5.0,5.0,5.0,5.0,5.0,4.0,4.0,4.0,4.0,4.0,4.0,4.0,4.0,4
rv6yo1YZMQ8,,,,,,,,,,,,,,,,,,,,,,,,,,,,,,,,,,,,,,,,,,,,,,,,,,,,,,,,,,,,,,,,,,,,,,,,,,,,,,,,,,,,,,,,,,,,,,,,,,,,,,,,,,,,,,,,,,,,,,,,,,,,,,,,,,,,,,,,,,,,,,,,,,,,,,,,,,,,,,29.0,30.0,32.0,36.0,36.0,36.0,43.0,43.0,47.0,47.0,47.0,47.0,47.0,47.0,47.0,47.0,48.0,48.0,48.0,51.0,51.0,51.0,51.0,51.0,51.0,51.0,52.0,52.0,52.0,52.0,52.0,52.0,52.0,52.0,52.0,52.0,52.0,52.0,52.0,52.0,52.0,52.0,52.0,52.0,52.0,52.0,52.0,52.0,53.0,53.0,53
MoAwNsbMGcw,,,,,,,,,,,,,,,,,,,,,,,,,,,,,,,,,,,,,,,,,,,,,,,,,,,,,,,,,,,,,,,,,,,,,,,,,,,,,,,,,,,,,,,,,,,,,,,,,,,,,,,,,,,,,,,,,,,,,,,,,,,,,,,,,,,,,,,,,,,,,,,,,,,,,,,,,,,,,,8.0,12.0,12.0,13.0,14.0,14.0,14.0,14.0,14.0,14.0,14.0,14.0,15.0,15.0,15.0,15.0,15.0,15.0,15.0,15.0,15.0,15.0,15.0,15.0,15.0,15.0,15.0,15.0,15.0,15.0,15.0,15.0,15.0,15.0,15.0,15.0,15.0,15.0,15.0,15.0,15.0,15.0,15.0,15.0,15.0,15.0,15.0,15.0,15.0,15.0,15
mAsmoXoUnos,,,,,,,,,,,,,,,,,,,,,,,,,,,,,,,,,,,,,,,,,,,,,,,,,,,,,,,,,,,,,,,,,,,,,,,,,,,,,,,,,,,,,,,,,,,,,,,,,,,,,,,,,,,,,,,,,,,,,,,,,,,,,,,,,,,,,,,,,,,,,,,,,,,,,,,,,,,,,,25.0,28.0,34.0,45.0,45.0,46.0,46.0,46.0,47.0,47.0,49.0,49.0,49.0,49.0,49.0,49.0,49.0,50.0,51.0,51.0,51.0,51.0,51.0,51.0,51.0,51.0,51.0,51.0,51.0,51.0,51.0,51.0,51.0,51.0,51.0,51.0,51.0,51.0,51.0,51.0,51.0,52.0,52.0,52.0,53.0,52.0,52.0,52.0,53.0,53.0,53
lJAigdMgfis,,,,,,,,,,,,,,,,,,,,,,,,,,,,,,,,,,,,,,,,,,,,,,,,,,,,,,,,,,,,,,,,,,,,,,,,,,,,,,,,,,,,,,,,,,,,,,,,,,,,,,,,,,,,,,,,,,,,,,,,,,,,,,,,,,,,,,,,,,,,,,,,,,,,,,,,,,,,,,8.0,13.0,13.0,13.0,14.0,14.0,14.0,14.0,14.0,14.0,14.0,14.0,14.0,14.0,14.0,14.0,14.0,14.0,14.0,14.0,14.0,14.0,14.0,14.0,14.0,14.0,14.0,15.0,15.0,16.0,18.0,18.0,19.0,19.0,19.0,19.0,19.0,19.0,19.0,19.0,19.0,19.0,19.0,19.0,19.0,19.0,19.0,19.0,19.0,19.0,19
d_9idKLZ0Zg,,,,,,,,,,,,,,,,,,,,,,,,,,,,,,,,,,,,,,,,,,,,,,,,,,,,,,,,,,,,,,,,,,,,,,,,,,,,,,,,,,,,,,,,,,,,,,,,,,,,,,,,,,,,,,,,,,,,,,,,,,,,,,,,,,,,,,,,,,,,,,,,,,,,,,,,,,,,,,174.0,446.0,686.0,871.0,973.0,1030.0,1096.0,1146.0,1176.0,1220.0,1247.0,1278.0,1306.0,1338.0,1360.0,1373.0,1387.0,1425.0,1465.0,1485.0,1505.0,1526.0,1552.0,1574.0,1590.0,1598.0,1612.0,1616.0,1618.0,1625.0,1625.0,1629.0,1647.0,1651.0,1655.0,1659.0,1661.0,1667.0,1671.0,1673.0,1674.0,1676.0,1678.0,1680.0,1683.0,1683.0,1689.0,1692.0,1694.0,1694.0,1697
S2XF34ma--k,,,,,,,,,,,,,,,,,,,,,,,,,,,,,,,,,,,,,,,,,,,,,,,,,,,,,,,,,,,,,,,,,,,,,,,,,,,,,,,,,,,,,,,,,,,,,,,,,,,,,,,,,,,,,,,,,,,,,,,,,,,,,,,,,,,,,,,,,,,,,,,,,,,,,,,,,,,,,,,336.0,524.0,580.0,627.0,657.0,676.0,686.0,710.0,725.0,733.0,737.0,738.0,742.0,742.0,746.0,752.0,754.0,755.0,757.0,759.0,768.0,773.0,781.0,793.0,813.0,831.0,838.0,850.0,859.0,870.0,893.0,909.0,922.0,935.0,943.0,946.0,951.0,966.0,977.0,984.0,1005.0,1013.0,1018.0,1023.0,1026.0,1028.0,1036.0,1044.0,1048.0,1048
iZFRT-umFHI,,,,,,,,,,,,,,,,,,,,,,,,,,,,,,,,,,,,,,,,,,,,,,,,,,,,,,,,,,,,,,,,,,,,,,,,,,,,,,,,,,,,,,,,,,,,,,,,,,,,,,,,,,,,,,,,,,,,,,,,,,,,,,,,,,,,,,,,,,,,,,,,,,,,,,,,,,,,,,,257.0,398.0,461.0,502.0,539.0,575.0,616.0,634.0,659.0,679.0,698.0,708.0,714.0,726.0,733.0,748.0,757.0,764.0,777.0,784.0,794.0,802.0,806.0,815.0,827.0,840.0,846.0,851.0,858.0,861.0,862.0,865.0,867.0,871.0,873.0,877.0,878.0,879.0,887.0,887.0,890.0,891.0,892.0,894.0,897.0,899.0,901.0,902.0,903.0,905
oUkhP9su_4E,,,,,,,,,,,,,,,,,,,,,,,,,,,,,,,,,,,,,,,,,,,,,,,,,,,,,,,,,,,,,,,,,,,,,,,,,,,,,,,,,,,,,,,,,,,,,,,,,,,,,,,,,,,,,,,,,,,,,,,,,,,,,,,,,,,,,,,,,,,,,,,,,,,,,,,,,,,,,,,248.0,248.0,248.0,249.0,249.0,249.0,249.0,249.0,250.0,250.0,252.0,252.0,253.0,254.0,255.0,255.0,255.0,255.0,255.0,255.0,256.0,260.0,261.0,261.0,261.0,262.0,266.0,266.0,266.0,267.0,267.0,267.0,267.0,268.0,268.0,269.0,269.0,270.0,271.0,272.0,273.0,274.0,276.0,278.0,278.0,278.0,278.0,278.0,279.0,279
6PGsGzb3LkE,,,,,,,,,,,,,,,,,,,,,,,,,,,,,,,,,,,,,,,,,,,,,,,,,,,,,,,,,,,,,,,,,,,,,,,,,,,,,,,,,,,,,,,,,,,,,,,,,,,,,,,,,,,,,,,,,,,,,,,,,,,,,,,,,,,,,,,,,,,,,,,,,,,,,,,,,,,,,,,117.0,117.0,118.0,120.0,121.0,126.0,127.0,127.0,130.0,131.0,135.0,135.0,137.0,139.0,141.0,141.0,142.0,142.0,143.0,143.0,144.0,144.0,145.0,147.0,147.0,147.0,148.0,148.0,149.0,149.0,149.0,149.0,150.0,150.0,150.0,151.0,151.0,151.0,151.0,151.0,151.0,151.0,151.0,151.0,151.0,150.0,150.0,150.0,150.0,150
0Mh_5PamvWU,,,,,,,,,,,,,,,,,,,,,,,,,,,,,,,,,,,,,,,,,,,,,,,,,,,,,,,,,,,,,,,,,,,,,,,,,,,,,,,,,,,,,,,,,,,,,,,,,,,,,,,,,,,,,,,,,,,,,,,,,,,,,,,,,,,,,,,,,,,,,,,,,,,,,,,,,,,,,,,1025.0,1033.0,1038.0,1043.0,1053.0,1057.0,1060.0,1064.0,1066.0,1070.0,1074.0,1076.0,1075.0,1085.0,1088.0,1089.0,1091.0,1091.0,1091.0,1096.0,1099.0,1102.0,1104.0,1102.0,1110.0,1112.0,1115.0,1117.0,1120.0,1128.0,1133.0,1137.0,1139.0,1140.0,1142.0,1150.0,1157.0,1166.0,1171.0,1172.0,1175.0,1180.0,1183.0,1184.0,1184.0,1184.0,1186.0,1189.0,1189.0,0
hjiNdWNvanc,,,,,,,,,,,,,,,,,,,,,,,,,,,,,,,,,,,,,,,,,,,,,,,,,,,,,,,,,,,,,,,,,,,,,,,,,,,,,,,,,,,,,,,,,,,,,,,,,,,,,,,,,,,,,,,,,,,,,,,,,,,,,,,,,,,,,,,,,,,,,,,,,,,,,,,,,,,,,,,143.0,145.0,147.0,147.0,151.0,152.0,153.0,156.0,156.0,156.0,156.0,156.0,156.0,157.0,157.0,157.0,158.0,158.0,158.0,158.0,158.0,158.0,158.0,158.0,158.0,158.0,158.0,158.0,160.0,161.0,162.0,163.0,163.0,163.0,164.0,164.0,165.0,165.0,165.0,165.0,165.0,165.0,165.0,165.0,166.0,168.0,168.0,169.0,169.0,169
0CEg8nz_I9U,,,,,,,,,,,,,,,,,,,,,,,,,,,,,,,,,,,,,,,,,,,,,,,,,,,,,,,,,,,,,,,,,,,,,,,,,,,,,,,,,,,,,,,,,,,,,,,,,,,,,,,,,,,,,,,,,,,,,,,,,,,,,,,,,,,,,,,,,,,,,,,,,,,,,,,,,,,,,,,5594.0,5811.0,5983.0,6083.0,6180.0,6219.0,6251.0,6271.0,6296.0,6314.0,6338.0,6355.0,6375.0,6383.0,6393.0,6404.0,6417.0,6425.0,6432.0,6437.0,6447.0,6451.0,6455.0,6456.0,6456.0,6449.0,6448.0,6448.0,6448.0,6449.0,6447.0,6449.0,6449.0,6449.0,6449.0,6450.0,6449.0,6444.0,6444.0,6444.0,6447.0,6445.0,6445.0,6443.0,6439.0,6441.0,6425.0,6424.0,6422.0,6421
oKumYajWVvE,,,,,,,,,,,,,,,,,,,,,,,,,,,,,,,,,,,,,,,,,,,,,,,,,,,,,,,,,,,,,,,,,,,,,,,,,,,,,,,,,,,,,,,,,,,,,,,,,,,,,,,,,,,,,,,,,,,,,,,,,,,,,,,,,,,,,,,,,,,,,,,,,,,,,,,,,,,,,,,82.0,87.0,87.0,87.0,90.0,91.0,91.0,91.0,91.0,92.0,92.0,93.0,94.0,94.0,94.0,94.0,94.0,94.0,94.0,94.0,94.0,94.0,94.0,94.0,94.0,94.0,94.0,94.0,94.0,94.0,94.0,94.0,94.0,94.0,94.0,95.0,95.0,95.0,95.0,95.0,95.0,95.0,95.0,95.0,95.0,95.0,96.0,96.0,96.0,96
lSydvhrI3KM,,,,,,,,,,,,,,,,,,,,,,,,,,,,,,,,,,,,,,,,,,,,,,,,,,,,,,,,,,,,,,,,,,,,,,,,,,,,,,,,,,,,,,,,,,,,,,,,,,,,,,,,,,,,,,,,,,,,,,,,,,,,,,,,,,,,,,,,,,,,,,,,,,,,,,,,,,,,,,,56.0,57.0,57.0,57.0,57.0,57.0,58.0,59.0,59.0,59.0,58.0,58.0,58.0,58.0,58.0,58.0,58.0,58.0,58.0,59.0,59.0,59.0,59.0,59.0,60.0,60.0,61.0,61.0,61.0,61.0,61.0,61.0,61.0,61.0,61.0,61.0,61.0,61.0,61.0,61.0,61.0,61.0,61.0,61.0,61.0,61.0,61.0,61.0,62.0,62
pxDXVxa1nhQ,,,,,,,,,,,,,,,,,,,,,,,,,,,,,,,,,,,,,,,,,,,,,,,,,,,,,,,,,,,,,,,,,,,,,,,,,,,,,,,,,,,,,,,,,,,,,,,,,,,,,,,,,,,,,,,,,,,,,,,,,,,,,,,,,,,,,,,,,,,,,,,,,,,,,,,,,,,,,,,0.0,0.0,0.0,0.0,0.0,0.0,0.0,0.0,0.0,0.0,0.0,0.0,0.0,0.0,0.0,0.0,0.0,0.0,0.0,0.0,0.0,0.0,0.0,0.0,0.0,0.0,0.0,0.0,0.0,0.0,0.0,0.0,0.0,0.0,0.0,0.0,0.0,0.0,0.0,0.0,0.0,0.0,0.0,0.0,0.0,0.0,0.0,0.0,0.0,0
l6T2BKPctfM,,,,,,,,,,,,,,,,,,,,,,,,,,,,,,,,,,,,,,,,,,,,,,,,,,,,,,,,,,,,,,,,,,,,,,,,,,,,,,,,,,,,,,,,,,,,,,,,,,,,,,,,,,,,,,,,,,,,,,,,,,,,,,,,,,,,,,,,,,,,,,,,,,,,,,,,,,,,,,,21.0,30.0,30.0,31.0,32.0,32.0,32.0,32.0,32.0,32.0,32.0,32.0,32.0,32.0,32.0,34.0,34.0,34.0,34.0,34.0,34.0,34.0,34.0,34.0,34.0,34.0,34.0,34.0,34.0,34.0,34.0,35.0,35.0,35.0,35.0,35.0,36.0,36.0,36.0,36.0,36.0,36.0,36.0,36.0,36.0,36.0,36.0,36.0,37.0,37
371J7iA56pQ,,,,,,,,,,,,,,,,,,,,,,,,,,,,,,,,,,,,,,,,,,,,,,,,,,,,,,,,,,,,,,,,,,,,,,,,,,,,,,,,,,,,,,,,,,,,,,,,,,,,,,,,,,,,,,,,,,,,,,,,,,,,,,,,,,,,,,,,,,,,,,,,,,,,,,,,,,,,,,,,1023.0,1681.0,1961.0,2064.0,2138.0,2198.0,2237.0,2262.0,2288.0,2305.0,2324.0,2344.0,2363.0,2380.0,2411.0,2419.0,2429.0,2441.0,2449.0,2460.0,2472.0,2487.0,2499.0,2507.0,2517.0,2524.0,2529.0,2535.0,2546.0,2552.0,2562.0,2569.0,2580.0,2587.0,2592.0,2598.0,2606.0,2610.0,2617.0,2621.0,2627.0,2634.0,2642.0,2646.0,2653.0,2659.0,2666.0,2672.0,2678
5YQqO7jJPOA,,,,,,,,,,,,,,,,,,,,,,,,,,,,,,,,,,,,,,,,,,,,,,,,,,,,,,,,,,,,,,,,,,,,,,,,,,,,,,,,,,,,,,,,,,,,,,,,,,,,,,,,,,,,,,,,,,,,,,,,,,,,,,,,,,,,,,,,,,,,,,,,,,,,,,,,,,,,,,,,486.0,617.0,659.0,675.0,685.0,701.0,702.0,702.0,704.0,705.0,712.0,715.0,724.0,735.0,736.0,736.0,740.0,743.0,743.0,744.0,745.0,745.0,745.0,746.0,746.0,746.0,747.0,747.0,748.0,748.0,749.0,749.0,749.0,750.0,750.0,750.0,750.0,751.0,751.0,752.0,753.0,755.0,755.0,755.0,755.0,755.0,755.0,756.0,756
yGRDsAMCzSw,,,,,,,,,,,,,,,,,,,,,,,,,,,,,,,,,,,,,,,,,,,,,,,,,,,,,,,,,,,,,,,,,,,,,,,,,,,,,,,,,,,,,,,,,,,,,,,,,,,,,,,,,,,,,,,,,,,,,,,,,,,,,,,,,,,,,,,,,,,,,,,,,,,,,,,,,,,,,,,,155.0,155.0,156.0,156.0,156.0,156.0,156.0,158.0,157.0,157.0,157.0,157.0,157.0,157.0,155.0,155.0,155.0,155.0,155.0,155.0,155.0,155.0,155.0,155.0,155.0,155.0,155.0,155.0,155.0,155.0,155.0,155.0,155.0,155.0,156.0,157.0,157.0,157.0,157.0,157.0,157.0,157.0,156.0,157.0,157.0,157.0,157.0,157.0,157
TV8HTUmurTA,,,,,,,,,,,,,,,,,,,,,,,,,,,,,,,,,,,,,,,,,,,,,,,,,,,,,,,,,,,,,,,,,,,,,,,,,,,,,,,,,,,,,,,,,,,,,,,,,,,,,,,,,,,,,,,,,,,,,,,,,,,,,,,,,,,,,,,,,,,,,,,,,,,,,,,,,,,,,,,,764.0,961.0,1046.0,1089.0,1120.0,1145.0,1188.0,1207.0,1231.0,1233.0,1241.0,1250.0,1255.0,1265.0,1271.0,1272.0,1273.0,1274.0,1276.0,1280.0,1282.0,1289.0,1293.0,1295.0,1297.0,1297.0,1299.0,1298.0,1300.0,1303.0,1306.0,1310.0,1307.0,1308.0,1312.0,1313.0,1313.0,1315.0,1319.0,1320.0,1321.0,1321.0,1324.0,1324.0,1325.0,1325.0,1326.0,1330.0,1330
r_iXXhJKZ-w,,,,,,,,,,,,,,,,,,,,,,,,,,,,,,,,,,,,,,,,,,,,,,,,,,,,,,,,,,,,,,,,,,,,,,,,,,,,,,,,,,,,,,,,,,,,,,,,,,,,,,,,,,,,,,,,,,,,,,,,,,,,,,,,,,,,,,,,,,,,,,,,,,,,,,,,,,,,,,,,269.0,319.0,362.0,382.0,391.0,399.0,413.0,419.0,423.0,425.0,424.0,424.0,428.0,430.0,432.0,433.0,433.0,435.0,436.0,437.0,437.0,438.0,440.0,442.0,443.0,443.0,443.0,447.0,449.0,449.0,450.0,451.0,452.0,454.0,456.0,456.0,456.0,456.0,459.0,460.0,460.0,459.0,459.0,460.0,456.0,460.0,461.0,462.0,462
27C4pfRsf9g,,,,,,,,,,,,,,,,,,,,,,,,,,,,,,,,,,,,,,,,,,,,,,,,,,,,,,,,,,,,,,,,,,,,,,,,,,,,,,,,,,,,,,,,,,,,,,,,,,,,,,,,,,,,,,,,,,,,,,,,,,,,,,,,,,,,,,,,,,,,,,,,,,,,,,,,,,,,,,,,15781.0,81103.0,91655.0,96499.0,99816.0,102168.0,103914.0,105432.0,106629.0,107490.0,108650.0,109504.0,110312.0,110996.0,111676.0,112312.0,113058.0,113848.0,114569.0,115076.0,115542.0,115984.0,116464.0,117114.0,117710.0,118203.0,118683.0,119057.0,119425.0,119863.0,120231.0,120603.0,120921.0,121178.0,121560.0,121891.0,122175.0,122526.0,122918.0,123255.0,123577.0,123825.0,124019.0,124281.0,124985.0,125448.0,125859.0,126168.0,126580
jdoQcAe2bSg,,,,,,,,,,,,,,,,,,,,,,,,,,,,,,,,,,,,,,,,,,,,,,,,,,,,,,,,,,,,,,,,,,,,,,,,,,,,,,,,,,,,,,,,,,,,,,,,,,,,,,,,,,,,,,,,,,,,,,,,,,,,,,,,,,,,,,,,,,,,,,,,,,,,,,,,,,,,,,,,103.0,105.0,109.0,109.0,109.0,109.0,109.0,109.0,109.0,109.0,109.0,110.0,110.0,110.0,110.0,110.0,110.0,110.0,110.0,110.0,110.0,110.0,110.0,110.0,110.0,110.0,110.0,110.0,110.0,110.0,110.0,110.0,110.0,113.0,113.0,113.0,113.0,113.0,113.0,113.0,113.0,113.0,113.0,113.0,113.0,113.0,113.0,113.0,113
NH-aemFmQhQ,,,,,,,,,,,,,,,,,,,,,,,,,,,,,,,,,,,,,,,,,,,,,,,,,,,,,,,,,,,,,,,,,,,,,,,,,,,,,,,,,,,,,,,,,,,,,,,,,,,,,,,,,,,,,,,,,,,,,,,,,,,,,,,,,,,,,,,,,,,,,,,,,,,,,,,,,,,,,,,,148.0,160.0,162.0,164.0,166.0,169.0,170.0,171.0,172.0,173.0,173.0,173.0,174.0,173.0,173.0,173.0,173.0,173.0,173.0,173.0,174.0,175.0,177.0,176.0,176.0,176.0,176.0,176.0,177.0,177.0,177.0,177.0,178.0,178.0,178.0,178.0,178.0,178.0,178.0,179.0,179.0,179.0,179.0,179.0,178.0,177.0,177.0,177.0,178
8jGyXA_4ikw,,,,,,,,,,,,,,,,,,,,,,,,,,,,,,,,,,,,,,,,,,,,,,,,,,,,,,,,,,,,,,,,,,,,,,,,,,,,,,,,,,,,,,,,,,,,,,,,,,,,,,,,,,,,,,,,,,,,,,,,,,,,,,,,,,,,,,,,,,,,,,,,,,,,,,,,,,,,,,,,216.0,247.0,267.0,284.0,293.0,299.0,303.0,311.0,319.0,322.0,324.0,327.0,330.0,331.0,333.0,333.0,336.0,333.0,334.0,335.0,335.0,336.0,337.0,337.0,338.0,338.0,338.0,340.0,347.0,348.0,348.0,352.0,352.0,352.0,353.0,354.0,354.0,355.0,355.0,355.0,355.0,356.0,356.0,355.0,356.0,357.0,358.0,358.0,360
wiadUZgJeI4,,,,,,,,,,,,,,,,,,,,,,,,,,,,,,,,,,,,,,,,,,,,,,,,,,,,,,,,,,,,,,,,,,,,,,,,,,,,,,,,,,,,,,,,,,,,,,,,,,,,,,,,,,,,,,,,,,,,,,,,,,,,,,,,,,,,,,,,,,,,,,,,,,,,,,,,,,,,,,,,47.0,51.0,57.0,60.0,62.0,64.0,66.0,68.0,70.0,71.0,70.0,70.0,70.0,71.0,71.0,71.0,72.0,72.0,74.0,74.0,74.0,74.0,74.0,74.0,74.0,74.0,74.0,74.0,74.0,74.0,75.0,75.0,76.0,76.0,76.0,76.0,76.0,78.0,78.0,78.0,78.0,78.0,78.0,78.0,78.0,79.0,79.0,80.0,80
IHutMUZCR6k,,,,,,,,,,,,,,,,,,,,,,,,,,,,,,,,,,,,,,,,,,,,,,,,,,,,,,,,,,,,,,,,,,,,,,,,,,,,,,,,,,,,,,,,,,,,,,,,,,,,,,,,,,,,,,,,,,,,,,,,,,,,,,,,,,,,,,,,,,,,,,,,,,,,,,,,,,,,,,,,1.0,2.0,2.0,2.0,2.0,2.0,2.0,2.0,2.0,2.0,3.0,3.0,3.0,3.0,3.0,3.0,3.0,3.0,3.0,3.0,3.0,3.0,3.0,3.0,3.0,3.0,3.0,3.0,3.0,3.0,3.0,3.0,3.0,3.0,3.0,3.0,3.0,3.0,3.0,3.0,3.0,3.0,3.0,3.0,3.0,3.0,3.0,3.0,3
42YsFmLHy2U,,,,,,,,,,,,,,,,,,,,,,,,,,,,,,,,,,,,,,,,,,,,,,,,,,,,,,,,,,,,,,,,,,,,,,,,,,,,,,,,,,,,,,,,,,,,,,,,,,,,,,,,,,,,,,,,,,,,,,,,,,,,,,,,,,,,,,,,,,,,,,,,,,,,,,,,,,,,,,,,80.0,120.0,144.0,153.0,164.0,168.0,171.0,174.0,176.0,182.0,183.0,183.0,186.0,186.0,186.0,187.0,187.0,188.0,190.0,190.0,190.0,191.0,191.0,191.0,191.0,193.0,194.0,193.0,193.0,194.0,195.0,196.0,197.0,199.0,199.0,200.0,200.0,200.0,200.0,200.0,200.0,200.0,200.0,200.0,200.0,200.0,200.0,201.0,201
1_8sQlaD798,,,,,,,,,,,,,,,,,,,,,,,,,,,,,,,,,,,,,,,,,,,,,,,,,,,,,,,,,,,,,,,,,,,,,,,,,,,,,,,,,,,,,,,,,,,,,,,,,,,,,,,,,,,,,,,,,,,,,,,,,,,,,,,,,,,,,,,,,,,,,,,,,,,,,,,,,,,,,,,,166.0,242.0,270.0,288.0,291.0,298.0,303.0,309.0,310.0,312.0,314.0,314.0,315.0,316.0,318.0,320.0,321.0,323.0,324.0,326.0,326.0,326.0,328.0,328.0,329.0,329.0,329.0,329.0,327.0,327.0,326.0,327.0,327.0,327.0,327.0,327.0,328.0,328.0,328.0,328.0,328.0,329.0,329.0,329.0,329.0,329.0,329.0,331.0,331
uCMDJv7sSEU,,,,,,,,,,,,,,,,,,,,,,,,,,,,,,,,,,,,,,,,,,,,,,,,,,,,,,,,,,,,,,,,,,,,,,,,,,,,,,,,,,,,,,,,,,,,,,,,,,,,,,,,,,,,,,,,,,,,,,,,,,,,,,,,,,,,,,,,,,,,,,,,,,,,,,,,,,,,,,,,,105.0,165.0,183.0,202.0,221.0,246.0,260.0,269.0,276.0,282.0,283.0,284.0,288.0,289.0,290.0,292.0,294.0,299.0,299.0,299.0,299.0,299.0,299.0,299.0,300.0,300.0,300.0,300.0,300.0,301.0,303.0,303.0,303.0,305.0,307.0,307.0,311.0,311.0,312.0,312.0,312.0,312.0,313.0,313.0,314.0,315.0,315.0,315
ZQFszZBJCxM,,,,,,,,,,,,,,,,,,,,,,,,,,,,,,,,,,,,,,,,,,,,,,,,,,,,,,,,,,,,,,,,,,,,,,,,,,,,,,,,,,,,,,,,,,,,,,,,,,,,,,,,,,,,,,,,,,,,,,,,,,,,,,,,,,,,,,,,,,,,,,,,,,,,,,,,,,,,,,,,,0.0,0.0,0.0,0.0,0.0,0.0,0.0,0.0,0.0,0.0,0.0,0.0,0.0,0.0,0.0,0.0,0.0,0.0,0.0,0.0,0.0,0.0,0.0,0.0,0.0,0.0,0.0,0.0,0.0,0.0,0.0,0.0,0.0,0.0,0.0,0.0,0.0,0.0,0.0,0.0,0.0,0.0,0.0,0.0,0.0,0.0,0.0,0
cfaoXuep0mA,,,,,,,,,,,,,,,,,,,,,,,,,,,,,,,,,,,,,,,,,,,,,,,,,,,,,,,,,,,,,,,,,,,,,,,,,,,,,,,,,,,,,,,,,,,,,,,,,,,,,,,,,,,,,,,,,,,,,,,,,,,,,,,,,,,,,,,,,,,,,,,,,,,,,,,,,,,,,,,,,0.0,0.0,0.0,0.0,0.0,0.0,0.0,0.0,0.0,0.0,0.0,0.0,0.0,0.0,0.0,0.0,0.0,0.0,0.0,0.0,0.0,0.0,0.0,0.0,0.0,0.0,0.0,0.0,0.0,0.0,0.0,0.0,0.0,0.0,0.0,0.0,0.0,0.0,0.0,0.0,0.0,0.0,0.0,0.0,0.0,0.0,0.0,0
fs_pvIVMLMI,,,,,,,,,,,,,,,,,,,,,,,,,,,,,,,,,,,,,,,,,,,,,,,,,,,,,,,,,,,,,,,,,,,,,,,,,,,,,,,,,,,,,,,,,,,,,,,,,,,,,,,,,,,,,,,,,,,,,,,,,,,,,,,,,,,,,,,,,,,,,,,,,,,,,,,,,,,,,,,,,46.0,67.0,76.0,78.0,82.0,87.0,91.0,96.0,96.0,97.0,98.0,100.0,100.0,101.0,102.0,103.0,103.0,103.0,103.0,105.0,105.0,106.0,106.0,106.0,107.0,107.0,107.0,107.0,107.0,107.0,107.0,107.0,107.0,107.0,107.0,107.0,107.0,108.0,108.0,111.0,112.0,112.0,114.0,115.0,117.0,117.0,117.0,117
f_1uyZr7Tto,,,,,,,,,,,,,,,,,,,,,,,,,,,,,,,,,,,,,,,,,,,,,,,,,,,,,,,,,,,,,,,,,,,,,,,,,,,,,,,,,,,,,,,,,,,,,,,,,,,,,,,,,,,,,,,,,,,,,,,,,,,,,,,,,,,,,,,,,,,,,,,,,,,,,,,,,,,,,,,,,0.0,0.0,0.0,0.0,0.0,0.0,0.0,0.0,0.0,0.0,0.0,0.0,0.0,0.0,0.0,0.0,0.0,0.0,0.0,0.0,0.0,0.0,0.0,0.0,0.0,0.0,0.0,0.0,0.0,0.0,0.0,0.0,0.0,0.0,0.0,0.0,0.0,0.0,0.0,0.0,0.0,0.0,0.0,0.0,0.0,0.0,0.0,0
SJDqM-6xmz8,,,,,,,,,,,,,,,,,,,,,,,,,,,,,,,,,,,,,,,,,,,,,,,,,,,,,,,,,,,,,,,,,,,,,,,,,,,,,,,,,,,,,,,,,,,,,,,,,,,,,,,,,,,,,,,,,,,,,,,,,,,,,,,,,,,,,,,,,,,,,,,,,,,,,,,,,,,,,,,,,10.0,10.0,11.0,11.0,11.0,11.0,11.0,11.0,11.0,13.0,13.0,13.0,14.0,14.0,14.0,14.0,14.0,14.0,14.0,14.0,14.0,14.0,14.0,14.0,14.0,14.0,14.0,14.0,14.0,14.0,14.0,14.0,14.0,14.0,14.0,14.0,14.0,14.0,14.0,14.0,14.0,14.0,14.0,14.0,14.0,14.0,14.0,14
xwxG6PiPSvA,,,,,,,,,,,,,,,,,,,,,,,,,,,,,,,,,,,,,,,,,,,,,,,,,,,,,,,,,,,,,,,,,,,,,,,,,,,,,,,,,,,,,,,,,,,,,,,,,,,,,,,,,,,,,,,,,,,,,,,,,,,,,,,,,,,,,,,,,,,,,,,,,,,,,,,,,,,,,,,,,0.0,0.0,0.0,0.0,0.0,0.0,0.0,0.0,0.0,0.0,0.0,0.0,0.0,0.0,0.0,0.0,0.0,0.0,0.0,0.0,0.0,0.0,0.0,0.0,0.0,0.0,0.0,0.0,0.0,0.0,0.0,0.0,0.0,0.0,0.0,0.0,0.0,0.0,0.0,0.0,0.0,0.0,0.0,0.0,0.0,0.0,0.0,0
F0UIsSnotlA,,,,,,,,,,,,,,,,,,,,,,,,,,,,,,,,,,,,,,,,,,,,,,,,,,,,,,,,,,,,,,,,,,,,,,,,,,,,,,,,,,,,,,,,,,,,,,,,,,,,,,,,,,,,,,,,,,,,,,,,,,,,,,,,,,,,,,,,,,,,,,,,,,,,,,,,,,,,,,,,,42707.0,42835.0,42920.0,43059.0,43121.0,43181.0,43226.0,43252.0,43275.0,43313.0,43351.0,43386.0,43416.0,43500.0,43588.0,43626.0,43662.0,43703.0,43729.0,43754.0,43789.0,43809.0,43840.0,43858.0,43900.0,43936.0,43944.0,43949.0,43968.0,43975.0,43995.0,44012.0,44034.0,44046.0,44053.0,44081.0,44101.0,44116.0,44140.0,44152.0,44160.0,44155.0,44185.0,44194.0,44199.0,44207.0,44214.0,44223
yiprl7-dU04,,,,,,,,,,,,,,,,,,,,,,,,,,,,,,,,,,,,,,,,,,,,,,,,,,,,,,,,,,,,,,,,,,,,,,,,,,,,,,,,,,,,,,,,,,,,,,,,,,,,,,,,,,,,,,,,,,,,,,,,,,,,,,,,,,,,,,,,,,,,,,,,,,,,,,,,,,,,,,,,,1027.0,1077.0,1136.0,1204.0,1220.0,1225.0,1230.0,1235.0,1235.0,1236.0,1242.0,1242.0,1244.0,1247.0,1248.0,1248.0,1248.0,1252.0,1246.0,1245.0,1245.0,1246.0,1247.0,1246.0,1247.0,1249.0,1249.0,1248.0,1248.0,1251.0,1253.0,1255.0,1257.0,1260.0,1260.0,1260.0,1261.0,1262.0,1262.0,1261.0,1259.0,1260.0,1256.0,1256.0,1256.0,1256.0,1258.0,1258
OJDxNt8LH6s,,,,,,,,,,,,,,,,,,,,,,,,,,,,,,,,,,,,,,,,,,,,,,,,,,,,,,,,,,,,,,,,,,,,,,,,,,,,,,,,,,,,,,,,,,,,,,,,,,,,,,,,,,,,,,,,,,,,,,,,,,,,,,,,,,,,,,,,,,,,,,,,,,,,,,,,,,,,,,,,,433.0,552.0,579.0,598.0,607.0,611.0,622.0,629.0,634.0,635.0,636.0,638.0,638.0,639.0,640.0,642.0,644.0,644.0,644.0,645.0,645.0,646.0,641.0,642.0,642.0,642.0,642.0,642.0,642.0,641.0,642.0,643.0,646.0,646.0,647.0,647.0,648.0,648.0,648.0,648.0,648.0,648.0,649.0,649.0,649.0,649.0,650.0,650
HBwYER9rLJY,,,,,,,,,,,,,,,,,,,,,,,,,,,,,,,,,,,,,,,,,,,,,,,,,,,,,,,,,,,,,,,,,,,,,,,,,,,,,,,,,,,,,,,,,,,,,,,,,,,,,,,,,,,,,,,,,,,,,,,,,,,,,,,,,,,,,,,,,,,,,,,,,,,,,,,,,,,,,,,,,,80.0,122.0,147.0,148.0,156.0,162.0,167.0,167.0,170.0,172.0,173.0,173.0,175.0,177.0,180.0,182.0,182.0,182.0,183.0,183.0,183.0,185.0,186.0,187.0,187.0,188.0,188.0,189.0,190.0,190.0,189.0,189.0,189.0,189.0,189.0,189.0,189.0,189.0,189.0,189.0,189.0,189.0,189.0,189.0,189.0,190.0,190
TT2OMsMe5aU,,,,,,,,,,,,,,,,,,,,,,,,,,,,,,,,,,,,,,,,,,,,,,,,,,,,,,,,,,,,,,,,,,,,,,,,,,,,,,,,,,,,,,,,,,,,,,,,,,,,,,,,,,,,,,,,,,,,,,,,,,,,,,,,,,,,,,,,,,,,,,,,,,,,,,,,,,,,,,,,,,1900.0,2525.0,2802.0,2921.0,2993.0,3045.0,3104.0,3181.0,3206.0,3255.0,3291.0,3319.0,3340.0,3356.0,3379.0,3394.0,3403.0,3421.0,3433.0,3454.0,3474.0,3486.0,3498.0,3507.0,3525.0,3537.0,3548.0,3555.0,3563.0,3575.0,3580.0,3585.0,3592.0,3602.0,3613.0,3620.0,3627.0,3638.0,3642.0,3650.0,3660.0,3667.0,3688.0,3701.0,3706.0,3715.0,3718
CJard9GB5t4,,,,,,,,,,,,,,,,,,,,,,,,,,,,,,,,,,,,,,,,,,,,,,,,,,,,,,,,,,,,,,,,,,,,,,,,,,,,,,,,,,,,,,,,,,,,,,,,,,,,,,,,,,,,,,,,,,,,,,,,,,,,,,,,,,,,,,,,,,,,,,,,,,,,,,,,,,,,,,,,,,26.0,27.0,27.0,27.0,27.0,27.0,27.0,27.0,27.0,27.0,27.0,27.0,27.0,27.0,27.0,27.0,27.0,27.0,27.0,27.0,27.0,27.0,27.0,27.0,27.0,27.0,27.0,27.0,27.0,27.0,27.0,28.0,28.0,28.0,28.0,28.0,28.0,28.0,28.0,28.0,28.0,28.0,28.0,28.0,28.0,28.0,28
Jk9hjFR6s8A,,,,,,,,,,,,,,,,,,,,,,,,,,,,,,,,,,,,,,,,,,,,,,,,,,,,,,,,,,,,,,,,,,,,,,,,,,,,,,,,,,,,,,,,,,,,,,,,,,,,,,,,,,,,,,,,,,,,,,,,,,,,,,,,,,,,,,,,,,,,,,,,,,,,,,,,,,,,,,,,,,14.0,14.0,14.0,14.0,14.0,14.0,15.0,16.0,16.0,16.0,17.0,17.0,17.0,17.0,17.0,17.0,17.0,17.0,17.0,17.0,17.0,17.0,17.0,17.0,17.0,17.0,17.0,17.0,17.0,17.0,17.0,17.0,17.0,17.0,17.0,17.0,17.0,17.0,17.0,17.0,17.0,17.0,17.0,17.0,17.0,17.0,17
VzxSscKb3uE,,,,,,,,,,,,,,,,,,,,,,,,,,,,,,,,,,,,,,,,,,,,,,,,,,,,,,,,,,,,,,,,,,,,,,,,,,,,,,,,,,,,,,,,,,,,,,,,,,,,,,,,,,,,,,,,,,,,,,,,,,,,,,,,,,,,,,,,,,,,,,,,,,,,,,,,,,,,,,,,,,858.0,950.0,1012.0,1067.0,1102.0,1132.0,1158.0,1170.0,1178.0,1191.0,1201.0,1194.0,1194.0,1202.0,1203.0,1207.0,1216.0,1209.0,1209.0,1211.0,1213.0,1220.0,1220.0,1221.0,1221.0,1228.0,1230.0,1233.0,1234.0,1235.0,1236.0,1235.0,1236.0,1238.0,1237.0,1237.0,1236.0,1235.0,1234.0,1235.0,1236.0,1238.0,1239.0,1239.0,1239.0,1239.0,1238
9f8lYIHlbNg,,,,,,,,,,,,,,,,,,,,,,,,,,,,,,,,,,,,,,,,,,,,,,,,,,,,,,,,,,,,,,,,,,,,,,,,,,,,,,,,,,,,,,,,,,,,,,,,,,,,,,,,,,,,,,,,,,,,,,,,,,,,,,,,,,,,,,,,,,,,,,,,,,,,,,,,,,,,,,,,,,0.0,0.0,0.0,0.0,0.0,0.0,0.0,0.0,0.0,0.0,0.0,0.0,0.0,0.0,0.0,0.0,0.0,0.0,0.0,0.0,0.0,0.0,0.0,0.0,0.0,0.0,0.0,0.0,0.0,0.0,0.0,0.0,0.0,0.0,0.0,0.0,0.0,0.0,0.0,0.0,0.0,0.0,0.0,0.0,0.0,0.0,0
MEoxtFRfPoc,,,,,,,,,,,,,,,,,,,,,,,,,,,,,,,,,,,,,,,,,,,,,,,,,,,,,,,,,,,,,,,,,,,,,,,,,,,,,,,,,,,,,,,,,,,,,,,,,,,,,,,,,,,,,,,,,,,,,,,,,,,,,,,,,,,,,,,,,,,,,,,,,,,,,,,,,,,,,,,,,,50968.0,59503.0,61644.0,62790.0,63654.0,64337.0,64954.0,65411.0,65784.0,66090.0,66330.0,66544.0,66715.0,66834.0,66972.0,67096.0,67223.0,67345.0,67499.0,67736.0,67930.0,68013.0,68101.0,68239.0,68371.0,68494.0,68597.0,68722.0,68835.0,68906.0,69035.0,69124.0,69210.0,69273.0,69393.0,69494.0,69574.0,69697.0,69776.0,69850.0,69888.0,69948.0,70000.0,70061.0,70098.0,70140.0,70203
lzKB6gh4g0M,,,,,,,,,,,,,,,,,,,,,,,,,,,,,,,,,,,,,,,,,,,,,,,,,,,,,,,,,,,,,,,,,,,,,,,,,,,,,,,,,,,,,,,,,,,,,,,,,,,,,,,,,,,,,,,,,,,,,,,,,,,,,,,,,,,,,,,,,,,,,,,,,,,,,,,,,,,,,,,,,,,5.0,7.0,11.0,11.0,12.0,12.0,12.0,12.0,12.0,12.0,12.0,12.0,12.0,12.0,12.0,12.0,12.0,12.0,12.0,12.0,12.0,12.0,12.0,12.0,12.0,12.0,12.0,12.0,12.0,12.0,12.0,12.0,12.0,12.0,12.0,12.0,12.0,12.0,12.0,12.0,12.0,12.0,12.0,12.0,12.0,12
kfIk9P90AG8,,,,,,,,,,,,,,,,,,,,,,,,,,,,,,,,,,,,,,,,,,,,,,,,,,,,,,,,,,,,,,,,,,,,,,,,,,,,,,,,,,,,,,,,,,,,,,,,,,,,,,,,,,,,,,,,,,,,,,,,,,,,,,,,,,,,,,,,,,,,,,,,,,,,,,,,,,,,,,,,,,,12.0,12.0,12.0,12.0,12.0,12.0,12.0,12.0,12.0,12.0,12.0,12.0,12.0,12.0,12.0,12.0,12.0,12.0,12.0,12.0,12.0,12.0,12.0,12.0,12.0,12.0,12.0,12.0,12.0,12.0,12.0,12.0,12.0,12.0,12.0,12.0,12.0,12.0,12.0,12.0,12.0,12.0,12.0,12.0,12.0,12
SuzhIjXyZ6w,,,,,,,,,,,,,,,,,,,,,,,,,,,,,,,,,,,,,,,,,,,,,,,,,,,,,,,,,,,,,,,,,,,,,,,,,,,,,,,,,,,,,,,,,,,,,,,,,,,,,,,,,,,,,,,,,,,,,,,,,,,,,,,,,,,,,,,,,,,,,,,,,,,,,,,,,,,,,,,,,,,42.0,42.0,42.0,42.0,42.0,42.0,42.0,42.0,42.0,42.0,42.0,42.0,42.0,42.0,42.0,42.0,42.0,42.0,42.0,42.0,42.0,42.0,42.0,42.0,42.0,42.0,42.0,42.0,42.0,42.0,42.0,42.0,42.0,42.0,42.0,42.0,42.0,42.0,42.0,42.0,42.0,42.0,42.0,42.0,42.0,42
PScL5Ncwa1w,,,,,,,,,,,,,,,,,,,,,,,,,,,,,,,,,,,,,,,,,,,,,,,,,,,,,,,,,,,,,,,,,,,,,,,,,,,,,,,,,,,,,,,,,,,,,,,,,,,,,,,,,,,,,,,,,,,,,,,,,,,,,,,,,,,,,,,,,,,,,,,,,,,,,,,,,,,,,,,,,,,28.0,28.0,28.0,28.0,29.0,29.0,29.0,29.0,29.0,29.0,29.0,29.0,29.0,29.0,29.0,29.0,29.0,29.0,29.0,29.0,29.0,29.0,29.0,29.0,29.0,29.0,29.0,29.0,29.0,29.0,29.0,29.0,29.0,29.0,29.0,29.0,29.0,29.0,29.0,29.0,29.0,29.0,29.0,29.0,29.0,29
b5ezz9eWwPU,,,,,,,,,,,,,,,,,,,,,,,,,,,,,,,,,,,,,,,,,,,,,,,,,,,,,,,,,,,,,,,,,,,,,,,,,,,,,,,,,,,,,,,,,,,,,,,,,,,,,,,,,,,,,,,,,,,,,,,,,,,,,,,,,,,,,,,,,,,,,,,,,,,,,,,,,,,,,,,,,,,0.0,0.0,0.0,0.0,0.0,0.0,0.0,0.0,0.0,0.0,0.0,0.0,0.0,0.0,0.0,1.0,1.0,1.0,1.0,1.0,1.0,1.0,1.0,1.0,1.0,2.0,2.0,2.0,2.0,2.0,2.0,2.0,2.0,2.0,2.0,2.0,2.0,2.0,2.0,2.0,2.0,2.0,2.0,2.0,2.0,2
yrWcOc8LMyI,,,,,,,,,,,,,,,,,,,,,,,,,,,,,,,,,,,,,,,,,,,,,,,,,,,,,,,,,,,,,,,,,,,,,,,,,,,,,,,,,,,,,,,,,,,,,,,,,,,,,,,,,,,,,,,,,,,,,,,,,,,,,,,,,,,,,,,,,,,,,,,,,,,,,,,,,,,,,,,,,,,292.0,322.0,355.0,370.0,383.0,394.0,402.0,405.0,408.0,412.0,414.0,419.0,425.0,427.0,429.0,430.0,430.0,429.0,430.0,431.0,433.0,434.0,434.0,436.0,437.0,439.0,436.0,436.0,437.0,437.0,437.0,438.0,442.0,442.0,442.0,443.0,445.0,446.0,444.0,444.0,444.0,445.0,445.0,448.0,449.0,451
NautPwR9DtU,,,,,,,,,,,,,,,,,,,,,,,,,,,,,,,,,,,,,,,,,,,,,,,,,,,,,,,,,,,,,,,,,,,,,,,,,,,,,,,,,,,,,,,,,,,,,,,,,,,,,,,,,,,,,,,,,,,,,,,,,,,,,,,,,,,,,,,,,,,,,,,,,,,,,,,,,,,,,,,,,,,3.0,6.0,7.0,7.0,7.0,7.0,7.0,7.0,7.0,7.0,8.0,8.0,8.0,8.0,8.0,8.0,8.0,8.0,8.0,8.0,8.0,8.0,8.0,8.0,8.0,15.0,15.0,15.0,15.0,15.0,15.0,15.0,15.0,15.0,15.0,15.0,15.0,15.0,15.0,15.0,15.0,16.0,16.0,16.0,16.0,16
zVa6ijxN4xY,,,,,,,,,,,,,,,,,,,,,,,,,,,,,,,,,,,,,,,,,,,,,,,,,,,,,,,,,,,,,,,,,,,,,,,,,,,,,,,,,,,,,,,,,,,,,,,,,,,,,,,,,,,,,,,,,,,,,,,,,,,,,,,,,,,,,,,,,,,,,,,,,,,,,,,,,,,,,,,,,,,50.0,59.0,65.0,72.0,72.0,72.0,72.0,75.0,83.0,88.0,92.0,93.0,94.0,94.0,97.0,97.0,98.0,99.0,99.0,99.0,100.0,100.0,100.0,102.0,102.0,102.0,102.0,102.0,104.0,105.0,106.0,106.0,106.0,107.0,107.0,107.0,107.0,107.0,106.0,106.0,106.0,107.0,107.0,107.0,107.0,107
bUMLC9lCgHo,,,,,,,,,,,,,,,,,,,,,,,,,,,,,,,,,,,,,,,,,,,,,,,,,,,,,,,,,,,,,,,,,,,,,,,,,,,,,,,,,,,,,,,,,,,,,,,,,,,,,,,,,,,,,,,,,,,,,,,,,,,,,,,,,,,,,,,,,,,,,,,,,,,,,,,,,,,,,,,,,,,,5830.0,11610.0,12979.0,14018.0,15006.0,15490.0,15752.0,16081.0,16376.0,16707.0,16942.0,17158.0,17339.0,17642.0,17698.0,17889.0,18086.0,18195.0,18332.0,18411.0,18526.0,18645.0,18744.0,18816.0,18856.0,18888.0,18916.0,18933.0,18963.0,19002.0,19029.0,19047.0,19057.0,19070.0,19089.0,19103.0,19107.0,19126.0,19134.0,19144.0,19161.0,19179.0,19188.0,19194.0,19198
w8BZlry3WGE,,,,,,,,,,,,,,,,,,,,,,,,,,,,,,,,,,,,,,,,,,,,,,,,,,,,,,,,,,,,,,,,,,,,,,,,,,,,,,,,,,,,,,,,,,,,,,,,,,,,,,,,,,,,,,,,,,,,,,,,,,,,,,,,,,,,,,,,,,,,,,,,,,,,,,,,,,,,,,,,,,,,572.0,577.0,583.0,588.0,594.0,596.0,604.0,607.0,611.0,614.0,619.0,622.0,624.0,628.0,632.0,635.0,638.0,643.0,645.0,647.0,648.0,649.0,650.0,651.0,651.0,651.0,652.0,652.0,653.0,654.0,652.0,653.0,653.0,653.0,656.0,657.0,657.0,663.0,666.0,666.0,667.0,667.0,668.0,671.0,671
hc1J3x3eCWc,,,,,,,,,,,,,,,,,,,,,,,,,,,,,,,,,,,,,,,,,,,,,,,,,,,,,,,,,,,,,,,,,,,,,,,,,,,,,,,,,,,,,,,,,,,,,,,,,,,,,,,,,,,,,,,,,,,,,,,,,,,,,,,,,,,,,,,,,,,,,,,,,,,,,,,,,,,,,,,,,,,,1812.0,1926.0,2018.0,2065.0,2095.0,2115.0,2137.0,2158.0,2180.0,2192.0,2207.0,2210.0,2215.0,2217.0,2219.0,2221.0,2223.0,2224.0,2228.0,2230.0,2233.0,2235.0,2235.0,2236.0,2238.0,2238.0,2240.0,2243.0,2243.0,2244.0,2241.0,2242.0,2243.0,2244.0,2245.0,2247.0,2248.0,2249.0,2250.0,2251.0,2251.0,2247.0,2247.0,2247.0,2247
E52AXA2ue_4,,,,,,,,,,,,,,,,,,,,,,,,,,,,,,,,,,,,,,,,,,,,,,,,,,,,,,,,,,,,,,,,,,,,,,,,,,,,,,,,,,,,,,,,,,,,,,,,,,,,,,,,,,,,,,,,,,,,,,,,,,,,,,,,,,,,,,,,,,,,,,,,,,,,,,,,,,,,,,,,,,,,5.0,12.0,13.0,14.0,15.0,15.0,15.0,15.0,17.0,17.0,19.0,20.0,20.0,20.0,20.0,20.0,20.0,20.0,20.0,20.0,21.0,21.0,21.0,21.0,21.0,21.0,21.0,22.0,22.0,22.0,22.0,22.0,22.0,22.0,22.0,22.0,22.0,22.0,22.0,22.0,22.0,22.0,22.0,22.0,22
12cGccayP6Y,,,,,,,,,,,,,,,,,,,,,,,,,,,,,,,,,,,,,,,,,,,,,,,,,,,,,,,,,,,,,,,,,,,,,,,,,,,,,,,,,,,,,,,,,,,,,,,,,,,,,,,,,,,,,,,,,,,,,,,,,,,,,,,,,,,,,,,,,,,,,,,,,,,,,,,,,,,,,,,,,,,,105.0,164.0,186.0,195.0,207.0,209.0,219.0,228.0,235.0,244.0,249.0,255.0,261.0,268.0,271.0,274.0,278.0,281.0,285.0,289.0,294.0,295.0,297.0,299.0,299.0,301.0,302.0,305.0,306.0,307.0,307.0,309.0,310.0,311.0,315.0,317.0,318.0,319.0,322.0,323.0,324.0,325.0,325.0,325.0,326
r6fJ2az5Yi4,,,,,,,,,,,,,,,,,,,,,,,,,,,,,,,,,,,,,,,,,,,,,,,,,,,,,,,,,,,,,,,,,,,,,,,,,,,,,,,,,,,,,,,,,,,,,,,,,,,,,,,,,,,,,,,,,,,,,,,,,,,,,,,,,,,,,,,,,,,,,,,,,,,,,,,,,,,,,,,,,,,,0.0,0.0,15.0,15.0,17.0,17.0,18.0,18.0,19.0,19.0,19.0,19.0,19.0,19.0,19.0,19.0,19.0,19.0,19.0,19.0,19.0,20.0,22.0,22.0,24.0,24.0,25.0,26.0,27.0,27.0,27.0,27.0,27.0,28.0,28.0,28.0,29.0,29.0,29.0,30.0,31.0,31.0,31.0,31.0,31
JqE4vkG-rQY,,,,,,,,,,,,,,,,,,,,,,,,,,,,,,,,,,,,,,,,,,,,,,,,,,,,,,,,,,,,,,,,,,,,,,,,,,,,,,,,,,,,,,,,,,,,,,,,,,,,,,,,,,,,,,,,,,,,,,,,,,,,,,,,,,,,,,,,,,,,,,,,,,,,,,,,,,,,,,,,,,,,0.0,0.0,0.0,0.0,0.0,0.0,0.0,0.0,0.0,0.0,0.0,0.0,0.0,0.0,0.0,0.0,0.0,0.0,0.0,0.0,0.0,0.0,0.0,0.0,0.0,0.0,0.0,0.0,0.0,0.0,0.0,0.0,0.0,0.0,0.0,0.0,0.0,0.0,0.0,0.0,0.0,0.0,0.0,0.0,0
HDGCTtuW-Yo,,,,,,,,,,,,,,,,,,,,,,,,,,,,,,,,,,,,,,,,,,,,,,,,,,,,,,,,,,,,,,,,,,,,,,,,,,,,,,,,,,,,,,,,,,,,,,,,,,,,,,,,,,,,,,,,,,,,,,,,,,,,,,,,,,,,,,,,,,,,,,,,,,,,,,,,,,,,,,,,,,,,,6876.0,10359.0,12181.0,13241.0,14032.0,14523.0,14869.0,15243.0,15552.0,15702.0,15850.0,15999.0,16263.0,16650.0,16863.0,16957.0,17067.0,17205.0,17282.0,17375.0,17473.0,17524.0,17575.0,17616.0,17659.0,17700.0,17739.0,17754.0,17767.0,17805.0,17764.0,17730.0,17735.0,17746.0,17756.0,17752.0,17785.0,17798.0,17813.0,17839.0,17860.0,17866.0,17889.0,17894
4o6fxbNAj3A,,,,,,,,,,,,,,,,,,,,,,,,,,,,,,,,,,,,,,,,,,,,,,,,,,,,,,,,,,,,,,,,,,,,,,,,,,,,,,,,,,,,,,,,,,,,,,,,,,,,,,,,,,,,,,,,,,,,,,,,,,,,,,,,,,,,,,,,,,,,,,,,,,,,,,,,,,,,,,,,,,,,,239.0,331.0,379.0,420.0,436.0,447.0,460.0,471.0,479.0,489.0,492.0,500.0,504.0,505.0,508.0,510.0,511.0,512.0,514.0,514.0,519.0,520.0,522.0,524.0,524.0,525.0,528.0,528.0,528.0,528.0,528.0,528.0,529.0,529.0,529.0,529.0,530.0,531.0,531.0,531.0,531.0,531.0,535.0,535
SO2LlE9t3yQ,,,,,,,,,,,,,,,,,,,,,,,,,,,,,,,,,,,,,,,,,,,,,,,,,,,,,,,,,,,,,,,,,,,,,,,,,,,,,,,,,,,,,,,,,,,,,,,,,,,,,,,,,,,,,,,,,,,,,,,,,,,,,,,,,,,,,,,,,,,,,,,,,,,,,,,,,,,,,,,,,,,,,62.0,62.0,62.0,62.0,62.0,62.0,62.0,62.0,62.0,62.0,62.0,62.0,62.0,62.0,62.0,62.0,62.0,63.0,63.0,63.0,63.0,63.0,63.0,63.0,63.0,63.0,63.0,63.0,63.0,63.0,63.0,63.0,63.0,63.0,63.0,63.0,63.0,63.0,63.0,63.0,63.0,63.0,63.0,63
EO0fLg006Y4,,,,,,,,,,,,,,,,,,,,,,,,,,,,,,,,,,,,,,,,,,,,,,,,,,,,,,,,,,,,,,,,,,,,,,,,,,,,,,,,,,,,,,,,,,,,,,,,,,,,,,,,,,,,,,,,,,,,,,,,,,,,,,,,,,,,,,,,,,,,,,,,,,,,,,,,,,,,,,,,,,,,,5.0,5.0,5.0,5.0,5.0,5.0,5.0,5.0,5.0,5.0,5.0,5.0,5.0,5.0,5.0,5.0,5.0,5.0,5.0,5.0,5.0,5.0,5.0,5.0,5.0,6.0,6.0,6.0,6.0,6.0,6.0,6.0,6.0,6.0,6.0,6.0,6.0,6.0,6.0,6.0,6.0,6.0,6.0,6
18ytkDsujR0,,,,,,,,,,,,,,,,,,,,,,,,,,,,,,,,,,,,,,,,,,,,,,,,,,,,,,,,,,,,,,,,,,,,,,,,,,,,,,,,,,,,,,,,,,,,,,,,,,,,,,,,,,,,,,,,,,,,,,,,,,,,,,,,,,,,,,,,,,,,,,,,,,,,,,,,,,,,,,,,,,,,,316.0,316.0,317.0,317.0,317.0,317.0,317.0,317.0,317.0,318.0,318.0,318.0,318.0,318.0,318.0,318.0,318.0,318.0,318.0,318.0,318.0,318.0,318.0,318.0,318.0,318.0,318.0,318.0,319.0,319.0,319.0,319.0,319.0,319.0,319.0,319.0,319.0,319.0,319.0,320.0,320.0,320.0,320.0,320
MgT9ZCsTTdE,,,,,,,,,,,,,,,,,,,,,,,,,,,,,,,,,,,,,,,,,,,,,,,,,,,,,,,,,,,,,,,,,,,,,,,,,,,,,,,,,,,,,,,,,,,,,,,,,,,,,,,,,,,,,,,,,,,,,,,,,,,,,,,,,,,,,,,,,,,,,,,,,,,,,,,,,,,,,,,,,,,,,0.0,0.0,0.0,0.0,0.0,0.0,0.0,0.0,0.0,0.0,0.0,0.0,0.0,0.0,0.0,0.0,0.0,0.0,0.0,0.0,0.0,0.0,0.0,0.0,0.0,0.0,0.0,0.0,0.0,0.0,0.0,0.0,0.0,0.0,0.0,0.0,0.0,0.0,0.0,0.0,0.0,0.0,0.0,0
65wXfUAaSx4,,,,,,,,,,,,,,,,,,,,,,,,,,,,,,,,,,,,,,,,,,,,,,,,,,,,,,,,,,,,,,,,,,,,,,,,,,,,,,,,,,,,,,,,,,,,,,,,,,,,,,,,,,,,,,,,,,,,,,,,,,,,,,,,,,,,,,,,,,,,,,,,,,,,,,,,,,,,,,,,,,,,,639.0,665.0,681.0,685.0,688.0,695.0,700.0,701.0,703.0,703.0,707.0,708.0,711.0,711.0,711.0,712.0,712.0,713.0,713.0,714.0,716.0,718.0,719.0,720.0,721.0,721.0,721.0,721.0,721.0,722.0,723.0,725.0,726.0,727.0,729.0,729.0,729.0,729.0,729.0,729.0,730.0,730.0,730.0,731
xbhDv-cJp5w,,,,,,,,,,,,,,,,,,,,,,,,,,,,,,,,,,,,,,,,,,,,,,,,,,,,,,,,,,,,,,,,,,,,,,,,,,,,,,,,,,,,,,,,,,,,,,,,,,,,,,,,,,,,,,,,,,,,,,,,,,,,,,,,,,,,,,,,,,,,,,,,,,,,,,,,,,,,,,,,,,,,,42.0,45.0,45.0,45.0,46.0,47.0,47.0,48.0,48.0,48.0,48.0,49.0,49.0,49.0,49.0,49.0,49.0,49.0,49.0,49.0,49.0,49.0,49.0,49.0,49.0,49.0,49.0,49.0,50.0,50.0,50.0,50.0,50.0,50.0,51.0,52.0,52.0,52.0,52.0,52.0,53.0,53.0,53.0,53
6SwzIUKTTJM,,,,,,,,,,,,,,,,,,,,,,,,,,,,,,,,,,,,,,,,,,,,,,,,,,,,,,,,,,,,,,,,,,,,,,,,,,,,,,,,,,,,,,,,,,,,,,,,,,,,,,,,,,,,,,,,,,,,,,,,,,,,,,,,,,,,,,,,,,,,,,,,,,,,,,,,,,,,,,,,,,,,,83.0,90.0,97.0,99.0,101.0,101.0,101.0,102.0,102.0,102.0,103.0,103.0,103.0,103.0,103.0,103.0,103.0,103.0,103.0,103.0,103.0,103.0,103.0,103.0,103.0,103.0,103.0,103.0,103.0,103.0,103.0,103.0,103.0,104.0,105.0,106.0,107.0,108.0,108.0,108.0,108.0,108.0,108.0,109
Ar11flLQ-bI,,,,,,,,,,,,,,,,,,,,,,,,,,,,,,,,,,,,,,,,,,,,,,,,,,,,,,,,,,,,,,,,,,,,,,,,,,,,,,,,,,,,,,,,,,,,,,,,,,,,,,,,,,,,,,,,,,,,,,,,,,,,,,,,,,,,,,,,,,,,,,,,,,,,,,,,,,,,,,,,,,,,,1467.0,1840.0,1912.0,1948.0,1969.0,1981.0,1994.0,1998.0,2005.0,2009.0,2015.0,2020.0,2027.0,2036.0,2039.0,2046.0,2054.0,2056.0,2063.0,2070.0,2074.0,2077.0,2079.0,2080.0,2083.0,2086.0,2088.0,2089.0,2090.0,2091.0,2093.0,2095.0,2098.0,2100.0,2100.0,2104.0,2105.0,2104.0,2106.0,2108.0,2108.0,2108.0,2107.0,2108
HePLQCd1vS8,,,,,,,,,,,,,,,,,,,,,,,,,,,,,,,,,,,,,,,,,,,,,,,,,,,,,,,,,,,,,,,,,,,,,,,,,,,,,,,,,,,,,,,,,,,,,,,,,,,,,,,,,,,,,,,,,,,,,,,,,,,,,,,,,,,,,,,,,,,,,,,,,,,,,,,,,,,,,,,,,,,,,0.0,12.0,24.0,27.0,29.0,32.0,32.0,32.0,33.0,33.0,33.0,33.0,34.0,35.0,35.0,35.0,35.0,35.0,35.0,35.0,35.0,35.0,35.0,35.0,36.0,36.0,36.0,36.0,36.0,36.0,36.0,36.0,36.0,36.0,36.0,36.0,36.0,36.0,36.0,36.0,36.0,36.0,36.0,36
HgewvBTOJwU,,,,,,,,,,,,,,,,,,,,,,,,,,,,,,,,,,,,,,,,,,,,,,,,,,,,,,,,,,,,,,,,,,,,,,,,,,,,,,,,,,,,,,,,,,,,,,,,,,,,,,,,,,,,,,,,,,,,,,,,,,,,,,,,,,,,,,,,,,,,,,,,,,,,,,,,,,,,,,,,,,,,,,2302.0,3706.0,4336.0,4609.0,4877.0,5114.0,5287.0,5482.0,5587.0,5666.0,5753.0,5801.0,5838.0,5869.0,5916.0,6031.0,6097.0,6155.0,6228.0,6278.0,6316.0,6360.0,6414.0,6457.0,6511.0,6540.0,6561.0,6583.0,6635.0,6679.0,6704.0,6757.0,6795.0,6847.0,6883.0,6922.0,6948.0,6973.0,6991.0,6996.0,7013.0,7022.0,7037
J6SCk_AbpH4,,,,,,,,,,,,,,,,,,,,,,,,,,,,,,,,,,,,,,,,,,,,,,,,,,,,,,,,,,,,,,,,,,,,,,,,,,,,,,,,,,,,,,,,,,,,,,,,,,,,,,,,,,,,,,,,,,,,,,,,,,,,,,,,,,,,,,,,,,,,,,,,,,,,,,,,,,,,,,,,,,,,,,55.0,76.0,86.0,92.0,95.0,99.0,99.0,100.0,100.0,102.0,102.0,104.0,104.0,104.0,104.0,104.0,105.0,105.0,105.0,105.0,105.0,105.0,105.0,106.0,106.0,107.0,108.0,108.0,107.0,107.0,107.0,107.0,107.0,107.0,107.0,107.0,107.0,107.0,107.0,107.0,107.0,107.0,107
Ox8NTuI6ex0,,,,,,,,,,,,,,,,,,,,,,,,,,,,,,,,,,,,,,,,,,,,,,,,,,,,,,,,,,,,,,,,,,,,,,,,,,,,,,,,,,,,,,,,,,,,,,,,,,,,,,,,,,,,,,,,,,,,,,,,,,,,,,,,,,,,,,,,,,,,,,,,,,,,,,,,,,,,,,,,,,,,,,108.0,130.0,148.0,160.0,162.0,170.0,172.0,174.0,174.0,176.0,177.0,179.0,182.0,184.0,187.0,187.0,188.0,188.0,188.0,189.0,189.0,189.0,190.0,190.0,190.0,190.0,190.0,190.0,190.0,190.0,190.0,190.0,190.0,191.0,192.0,192.0,192.0,192.0,193.0,193.0,194.0,195.0,195
JFOZUFaACzU,,,,,,,,,,,,,,,,,,,,,,,,,,,,,,,,,,,,,,,,,,,,,,,,,,,,,,,,,,,,,,,,,,,,,,,,,,,,,,,,,,,,,,,,,,,,,,,,,,,,,,,,,,,,,,,,,,,,,,,,,,,,,,,,,,,,,,,,,,,,,,,,,,,,,,,,,,,,,,,,,,,,,,,853.0,1263.0,1413.0,1520.0,1624.0,1721.0,1792.0,1837.0,1939.0,1981.0,2004.0,2036.0,2056.0,2091.0,2126.0,2164.0,2179.0,2198.0,2220.0,2239.0,2250.0,2255.0,2259.0,2264.0,2270.0,2274.0,2278.0,2282.0,2283.0,2286.0,2292.0,2293.0,2293.0,2296.0,2299.0,2297.0,2301.0,2305.0,2308.0,2309.0,2310.0,2313
iEXktZOXcNo,,,,,,,,,,,,,,,,,,,,,,,,,,,,,,,,,,,,,,,,,,,,,,,,,,,,,,,,,,,,,,,,,,,,,,,,,,,,,,,,,,,,,,,,,,,,,,,,,,,,,,,,,,,,,,,,,,,,,,,,,,,,,,,,,,,,,,,,,,,,,,,,,,,,,,,,,,,,,,,,,,,,,,,335.0,530.0,625.0,672.0,695.0,721.0,750.0,774.0,791.0,810.0,820.0,829.0,824.0,827.0,830.0,835.0,837.0,841.0,848.0,854.0,861.0,864.0,873.0,878.0,882.0,895.0,896.0,915.0,1050.0,1154.0,1273.0,1339.0,1376.0,1393.0,1406.0,1415.0,1431.0,1437.0,1447.0,1454.0,1453.0,1454
L8qBMSEf_9s,,,,,,,,,,,,,,,,,,,,,,,,,,,,,,,,,,,,,,,,,,,,,,,,,,,,,,,,,,,,,,,,,,,,,,,,,,,,,,,,,,,,,,,,,,,,,,,,,,,,,,,,,,,,,,,,,,,,,,,,,,,,,,,,,,,,,,,,,,,,,,,,,,,,,,,,,,,,,,,,,,,,,,,22.0,22.0,22.0,22.0,22.0,23.0,23.0,25.0,25.0,25.0,25.0,25.0,25.0,25.0,25.0,25.0,25.0,25.0,25.0,25.0,25.0,25.0,25.0,25.0,25.0,25.0,25.0,25.0,26.0,26.0,26.0,26.0,26.0,26.0,26.0,26.0,26.0,26.0,26.0,26.0,26.0,26
VlLtGnr3Weg,,,,,,,,,,,,,,,,,,,,,,,,,,,,,,,,,,,,,,,,,,,,,,,,,,,,,,,,,,,,,,,,,,,,,,,,,,,,,,,,,,,,,,,,,,,,,,,,,,,,,,,,,,,,,,,,,,,,,,,,,,,,,,,,,,,,,,,,,,,,,,,,,,,,,,,,,,,,,,,,,,,,,,,2.0,2.0,3.0,3.0,3.0,3.0,3.0,3.0,3.0,3.0,3.0,3.0,3.0,3.0,3.0,3.0,3.0,3.0,3.0,3.0,3.0,3.0,3.0,3.0,3.0,3.0,3.0,3.0,3.0,3.0,3.0,3.0,3.0,3.0,3.0,3.0,3.0,3.0,3.0,3.0,3.0,3
Ze632hNtGMc,,,,,,,,,,,,,,,,,,,,,,,,,,,,,,,,,,,,,,,,,,,,,,,,,,,,,,,,,,,,,,,,,,,,,,,,,,,,,,,,,,,,,,,,,,,,,,,,,,,,,,,,,,,,,,,,,,,,,,,,,,,,,,,,,,,,,,,,,,,,,,,,,,,,,,,,,,,,,,,,,,,,,,,146.0,240.0,326.0,351.0,375.0,386.0,397.0,404.0,406.0,413.0,426.0,433.0,435.0,439.0,446.0,449.0,453.0,455.0,458.0,464.0,467.0,470.0,473.0,474.0,475.0,476.0,476.0,478.0,481.0,481.0,484.0,485.0,485.0,485.0,485.0,487.0,487.0,486.0,487.0,489.0,489.0,490
ppzIniNhrEc,,,,,,,,,,,,,,,,,,,,,,,,,,,,,,,,,,,,,,,,,,,,,,,,,,,,,,,,,,,,,,,,,,,,,,,,,,,,,,,,,,,,,,,,,,,,,,,,,,,,,,,,,,,,,,,,,,,,,,,,,,,,,,,,,,,,,,,,,,,,,,,,,,,,,,,,,,,,,,,,,,,,,,,66.0,81.0,84.0,84.0,86.0,88.0,91.0,92.0,94.0,95.0,97.0,99.0,99.0,99.0,100.0,100.0,102.0,103.0,103.0,103.0,103.0,104.0,105.0,104.0,104.0,104.0,104.0,105.0,105.0,106.0,106.0,106.0,106.0,107.0,107.0,107.0,107.0,107.0,108.0,108.0,109.0,109
BvUo2kzTui0,,,,,,,,,,,,,,,,,,,,,,,,,,,,,,,,,,,,,,,,,,,,,,,,,,,,,,,,,,,,,,,,,,,,,,,,,,,,,,,,,,,,,,,,,,,,,,,,,,,,,,,,,,,,,,,,,,,,,,,,,,,,,,,,,,,,,,,,,,,,,,,,,,,,,,,,,,,,,,,,,,,,,,,,107.0,159.0,205.0,234.0,273.0,288.0,312.0,326.0,337.0,348.0,351.0,356.0,361.0,366.0,377.0,383.0,389.0,399.0,400.0,400.0,403.0,409.0,416.0,418.0,417.0,419.0,422.0,423.0,424.0,426.0,426.0,428.0,429.0,430.0,432.0,435.0,437.0,440.0,440.0,441.0,443
eLC7M_8HQAI,,,,,,,,,,,,,,,,,,,,,,,,,,,,,,,,,,,,,,,,,,,,,,,,,,,,,,,,,,,,,,,,,,,,,,,,,,,,,,,,,,,,,,,,,,,,,,,,,,,,,,,,,,,,,,,,,,,,,,,,,,,,,,,,,,,,,,,,,,,,,,,,,,,,,,,,,,,,,,,,,,,,,,,,318.0,770.0,953.0,1051.0,1136.0,1230.0,1398.0,1550.0,1552.0,1557.0,1561.0,1562.0,1566.0,1568.0,1569.0,1575.0,1582.0,1582.0,1581.0,1582.0,1584.0,1586.0,1589.0,1594.0,1595.0,1597.0,1598.0,1600.0,1602.0,1605.0,1605.0,1606.0,1607.0,1609.0,1610.0,1613.0,1615.0,1615.0,1617.0,1618.0,1615
uUi5nN17uw8,,,,,,,,,,,,,,,,,,,,,,,,,,,,,,,,,,,,,,,,,,,,,,,,,,,,,,,,,,,,,,,,,,,,,,,,,,,,,,,,,,,,,,,,,,,,,,,,,,,,,,,,,,,,,,,,,,,,,,,,,,,,,,,,,,,,,,,,,,,,,,,,,,,,,,,,,,,,,,,,,,,,,,,,23.0,32.0,35.0,35.0,36.0,37.0,37.0,37.0,38.0,40.0,41.0,41.0,41.0,41.0,41.0,41.0,41.0,43.0,43.0,43.0,43.0,43.0,43.0,43.0,43.0,43.0,43.0,43.0,43.0,43.0,43.0,43.0,43.0,43.0,45.0,45.0,45.0,45.0,45.0,45.0,45
pZOiSUMAKDw,,,,,,,,,,,,,,,,,,,,,,,,,,,,,,,,,,,,,,,,,,,,,,,,,,,,,,,,,,,,,,,,,,,,,,,,,,,,,,,,,,,,,,,,,,,,,,,,,,,,,,,,,,,,,,,,,,,,,,,,,,,,,,,,,,,,,,,,,,,,,,,,,,,,,,,,,,,,,,,,,,,,,,,,,,,,,,,,,,,,,,,,,,,,,,,,,,,,,,,,,,,,,,,,
9UHrfbT9y7A,,,,,,,,,,,,,,,,,,,,,,,,,,,,,,,,,,,,,,,,,,,,,,,,,,,,,,,,,,,,,,,,,,,,,,,,,,,,,,,,,,,,,,,,,,,,,,,,,,,,,,,,,,,,,,,,,,,,,,,,,,,,,,,,,,,,,,,,,,,,,,,,,,,,,,,,,,,,,,,,,,,,,,,,86.0,120.0,142.0,153.0,161.0,171.0,177.0,180.0,180.0,181.0,182.0,185.0,186.0,188.0,188.0,190.0,193.0,195.0,196.0,201.0,201.0,202.0,204.0,206.0,206.0,207.0,208.0,208.0,208.0,208.0,208.0,208.0,208.0,208.0,208.0,208.0,208.0,208.0,208.0,209.0,209
m5Qu284WU4U,,,,,,,,,,,,,,,,,,,,,,,,,,,,,,,,,,,,,,,,,,,,,,,,,,,,,,,,,,,,,,,,,,,,,,,,,,,,,,,,,,,,,,,,,,,,,,,,,,,,,,,,,,,,,,,,,,,,,,,,,,,,,,,,,,,,,,,,,,,,,,,,,,,,,,,,,,,,,,,,,,,,,,,,65.0,86.0,88.0,89.0,92.0,92.0,92.0,92.0,94.0,94.0,96.0,97.0,97.0,97.0,98.0,98.0,98.0,98.0,98.0,98.0,98.0,98.0,98.0,99.0,99.0,99.0,99.0,99.0,99.0,99.0,99.0,99.0,99.0,99.0,99.0,101.0,101.0,101.0,101.0,101.0,101
8IY44RZHyw8,,,,,,,,,,,,,,,,,,,,,,,,,,,,,,,,,,,,,,,,,,,,,,,,,,,,,,,,,,,,,,,,,,,,,,,,,,,,,,,,,,,,,,,,,,,,,,,,,,,,,,,,,,,,,,,,,,,,,,,,,,,,,,,,,,,,,,,,,,,,,,,,,,,,,,,,,,,,,,,,,,,,,,,,,3469.0,4074.0,4344.0,4383.0,4489.0,4602.0,4727.0,4746.0,4779.0,4799.0,4826.0,4865.0,4913.0,5006.0,5050.0,5074.0,5076.0,5078.0,5081.0,5087.0,5094.0,5097.0,5109.0,5128.0,5130.0,5145.0,5157.0,5198.0,5214.0,5224.0,5216.0,5225.0,5235.0,5236.0,5239.0,5243.0,5245.0,5246.0,5249.0,5253
m6d52kUq5yo,,,,,,,,,,,,,,,,,,,,,,,,,,,,,,,,,,,,,,,,,,,,,,,,,,,,,,,,,,,,,,,,,,,,,,,,,,,,,,,,,,,,,,,,,,,,,,,,,,,,,,,,,,,,,,,,,,,,,,,,,,,,,,,,,,,,,,,,,,,,,,,,,,,,,,,,,,,,,,,,,,,,,,,,,705.0,830.0,887.0,923.0,965.0,1003.0,1023.0,1043.0,1052.0,1068.0,1074.0,1072.0,1075.0,1078.0,1086.0,1092.0,1100.0,1114.0,1120.0,1124.0,1128.0,1133.0,1135.0,1138.0,1143.0,1145.0,1147.0,1147.0,1151.0,1152.0,1156.0,1159.0,1164.0,1167.0,1169.0,1174.0,1174.0,1178.0,1182.0,1185
RxjJaK2Bk5I,,,,,,,,,,,,,,,,,,,,,,,,,,,,,,,,,,,,,,,,,,,,,,,,,,,,,,,,,,,,,,,,,,,,,,,,,,,,,,,,,,,,,,,,,,,,,,,,,,,,,,,,,,,,,,,,,,,,,,,,,,,,,,,,,,,,,,,,,,,,,,,,,,,,,,,,,,,,,,,,,,,,,,,,,0.0,0.0,0.0,0.0,0.0,0.0,0.0,0.0,0.0,0.0,0.0,0.0,0.0,0.0,0.0,0.0,0.0,0.0,0.0,0.0,0.0,0.0,0.0,0.0,0.0,0.0,0.0,0.0,0.0,0.0,0.0,0.0,0.0,0.0,0.0,0.0,0.0,0.0,0.0,0
Xi6hXHbcz8s,,,,,,,,,,,,,,,,,,,,,,,,,,,,,,,,,,,,,,,,,,,,,,,,,,,,,,,,,,,,,,,,,,,,,,,,,,,,,,,,,,,,,,,,,,,,,,,,,,,,,,,,,,,,,,,,,,,,,,,,,,,,,,,,,,,,,,,,,,,,,,,,,,,,,,,,,,,,,,,,,,,,,,,,,3.0,7.0,10.0,10.0,10.0,11.0,11.0,11.0,11.0,11.0,11.0,11.0,11.0,11.0,11.0,11.0,11.0,12.0,12.0,12.0,13.0,13.0,13.0,13.0,13.0,13.0,13.0,13.0,13.0,13.0,13.0,13.0,13.0,13.0,13.0,13.0,13.0,13.0,13.0,13
OhDmrQUeK-4,,,,,,,,,,,,,,,,,,,,,,,,,,,,,,,,,,,,,,,,,,,,,,,,,,,,,,,,,,,,,,,,,,,,,,,,,,,,,,,,,,,,,,,,,,,,,,,,,,,,,,,,,,,,,,,,,,,,,,,,,,,,,,,,,,,,,,,,,,,,,,,,,,,,,,,,,,,,,,,,,,,,,,,,,0.0,0.0,0.0,0.0,0.0,0.0,0.0,0.0,0.0,0.0,1.0,1.0,1.0,1.0,1.0,1.0,1.0,1.0,1.0,1.0,1.0,1.0,1.0,1.0,1.0,1.0,1.0,1.0,1.0,1.0,1.0,1.0,1.0,1.0,1.0,1.0,1.0,1.0,1.0,1
ANcdX3b39G8,,,,,,,,,,,,,,,,,,,,,,,,,,,,,,,,,,,,,,,,,,,,,,,,,,,,,,,,,,,,,,,,,,,,,,,,,,,,,,,,,,,,,,,,,,,,,,,,,,,,,,,,,,,,,,,,,,,,,,,,,,,,,,,,,,,,,,,,,,,,,,,,,,,,,,,,,,,,,,,,,,,,,,,,,102.0,120.0,125.0,134.0,145.0,148.0,152.0,153.0,153.0,154.0,156.0,158.0,158.0,160.0,161.0,161.0,161.0,161.0,162.0,162.0,163.0,163.0,164.0,164.0,164.0,164.0,164.0,164.0,164.0,164.0,164.0,165.0,165.0,165.0,166.0,166.0,165.0,165.0,165.0,165
VozWYo0-8zg,,,,,,,,,,,,,,,,,,,,,,,,,,,,,,,,,,,,,,,,,,,,,,,,,,,,,,,,,,,,,,,,,,,,,,,,,,,,,,,,,,,,,,,,,,,,,,,,,,,,,,,,,,,,,,,,,,,,,,,,,,,,,,,,,,,,,,,,,,,,,,,,,,,,,,,,,,,,,,,,,,,,,,,,,12.0,15.0,16.0,17.0,18.0,18.0,18.0,19.0,19.0,19.0,19.0,20.0,20.0,20.0,20.0,21.0,22.0,22.0,22.0,22.0,22.0,23.0,25.0,26.0,26.0,26.0,26.0,27.0,27.0,28.0,28.0,28.0,28.0,29.0,30.0,31.0,32.0,35.0,35.0,36
p4Gn5MmnH_I,,,,,,,,,,,,,,,,,,,,,,,,,,,,,,,,,,,,,,,,,,,,,,,,,,,,,,,,,,,,,,,,,,,,,,,,,,,,,,,,,,,,,,,,,,,,,,,,,,,,,,,,,,,,,,,,,,,,,,,,,,,,,,,,,,,,,,,,,,,,,,,,,,,,,,,,,,,,,,,,,,,,,,,,,0.0,1.0,1.0,1.0,1.0,1.0,1.0,1.0,2.0,2.0,2.0,2.0,2.0,2.0,2.0,2.0,2.0,2.0,2.0,2.0,4.0,10.0,10.0,10.0,10.0,10.0,10.0,10.0,10.0,10.0,10.0,10.0,10.0,10.0,10.0,10.0,10.0,10.0,10.0,10
fmD_uPp0UQQ,,,,,,,,,,,,,,,,,,,,,,,,,,,,,,,,,,,,,,,,,,,,,,,,,,,,,,,,,,,,,,,,,,,,,,,,,,,,,,,,,,,,,,,,,,,,,,,,,,,,,,,,,,,,,,,,,,,,,,,,,,,,,,,,,,,,,,,,,,,,,,,,,,,,,,,,,,,,,,,,,,,,,,,,,755.0,1201.0,1302.0,1362.0,1403.0,1448.0,1478.0,1495.0,1508.0,1528.0,1542.0,1551.0,1563.0,1571.0,1576.0,1586.0,1593.0,1597.0,1605.0,1626.0,1645.0,1653.0,1656.0,1661.0,1662.0,1664.0,1672.0,1678.0,1682.0,1685.0,1685.0,1686.0,1690.0,1697.0,1700.0,1704.0,1713.0,1714.0,1715.0,1716
dQabVG2gzeA,,,,,,,,,,,,,,,,,,,,,,,,,,,,,,,,,,,,,,,,,,,,,,,,,,,,,,,,,,,,,,,,,,,,,,,,,,,,,,,,,,,,,,,,,,,,,,,,,,,,,,,,,,,,,,,,,,,,,,,,,,,,,,,,,,,,,,,,,,,,,,,,,,,,,,,,,,,,,,,,,,,,,,,,,299.0,334.0,348.0,353.0,358.0,363.0,360.0,359.0,360.0,361.0,365.0,364.0,368.0,368.0,371.0,372.0,369.0,369.0,369.0,371.0,371.0,345.0,343.0,343.0,343.0,343.0,343.0,343.0,343.0,344.0,347.0,348.0,349.0,350.0,350.0,351.0,351.0,351.0,352.0,352
wI-BTojLH0g,,,,,,,,,,,,,,,,,,,,,,,,,,,,,,,,,,,,,,,,,,,,,,,,,,,,,,,,,,,,,,,,,,,,,,,,,,,,,,,,,,,,,,,,,,,,,,,,,,,,,,,,,,,,,,,,,,,,,,,,,,,,,,,,,,,,,,,,,,,,,,,,,,,,,,,,,,,,,,,,,,,,,,,,,82.0,97.0,101.0,100.0,105.0,105.0,105.0,105.0,106.0,106.0,108.0,108.0,108.0,108.0,110.0,111.0,111.0,114.0,115.0,115.0,115.0,115.0,115.0,115.0,115.0,115.0,115.0,115.0,115.0,115.0,115.0,115.0,115.0,115.0,115.0,115.0,115.0,115.0,115.0,115
omrIyF5o7TQ,,,,,,,,,,,,,,,,,,,,,,,,,,,,,,,,,,,,,,,,,,,,,,,,,,,,,,,,,,,,,,,,,,,,,,,,,,,,,,,,,,,,,,,,,,,,,,,,,,,,,,,,,,,,,,,,,,,,,,,,,,,,,,,,,,,,,,,,,,,,,,,,,,,,,,,,,,,,,,,,,,,,,,,,,8.0,7.0,7.0,8.0,10.0,11.0,11.0,11.0,11.0,12.0,13.0,14.0,14.0,15.0,15.0,15.0,15.0,15.0,15.0,15.0,15.0,15.0,16.0,16.0,16.0,16.0,17.0,17.0,18.0,18.0,18.0,18.0,19.0,19.0,20.0,21.0,21.0,21.0,21.0,21
Y2515E2mTpo,,,,,,,,,,,,,,,,,,,,,,,,,,,,,,,,,,,,,,,,,,,,,,,,,,,,,,,,,,,,,,,,,,,,,,,,,,,,,,,,,,,,,,,,,,,,,,,,,,,,,,,,,,,,,,,,,,,,,,,,,,,,,,,,,,,,,,,,,,,,,,,,,,,,,,,,,,,,,,,,,,,,,,,,,,395.0,576.0,637.0,689.0,771.0,809.0,820.0,830.0,830.0,839.0,840.0,841.0,841.0,842.0,846.0,847.0,851.0,852.0,853.0,854.0,857.0,860.0,863.0,867.0,868.0,869.0,869.0,851.0,852.0,853.0,854.0,854.0,855.0,855.0,855.0,856.0,856.0,858.0,860
tkE9uHXhPL0,,,,,,,,,,,,,,,,,,,,,,,,,,,,,,,,,,,,,,,,,,,,,,,,,,,,,,,,,,,,,,,,,,,,,,,,,,,,,,,,,,,,,,,,,,,,,,,,,,,,,,,,,,,,,,,,,,,,,,,,,,,,,,,,,,,,,,,,,,,,,,,,,,,,,,,,,,,,,,,,,,,,,,,,,,0.0,0.0,0.0,0.0,0.0,0.0,0.0,0.0,0.0,0.0,0.0,0.0,0.0,0.0,0.0,0.0,0.0,0.0,0.0,0.0,0.0,0.0,0.0,0.0,0.0,0.0,0.0,0.0,0.0,0.0,0.0,0.0,0.0,0.0,0.0,0.0,0.0,0.0,0
VojoKqdNIfE,,,,,,,,,,,,,,,,,,,,,,,,,,,,,,,,,,,,,,,,,,,,,,,,,,,,,,,,,,,,,,,,,,,,,,,,,,,,,,,,,,,,,,,,,,,,,,,,,,,,,,,,,,,,,,,,,,,,,,,,,,,,,,,,,,,,,,,,,,,,,,,,,,,,,,,,,,,,,,,,,,,,,,,,,,0.0,0.0,0.0,0.0,0.0,0.0,0.0,0.0,0.0,0.0,0.0,0.0,0.0,0.0,0.0,0.0,0.0,0.0,0.0,0.0,0.0,0.0,0.0,0.0,0.0,0.0,0.0,0.0,0.0,0.0,0.0,0.0,0.0,0.0,0.0,0.0,0.0,0.0,0
0q4FzfcbCUI,,,,,,,,,,,,,,,,,,,,,,,,,,,,,,,,,,,,,,,,,,,,,,,,,,,,,,,,,,,,,,,,,,,,,,,,,,,,,,,,,,,,,,,,,,,,,,,,,,,,,,,,,,,,,,,,,,,,,,,,,,,,,,,,,,,,,,,,,,,,,,,,,,,,,,,,,,,,,,,,,,,,,,,,,,,101.0,117.0,123.0,128.0,130.0,131.0,134.0,139.0,141.0,141.0,146.0,147.0,147.0,148.0,150.0,151.0,153.0,154.0,156.0,156.0,157.0,157.0,157.0,157.0,157.0,158.0,161.0,161.0,162.0,162.0,161.0,161.0,161.0,162.0,163.0,163.0,162.0,162
x9o7V-R6PgY,,,,,,,,,,,,,,,,,,,,,,,,,,,,,,,,,,,,,,,,,,,,,,,,,,,,,,,,,,,,,,,,,,,,,,,,,,,,,,,,,,,,,,,,,,,,,,,,,,,,,,,,,,,,,,,,,,,,,,,,,,,,,,,,,,,,,,,,,,,,,,,,,,,,,,,,,,,,,,,,,,,,,,,,,,,5.0,7.0,7.0,7.0,7.0,7.0,7.0,7.0,7.0,7.0,8.0,8.0,8.0,8.0,8.0,8.0,8.0,8.0,8.0,8.0,8.0,8.0,8.0,8.0,8.0,8.0,8.0,8.0,8.0,8.0,8.0,8.0,8.0,8.0,8.0,8.0,8.0,8
tKSdEAAEr8I,,,,,,,,,,,,,,,,,,,,,,,,,,,,,,,,,,,,,,,,,,,,,,,,,,,,,,,,,,,,,,,,,,,,,,,,,,,,,,,,,,,,,,,,,,,,,,,,,,,,,,,,,,,,,,,,,,,,,,,,,,,,,,,,,,,,,,,,,,,,,,,,,,,,,,,,,,,,,,,,,,,,,,,,,,,0.0,0.0,0.0,0.0,0.0,0.0,0.0,0.0,0.0,0.0,0.0,0.0,0.0,0.0,0.0,0.0,0.0,0.0,0.0,0.0,0.0,0.0,0.0,0.0,0.0,0.0,0.0,0.0,0.0,0.0,0.0,0.0,0.0,0.0,0.0,0.0,0.0,0
2derLGPaliE,,,,,,,,,,,,,,,,,,,,,,,,,,,,,,,,,,,,,,,,,,,,,,,,,,,,,,,,,,,,,,,,,,,,,,,,,,,,,,,,,,,,,,,,,,,,,,,,,,,,,,,,,,,,,,,,,,,,,,,,,,,,,,,,,,,,,,,,,,,,,,,,,,,,,,,,,,,,,,,,,,,,,,,,,,,,5580.0,6005.0,6258.0,6445.0,6599.0,6711.0,6787.0,6869.0,6902.0,6957.0,6992.0,7023.0,7096.0,7192.0,7246.0,7280.0,7316.0,7360.0,7381.0,7418.0,7437.0,7466.0,7481.0,7494.0,7496.0,7496.0,7515.0,7523.0,7522.0,7531.0,7539.0,7546.0,7553.0,7580.0,7582.0,7581.0,7580
CsGENgLpyaw,,,,,,,,,,,,,,,,,,,,,,,,,,,,,,,,,,,,,,,,,,,,,,,,,,,,,,,,,,,,,,,,,,,,,,,,,,,,,,,,,,,,,,,,,,,,,,,,,,,,,,,,,,,,,,,,,,,,,,,,,,,,,,,,,,,,,,,,,,,,,,,,,,,,,,,,,,,,,,,,,,,,,,,,,,,,48025.0,60448.0,63529.0,65136.0,66387.0,67060.0,67631.0,68088.0,68287.0,68475.0,68673.0,68812.0,68966.0,69106.0,69239.0,69398.0,69523.0,69642.0,69829.0,70014.0,70122.0,70214.0,70308.0,70395.0,70470.0,70571.0,70646.0,70677.0,70745.0,70788.0,70826.0,70874.0,70949.0,70999.0,71064.0,71130.0,71177
rllfWU5ZedM,,,,,,,,,,,,,,,,,,,,,,,,,,,,,,,,,,,,,,,,,,,,,,,,,,,,,,,,,,,,,,,,,,,,,,,,,,,,,,,,,,,,,,,,,,,,,,,,,,,,,,,,,,,,,,,,,,,,,,,,,,,,,,,,,,,,,,,,,,,,,,,,,,,,,,,,,,,,,,,,,,,,,,,,,,,,0.0,0.0,0.0,0.0,0.0,0.0,0.0,0.0,0.0,0.0,0.0,0.0,0.0,0.0,0.0,0.0,0.0,0.0,0.0,0.0,0.0,0.0,0.0,0.0,0.0,0.0,0.0,0.0,0.0,0.0,0.0,0.0,0.0,0.0,0.0,0.0,0
3j5fXW4xLAk,,,,,,,,,,,,,,,,,,,,,,,,,,,,,,,,,,,,,,,,,,,,,,,,,,,,,,,,,,,,,,,,,,,,,,,,,,,,,,,,,,,,,,,,,,,,,,,,,,,,,,,,,,,,,,,,,,,,,,,,,,,,,,,,,,,,,,,,,,,,,,,,,,,,,,,,,,,,,,,,,,,,,,,,,,,,2.0,4.0,4.0,3.0,3.0,3.0,2.0,2.0,2.0,2.0,2.0,2.0,2.0,2.0,2.0,2.0,2.0,2.0,2.0,2.0,2.0,3.0,3.0,3.0,3.0,3.0,14.0,45.0,75.0,86.0,86.0,87.0,87.0,87.0,87.0,87.0,87
cGYb0rEmPsU,,,,,,,,,,,,,,,,,,,,,,,,,,,,,,,,,,,,,,,,,,,,,,,,,,,,,,,,,,,,,,,,,,,,,,,,,,,,,,,,,,,,,,,,,,,,,,,,,,,,,,,,,,,,,,,,,,,,,,,,,,,,,,,,,,,,,,,,,,,,,,,,,,,,,,,,,,,,,,,,,,,,,,,,,,,,0.0,0.0,0.0,0.0,0.0,0.0,0.0,0.0,0.0,0.0,0.0,0.0,0.0,0.0,0.0,0.0,0.0,0.0,0.0,0.0,0.0,0.0,0.0,0.0,0.0,0.0,0.0,0.0,0.0,0.0,0.0,0.0,0.0,0.0,0.0,0.0,0
tHKnHp_qzWs,,,,,,,,,,,,,,,,,,,,,,,,,,,,,,,,,,,,,,,,,,,,,,,,,,,,,,,,,,,,,,,,,,,,,,,,,,,,,,,,,,,,,,,,,,,,,,,,,,,,,,,,,,,,,,,,,,,,,,,,,,,,,,,,,,,,,,,,,,,,,,,,,,,,,,,,,,,,,,,,,,,,,,,,,,,,0.0,0.0,0.0,0.0,0.0,0.0,0.0,0.0,0.0,0.0,0.0,0.0,0.0,0.0,0.0,0.0,0.0,0.0,0.0,0.0,0.0,0.0,0.0,0.0,0.0,0.0,0.0,0.0,0.0,0.0,0.0,0.0,0.0,0.0,0.0,0.0,0
UJtT6U_fpwA,,,,,,,,,,,,,,,,,,,,,,,,,,,,,,,,,,,,,,,,,,,,,,,,,,,,,,,,,,,,,,,,,,,,,,,,,,,,,,,,,,,,,,,,,,,,,,,,,,,,,,,,,,,,,,,,,,,,,,,,,,,,,,,,,,,,,,,,,,,,,,,,,,,,,,,,,,,,,,,,,,,,,,,,,,,,,0.0,0.0,0.0,0.0,0.0,0.0,0.0,0.0,0.0,0.0,0.0,0.0,0.0,0.0,0.0,0.0,0.0,0.0,0.0,0.0,0.0,0.0,0.0,0.0,0.0,0.0,0.0,0.0,0.0,0.0,0.0,0.0,0.0,0.0,0.0,0
4HgrKNeAIWQ,,,,,,,,,,,,,,,,,,,,,,,,,,,,,,,,,,,,,,,,,,,,,,,,,,,,,,,,,,,,,,,,,,,,,,,,,,,,,,,,,,,,,,,,,,,,,,,,,,,,,,,,,,,,,,,,,,,,,,,,,,,,,,,,,,,,,,,,,,,,,,,,,,,,,,,,,,,,,,,,,,,,,,,,,,,,,0.0,0.0,0.0,0.0,0.0,0.0,0.0,0.0,0.0,0.0,0.0,0.0,0.0,0.0,0.0,0.0,0.0,0.0,0.0,0.0,0.0,0.0,0.0,0.0,0.0,0.0,0.0,0.0,0.0,0.0,0.0,0.0,0.0,0.0,0.0,0
VoNa0Xh2RA4,,,,,,,,,,,,,,,,,,,,,,,,,,,,,,,,,,,,,,,,,,,,,,,,,,,,,,,,,,,,,,,,,,,,,,,,,,,,,,,,,,,,,,,,,,,,,,,,,,,,,,,,,,,,,,,,,,,,,,,,,,,,,,,,,,,,,,,,,,,,,,,,,,,,,,,,,,,,,,,,,,,,,,,,,,,,,1029.0,1572.0,1802.0,1996.0,2163.0,2353.0,2423.0,2469.0,2538.0,2587.0,2611.0,2646.0,2668.0,2682.0,2692.0,2702.0,2711.0,2718.0,2725.0,2735.0,2738.0,2739.0,2749.0,2755.0,2772.0,2782.0,2798.0,2815.0,2824.0,2856.0,2874.0,2881.0,2886.0,2894.0,2898.0,2908
Kdggz2tSGRU,,,,,,,,,,,,,,,,,,,,,,,,,,,,,,,,,,,,,,,,,,,,,,,,,,,,,,,,,,,,,,,,,,,,,,,,,,,,,,,,,,,,,,,,,,,,,,,,,,,,,,,,,,,,,,,,,,,,,,,,,,,,,,,,,,,,,,,,,,,,,,,,,,,,,,,,,,,,,,,,,,,,,,,,,,,,,713.0,986.0,1143.0,1212.0,1260.0,1290.0,1323.0,1343.0,1364.0,1373.0,1386.0,1394.0,1409.0,1415.0,1417.0,1422.0,1425.0,1428.0,1435.0,1440.0,1441.0,1442.0,1444.0,1446.0,1450.0,1451.0,1452.0,1454.0,1455.0,1459.0,1461.0,1467.0,1469.0,1472.0,1473.0,1474
jq1utQbun8o,,,,,,,,,,,,,,,,,,,,,,,,,,,,,,,,,,,,,,,,,,,,,,,,,,,,,,,,,,,,,,,,,,,,,,,,,,,,,,,,,,,,,,,,,,,,,,,,,,,,,,,,,,,,,,,,,,,,,,,,,,,,,,,,,,,,,,,,,,,,,,,,,,,,,,,,,,,,,,,,,,,,,,,,,,,,,196.0,301.0,339.0,376.0,390.0,401.0,411.0,420.0,426.0,423.0,430.0,436.0,438.0,439.0,445.0,446.0,450.0,451.0,455.0,454.0,454.0,455.0,455.0,455.0,457.0,459.0,463.0,463.0,464.0,464.0,463.0,463.0,465.0,465.0,466.0,466
dpt0YTvGWE0,,,,,,,,,,,,,,,,,,,,,,,,,,,,,,,,,,,,,,,,,,,,,,,,,,,,,,,,,,,,,,,,,,,,,,,,,,,,,,,,,,,,,,,,,,,,,,,,,,,,,,,,,,,,,,,,,,,,,,,,,,,,,,,,,,,,,,,,,,,,,,,,,,,,,,,,,,,,,,,,,,,,,,,,,,,,,378.0,380.0,381.0,381.0,382.0,384.0,385.0,385.0,385.0,386.0,386.0,387.0,386.0,387.0,387.0,388.0,388.0,389.0,390.0,390.0,390.0,390.0,390.0,390.0,393.0,392.0,392.0,391.0,392.0,392.0,392.0,392.0,393.0,393.0,391.0,391
uT21XVIB1Hk,,,,,,,,,,,,,,,,,,,,,,,,,,,,,,,,,,,,,,,,,,,,,,,,,,,,,,,,,,,,,,,,,,,,,,,,,,,,,,,,,,,,,,,,,,,,,,,,,,,,,,,,,,,,,,,,,,,,,,,,,,,,,,,,,,,,,,,,,,,,,,,,,,,,,,,,,,,,,,,,,,,,,,,,,,,,,,76.0,81.0,81.0,82.0,90.0,92.0,94.0,96.0,97.0,97.0,97.0,98.0,98.0,99.0,100.0,100.0,100.0,100.0,100.0,100.0,100.0,101.0,101.0,102.0,102.0,102.0,102.0,102.0,102.0,102.0,102.0,102.0,102.0,103.0,103
HnnJGp04iNc,,,,,,,,,,,,,,,,,,,,,,,,,,,,,,,,,,,,,,,,,,,,,,,,,,,,,,,,,,,,,,,,,,,,,,,,,,,,,,,,,,,,,,,,,,,,,,,,,,,,,,,,,,,,,,,,,,,,,,,,,,,,,,,,,,,,,,,,,,,,,,,,,,,,,,,,,,,,,,,,,,,,,,,,,,,,,,157.0,299.0,338.0,372.0,388.0,405.0,414.0,434.0,442.0,456.0,465.0,468.0,474.0,480.0,481.0,486.0,491.0,496.0,501.0,504.0,508.0,511.0,513.0,518.0,523.0,524.0,525.0,527.0,528.0,531.0,532.0,534.0,536.0,538.0,542
8w2dMBph450,,,,,,,,,,,,,,,,,,,,,,,,,,,,,,,,,,,,,,,,,,,,,,,,,,,,,,,,,,,,,,,,,,,,,,,,,,,,,,,,,,,,,,,,,,,,,,,,,,,,,,,,,,,,,,,,,,,,,,,,,,,,,,,,,,,,,,,,,,,,,,,,,,,,,,,,,,,,,,,,,,,,,,,,,,,,,,759.0,871.0,951.0,1047.0,1092.0,1133.0,1161.0,1173.0,1193.0,1197.0,1204.0,1201.0,1212.0,1220.0,1226.0,1229.0,1233.0,1240.0,1243.0,1247.0,1256.0,1257.0,1259.0,1261.0,1261.0,1260.0,1261.0,1261.0,1261.0,1262.0,1264.0,1263.0,1263.0,1264.0,1265
Q7IFjVUUb_E,,,,,,,,,,,,,,,,,,,,,,,,,,,,,,,,,,,,,,,,,,,,,,,,,,,,,,,,,,,,,,,,,,,,,,,,,,,,,,,,,,,,,,,,,,,,,,,,,,,,,,,,,,,,,,,,,,,,,,,,,,,,,,,,,,,,,,,,,,,,,,,,,,,,,,,,,,,,,,,,,,,,,,,,,,,,,,77735.0,98790.0,106343.0,110751.0,115513.0,118300.0,120227.0,122052.0,123307.0,124598.0,125784.0,126877.0,127742.0,128410.0,128977.0,129563.0,130030.0,130019.0,130477.0,130921.0,131314.0,131652.0,132026.0,132327.0,132600.0,132830.0,133105.0,133436.0,133655.0,133904.0,134271.0,134529.0,134733.0,134964.0,135166
cmKpzS_AvMo,,,,,,,,,,,,,,,,,,,,,,,,,,,,,,,,,,,,,,,,,,,,,,,,,,,,,,,,,,,,,,,,,,,,,,,,,,,,,,,,,,,,,,,,,,,,,,,,,,,,,,,,,,,,,,,,,,,,,,,,,,,,,,,,,,,,,,,,,,,,,,,,,,,,,,,,,,,,,,,,,,,,,,,,,,,,,,0.0,0.0,0.0,0.0,0.0,0.0,0.0,0.0,0.0,0.0,0.0,0.0,0.0,0.0,0.0,0.0,0.0,0.0,0.0,0.0,0.0,0.0,0.0,0.0,0.0,0.0,0.0,0.0,0.0,0.0,0.0,0.0,0.0,0.0,0
aFCnslSYwsI,,,,,,,,,,,,,,,,,,,,,,,,,,,,,,,,,,,,,,,,,,,,,,,,,,,,,,,,,,,,,,,,,,,,,,,,,,,,,,,,,,,,,,,,,,,,,,,,,,,,,,,,,,,,,,,,,,,,,,,,,,,,,,,,,,,,,,,,,,,,,,,,,,,,,,,,,,,,,,,,,,,,,,,,,,,,,,0.0,0.0,0.0,0.0,0.0,0.0,0.0,0.0,0.0,0.0,0.0,0.0,0.0,0.0,0.0,0.0,0.0,0.0,0.0,0.0,0.0,0.0,0.0,0.0,0.0,0.0,0.0,0.0,0.0,0.0,0.0,0.0,0.0,0.0,0
mJlxT7OQ850,,,,,,,,,,,,,,,,,,,,,,,,,,,,,,,,,,,,,,,,,,,,,,,,,,,,,,,,,,,,,,,,,,,,,,,,,,,,,,,,,,,,,,,,,,,,,,,,,,,,,,,,,,,,,,,,,,,,,,,,,,,,,,,,,,,,,,,,,,,,,,,,,,,,,,,,,,,,,,,,,,,,,,,,,,,,,,0.0,0.0,0.0,0.0,0.0,0.0,0.0,0.0,0.0,0.0,0.0,0.0,0.0,0.0,0.0,0.0,0.0,0.0,0.0,0.0,0.0,0.0,0.0,0.0,0.0,0.0,0.0,0.0,0.0,0.0,0.0,0.0,0.0,0.0,0
1z1WYlvQShM,,,,,,,,,,,,,,,,,,,,,,,,,,,,,,,,,,,,,,,,,,,,,,,,,,,,,,,,,,,,,,,,,,,,,,,,,,,,,,,,,,,,,,,,,,,,,,,,,,,,,,,,,,,,,,,,,,,,,,,,,,,,,,,,,,,,,,,,,,,,,,,,,,,,,,,,,,,,,,,,,,,,,,,,,,,,,,0.0,0.0,9.0,14.0,17.0,18.0,23.0,28.0,30.0,31.0,32.0,33.0,39.0,40.0,44.0,45.0,45.0,45.0,47.0,48.0,49.0,49.0,49.0,49.0,49.0,50.0,50.0,50.0,51.0,52.0,52.0,52.0,52.0,52.0,52
rrWT4W07UHg,,,,,,,,,,,,,,,,,,,,,,,,,,,,,,,,,,,,,,,,,,,,,,,,,,,,,,,,,,,,,,,,,,,,,,,,,,,,,,,,,,,,,,,,,,,,,,,,,,,,,,,,,,,,,,,,,,,,,,,,,,,,,,,,,,,,,,,,,,,,,,,,,,,,,,,,,,,,,,,,,,,,,,,,,,,,,,47.0,54.0,59.0,60.0,61.0,64.0,67.0,68.0,70.0,73.0,74.0,75.0,78.0,78.0,78.0,79.0,81.0,82.0,81.0,81.0,84.0,85.0,85.0,88.0,88.0,88.0,88.0,88.0,88.0,88.0,89.0,90.0,90.0,90.0,89
boZG9LDgrwA,,,,,,,,,,,,,,,,,,,,,,,,,,,,,,,,,,,,,,,,,,,,,,,,,,,,,,,,,,,,,,,,,,,,,,,,,,,,,,,,,,,,,,,,,,,,,,,,,,,,,,,,,,,,,,,,,,,,,,,,,,,,,,,,,,,,,,,,,,,,,,,,,,,,,,,,,,,,,,,,,,,,,,,,,,,,,,7.0,7.0,7.0,7.0,7.0,7.0,7.0,7.0,7.0,8.0,8.0,9.0,9.0,9.0,10.0,10.0,10.0,10.0,10.0,10.0,10.0,10.0,10.0,10.0,10.0,10.0,10.0,10.0,10.0,9.0,9.0,9.0,9.0,9.0,9
8w2dMBph450,,,,,,,,,,,,,,,,,,,,,,,,,,,,,,,,,,,,,,,,,,,,,,,,,,,,,,,,,,,,,,,,,,,,,,,,,,,,,,,,,,,,,,,,,,,,,,,,,,,,,,,,,,,,,,,,,,,,,,,,,,,,,,,,,,,,,,,,,,,,,,,,,,,,,,,,,,,,,,,,,,,,,,,,,,,,,,759.0,871.0,951.0,1047.0,1092.0,1133.0,1161.0,1173.0,1193.0,1197.0,1204.0,1201.0,1212.0,1220.0,1226.0,1229.0,1233.0,1240.0,1243.0,1247.0,1256.0,1257.0,1259.0,1261.0,1261.0,1260.0,1261.0,1261.0,1261.0,1262.0,1264.0,1263.0,1263.0,1264.0,1265
MeCrLS7OtTw,,,,,,,,,,,,,,,,,,,,,,,,,,,,,,,,,,,,,,,,,,,,,,,,,,,,,,,,,,,,,,,,,,,,,,,,,,,,,,,,,,,,,,,,,,,,,,,,,,,,,,,,,,,,,,,,,,,,,,,,,,,,,,,,,,,,,,,,,,,,,,,,,,,,,,,,,,,,,,,,,,,,,,,,,,,,,,0.0,0.0,1.0,1.0,1.0,2.0,2.0,2.0,2.0,2.0,2.0,2.0,2.0,2.0,2.0,2.0,2.0,2.0,2.0,2.0,2.0,2.0,2.0,2.0,2.0,2.0,2.0,2.0,2.0,2.0,2.0,2.0,2.0,2.0,2
7tAqTZATR84,,,,,,,,,,,,,,,,,,,,,,,,,,,,,,,,,,,,,,,,,,,,,,,,,,,,,,,,,,,,,,,,,,,,,,,,,,,,,,,,,,,,,,,,,,,,,,,,,,,,,,,,,,,,,,,,,,,,,,,,,,,,,,,,,,,,,,,,,,,,,,,,,,,,,,,,,,,,,,,,,,,,,,,,,,,,,,,1252.0,1756.0,2043.0,2164.0,2263.0,2373.0,2415.0,2468.0,2507.0,2536.0,2557.0,2592.0,2620.0,2646.0,2666.0,2708.0,2730.0,2752.0,2767.0,2782.0,2800.0,2813.0,2823.0,2838.0,2852.0,2855.0,2863.0,2868.0,2883.0,2897.0,2900.0,2912.0,2919.0,2920
pDWUvEali_Y,,,,,,,,,,,,,,,,,,,,,,,,,,,,,,,,,,,,,,,,,,,,,,,,,,,,,,,,,,,,,,,,,,,,,,,,,,,,,,,,,,,,,,,,,,,,,,,,,,,,,,,,,,,,,,,,,,,,,,,,,,,,,,,,,,,,,,,,,,,,,,,,,,,,,,,,,,,,,,,,,,,,,,,,,,,,,,,41.0,46.0,53.0,59.0,65.0,73.0,76.0,79.0,79.0,79.0,79.0,80.0,80.0,80.0,80.0,80.0,80.0,80.0,80.0,80.0,81.0,81.0,85.0,85.0,85.0,85.0,85.0,85.0,85.0,85.0,85.0,85.0,85.0,83
YdVyAU4N5ys,,,,,,,,,,,,,,,,,,,,,,,,,,,,,,,,,,,,,,,,,,,,,,,,,,,,,,,,,,,,,,,,,,,,,,,,,,,,,,,,,,,,,,,,,,,,,,,,,,,,,,,,,,,,,,,,,,,,,,,,,,,,,,,,,,,,,,,,,,,,,,,,,,,,,,,,,,,,,,,,,,,,,,,,,,,,,,,70.0,80.0,84.0,87.0,88.0,93.0,94.0,95.0,98.0,107.0,109.0,110.0,110.0,111.0,111.0,112.0,112.0,112.0,112.0,112.0,113.0,117.0,118.0,118.0,118.0,118.0,121.0,121.0,122.0,122.0,122.0,122.0,122.0,127
-q_S27LbNKU,,,,,,,,,,,,,,,,,,,,,,,,,,,,,,,,,,,,,,,,,,,,,,,,,,,,,,,,,,,,,,,,,,,,,,,,,,,,,,,,,,,,,,,,,,,,,,,,,,,,,,,,,,,,,,,,,,,,,,,,,,,,,,,,,,,,,,,,,,,,,,,,,,,,,,,,,,,,,,,,,,,,,,,,,,,,,,,,15275.0,20521.0,23033.0,24324.0,25153.0,25906.0,26689.0,27418.0,27986.0,28588.0,29157.0,29644.0,30147.0,30604.0,31110.0,31605.0,32025.0,32435.0,32814.0,33236.0,33738.0,34161.0,34463.0,34862.0,35132.0,35429.0,35720.0,36071.0,36398.0,36709.0,37005.0,37287.0,37621
AMgcKwHUCtk,,,,,,,,,,,,,,,,,,,,,,,,,,,,,,,,,,,,,,,,,,,,,,,,,,,,,,,,,,,,,,,,,,,,,,,,,,,,,,,,,,,,,,,,,,,,,,,,,,,,,,,,,,,,,,,,,,,,,,,,,,,,,,,,,,,,,,,,,,,,,,,,,,,,,,,,,,,,,,,,,,,,,,,,,,,,,,,,219.0,419.0,541.0,645.0,697.0,768.0,807.0,837.0,865.0,880.0,893.0,905.0,913.0,921.0,930.0,937.0,941.0,944.0,953.0,958.0,957.0,962.0,963.0,969.0,968.0,969.0,971.0,971.0,977.0,982.0,993.0,997.0,1001
G__LJdo2FKY,,,,,,,,,,,,,,,,,,,,,,,,,,,,,,,,,,,,,,,,,,,,,,,,,,,,,,,,,,,,,,,,,,,,,,,,,,,,,,,,,,,,,,,,,,,,,,,,,,,,,,,,,,,,,,,,,,,,,,,,,,,,,,,,,,,,,,,,,,,,,,,,,,,,,,,,,,,,,,,,,,,,,,,,,,,,,,,,2522.0,3355.0,3725.0,3902.0,4033.0,4131.0,4205.0,4279.0,4323.0,4381.0,4423.0,4456.0,4459.0,4484.0,4502.0,4523.0,4534.0,4542.0,4568.0,4578.0,4589.0,4609.0,4633.0,4635.0,4650.0,4657.0,4662.0,4674.0,4687.0,4696.0,4711.0,4716.0,4726
L9VNIOcfSOU,,,,,,,,,,,,,,,,,,,,,,,,,,,,,,,,,,,,,,,,,,,,,,,,,,,,,,,,,,,,,,,,,,,,,,,,,,,,,,,,,,,,,,,,,,,,,,,,,,,,,,,,,,,,,,,,,,,,,,,,,,,,,,,,,,,,,,,,,,,,,,,,,,,,,,,,,,,,,,,,,,,,,,,,,,,,,,,,251.0,436.0,512.0,551.0,565.0,598.0,622.0,662.0,668.0,674.0,681.0,688.0,694.0,697.0,699.0,704.0,710.0,713.0,716.0,716.0,721.0,723.0,727.0,736.0,738.0,739.0,742.0,745.0,746.0,742.0,749.0,752.0,752
Y8EwFN0g8pg,,,,,,,,,,,,,,,,,,,,,,,,,,,,,,,,,,,,,,,,,,,,,,,,,,,,,,,,,,,,,,,,,,,,,,,,,,,,,,,,,,,,,,,,,,,,,,,,,,,,,,,,,,,,,,,,,,,,,,,,,,,,,,,,,,,,,,,,,,,,,,,,,,,,,,,,,,,,,,,,,,,,,,,,,,,,,,,,188.0,206.0,213.0,221.0,223.0,228.0,232.0,234.0,234.0,234.0,235.0,236.0,236.0,236.0,236.0,238.0,240.0,240.0,241.0,242.0,243.0,244.0,244.0,244.0,246.0,246.0,247.0,249.0,251.0,251.0,252.0,253.0,254
W8w1uNsaqXo,,,,,,,,,,,,,,,,,,,,,,,,,,,,,,,,,,,,,,,,,,,,,,,,,,,,,,,,,,,,,,,,,,,,,,,,,,,,,,,,,,,,,,,,,,,,,,,,,,,,,,,,,,,,,,,,,,,,,,,,,,,,,,,,,,,,,,,,,,,,,,,,,,,,,,,,,,,,,,,,,,,,,,,,,,,,,,,,50.0,57.0,63.0,66.0,70.0,70.0,75.0,77.0,78.0,81.0,83.0,86.0,92.0,93.0,96.0,100.0,102.0,103.0,104.0,105.0,105.0,105.0,105.0,107.0,107.0,107.0,107.0,107.0,107.0,107.0,107.0,108.0,109
IOa8J_P-YWw,,,,,,,,,,,,,,,,,,,,,,,,,,,,,,,,,,,,,,,,,,,,,,,,,,,,,,,,,,,,,,,,,,,,,,,,,,,,,,,,,,,,,,,,,,,,,,,,,,,,,,,,,,,,,,,,,,,,,,,,,,,,,,,,,,,,,,,,,,,,,,,,,,,,,,,,,,,,,,,,,,,,,,,,,,,,,,,,142.0,147.0,148.0,150.0,151.0,151.0,152.0,153.0,154.0,154.0,155.0,155.0,154.0,,,154.0,154.0,155.0,155.0,155.0,155.0,155.0,155.0,155.0,155.0,155.0,155.0,154.0,154.0,154.0,154.0,154.0,154
po2oysXf0AQ,,,,,,,,,,,,,,,,,,,,,,,,,,,,,,,,,,,,,,,,,,,,,,,,,,,,,,,,,,,,,,,,,,,,,,,,,,,,,,,,,,,,,,,,,,,,,,,,,,,,,,,,,,,,,,,,,,,,,,,,,,,,,,,,,,,,,,,,,,,,,,,,,,,,,,,,,,,,,,,,,,,,,,,,,,,,,,,,0.0,0.0,0.0,0.0,0.0,0.0,0.0,0.0,0.0,0.0,0.0,0.0,0.0,0.0,0.0,0.0,0.0,0.0,0.0,0.0,0.0,0.0,0.0,0.0,0.0,0.0,0.0,0.0,0.0,0.0,0.0,0.0,0
AtA2V44z0nU,,,,,,,,,,,,,,,,,,,,,,,,,,,,,,,,,,,,,,,,,,,,,,,,,,,,,,,,,,,,,,,,,,,,,,,,,,,,,,,,,,,,,,,,,,,,,,,,,,,,,,,,,,,,,,,,,,,,,,,,,,,,,,,,,,,,,,,,,,,,,,,,,,,,,,,,,,,,,,,,,,,,,,,,,,,,,,,,755.0,1335.0,1836.0,2249.0,2480.0,2498.0,2511.0,2522.0,2529.0,2535.0,2553.0,2581.0,2597.0,2620.0,2633.0,2635.0,2639.0,2647.0,2665.0,2686.0,2711.0,2713.0,2722.0,2720.0,2723.0,2744.0,2762.0,2778.0,2791.0,2799.0,2812.0,2824.0,2835
T-3ddfkLvTs,,,,,,,,,,,,,,,,,,,,,,,,,,,,,,,,,,,,,,,,,,,,,,,,,,,,,,,,,,,,,,,,,,,,,,,,,,,,,,,,,,,,,,,,,,,,,,,,,,,,,,,,,,,,,,,,,,,,,,,,,,,,,,,,,,,,,,,,,,,,,,,,,,,,,,,,,,,,,,,,,,,,,,,,,,,,,,,,,58.0,116.0,143.0,154.0,167.0,173.0,180.0,182.0,183.0,186.0,188.0,189.0,190.0,191.0,193.0,193.0,194.0,196.0,196.0,197.0,197.0,197.0,197.0,197.0,197.0,197.0,197.0,197.0,198.0,198.0,199.0,200
ePmZZSVL5Hg,,,,,,,,,,,,,,,,,,,,,,,,,,,,,,,,,,,,,,,,,,,,,,,,,,,,,,,,,,,,,,,,,,,,,,,,,,,,,,,,,,,,,,,,,,,,,,,,,,,,,,,,,,,,,,,,,,,,,,,,,,,,,,,,,,,,,,,,,,,,,,,,,,,,,,,,,,,,,,,,,,,,,,,,,,,,,,,,,16.0,30.0,40.0,43.0,44.0,44.0,45.0,45.0,46.0,46.0,46.0,49.0,50.0,51.0,51.0,51.0,51.0,51.0,51.0,51.0,51.0,51.0,52.0,52.0,52.0,52.0,52.0,52.0,52.0,52.0,52.0,52
6WvnYSV13w0,,,,,,,,,,,,,,,,,,,,,,,,,,,,,,,,,,,,,,,,,,,,,,,,,,,,,,,,,,,,,,,,,,,,,,,,,,,,,,,,,,,,,,,,,,,,,,,,,,,,,,,,,,,,,,,,,,,,,,,,,,,,,,,,,,,,,,,,,,,,,,,,,,,,,,,,,,,,,,,,,,,,,,,,,,,,,,,,,99.0,147.0,157.0,165.0,170.0,177.0,183.0,193.0,196.0,188.0,189.0,188.0,187.0,188.0,188.0,191.0,193.0,198.0,198.0,198.0,199.0,202.0,204.0,205.0,207.0,207.0,208.0,208.0,208.0,208.0,210.0,210
4MdYJtV3FyE,,,,,,,,,,,,,,,,,,,,,,,,,,,,,,,,,,,,,,,,,,,,,,,,,,,,,,,,,,,,,,,,,,,,,,,,,,,,,,,,,,,,,,,,,,,,,,,,,,,,,,,,,,,,,,,,,,,,,,,,,,,,,,,,,,,,,,,,,,,,,,,,,,,,,,,,,,,,,,,,,,,,,,,,,,,,,,,,,268.0,289.0,300.0,308.0,310.0,313.0,315.0,317.0,322.0,328.0,329.0,331.0,331.0,332.0,332.0,333.0,334.0,335.0,335.0,336.0,336.0,340.0,340.0,342.0,342.0,342.0,343.0,343.0,345.0,346.0,347.0,348
0YWBBv2nh08,,,,,,,,,,,,,,,,,,,,,,,,,,,,,,,,,,,,,,,,,,,,,,,,,,,,,,,,,,,,,,,,,,,,,,,,,,,,,,,,,,,,,,,,,,,,,,,,,,,,,,,,,,,,,,,,,,,,,,,,,,,,,,,,,,,,,,,,,,,,,,,,,,,,,,,,,,,,,,,,,,,,,,,,,,,,,,,,,7.0,7.0,7.0,7.0,7.0,7.0,7.0,7.0,7.0,7.0,7.0,7.0,7.0,7.0,7.0,7.0,7.0,7.0,7.0,7.0,7.0,7.0,7.0,7.0,7.0,7.0,7.0,7.0,7.0,7.0,7.0,7
EQY3hJI1PlE,,,,,,,,,,,,,,,,,,,,,,,,,,,,,,,,,,,,,,,,,,,,,,,,,,,,,,,,,,,,,,,,,,,,,,,,,,,,,,,,,,,,,,,,,,,,,,,,,,,,,,,,,,,,,,,,,,,,,,,,,,,,,,,,,,,,,,,,,,,,,,,,,,,,,,,,,,,,,,,,,,,,,,,,,,,,,,,,,44.0,89.0,103.0,115.0,123.0,127.0,130.0,133.0,135.0,135.0,137.0,137.0,137.0,140.0,141.0,145.0,145.0,147.0,147.0,148.0,150.0,150.0,150.0,150.0,150.0,150.0,150.0,150.0,150.0,150.0,151.0,151
n2bzA-ksXZI,,,,,,,,,,,,,,,,,,,,,,,,,,,,,,,,,,,,,,,,,,,,,,,,,,,,,,,,,,,,,,,,,,,,,,,,,,,,,,,,,,,,,,,,,,,,,,,,,,,,,,,,,,,,,,,,,,,,,,,,,,,,,,,,,,,,,,,,,,,,,,,,,,,,,,,,,,,,,,,,,,,,,,,,,,,,,,,,,,3054.0,10469.0,11106.0,11396.0,11610.0,11744.0,11820.0,11865.0,11912.0,11945.0,11992.0,12012.0,12030.0,12079.0,12102.0,12111.0,12135.0,12146.0,12151.0,12190.0,12197.0,12206.0,12210.0,12216.0,12215.0,12220.0,12227.0,12240.0,12237.0,12239.0,12245
KK7OAI7fDJU,,,,,,,,,,,,,,,,,,,,,,,,,,,,,,,,,,,,,,,,,,,,,,,,,,,,,,,,,,,,,,,,,,,,,,,,,,,,,,,,,,,,,,,,,,,,,,,,,,,,,,,,,,,,,,,,,,,,,,,,,,,,,,,,,,,,,,,,,,,,,,,,,,,,,,,,,,,,,,,,,,,,,,,,,,,,,,,,,,0.0,0.0,0.0,0.0,0.0,0.0,0.0,0.0,0.0,0.0,0.0,0.0,0.0,0.0,0.0,0.0,0.0,0.0,0.0,0.0,0.0,0.0,0.0,0.0,0.0,0.0,0.0,0.0,0.0,0.0,0
nmiSx0RRcSk,,,,,,,,,,,,,,,,,,,,,,,,,,,,,,,,,,,,,,,,,,,,,,,,,,,,,,,,,,,,,,,,,,,,,,,,,,,,,,,,,,,,,,,,,,,,,,,,,,,,,,,,,,,,,,,,,,,,,,,,,,,,,,,,,,,,,,,,,,,,,,,,,,,,,,,,,,,,,,,,,,,,,,,,,,,,,,,,,,0.0,0.0,0.0,0.0,0.0,0.0,0.0,0.0,0.0,0.0,0.0,0.0,0.0,0.0,0.0,0.0,0.0,0.0,0.0,0.0,0.0,0.0,0.0,0.0,0.0,0.0,0.0,0.0,0.0,0.0,0
mGwQR2-kuCM,,,,,,,,,,,,,,,,,,,,,,,,,,,,,,,,,,,,,,,,,,,,,,,,,,,,,,,,,,,,,,,,,,,,,,,,,,,,,,,,,,,,,,,,,,,,,,,,,,,,,,,,,,,,,,,,,,,,,,,,,,,,,,,,,,,,,,,,,,,,,,,,,,,,,,,,,,,,,,,,,,,,,,,,,,,,,,,,,,0.0,0.0,0.0,0.0,0.0,0.0,0.0,0.0,0.0,0.0,0.0,0.0,0.0,0.0,0.0,0.0,0.0,0.0,0.0,0.0,0.0,0.0,0.0,0.0,0.0,0.0,0.0,0.0,0.0,0.0,0
MfYp6uOc6gw,,,,,,,,,,,,,,,,,,,,,,,,,,,,,,,,,,,,,,,,,,,,,,,,,,,,,,,,,,,,,,,,,,,,,,,,,,,,,,,,,,,,,,,,,,,,,,,,,,,,,,,,,,,,,,,,,,,,,,,,,,,,,,,,,,,,,,,,,,,,,,,,,,,,,,,,,,,,,,,,,,,,,,,,,,,,,,,,,,6.0,12.0,17.0,25.0,35.0,39.0,45.0,51.0,53.0,57.0,58.0,58.0,58.0,58.0,58.0,58.0,58.0,58.0,58.0,59.0,59.0,59.0,59.0,59.0,59.0,59.0,59.0,59.0,59.0,59.0,59
pBpr9TnhhkE,,,,,,,,,,,,,,,,,,,,,,,,,,,,,,,,,,,,,,,,,,,,,,,,,,,,,,,,,,,,,,,,,,,,,,,,,,,,,,,,,,,,,,,,,,,,,,,,,,,,,,,,,,,,,,,,,,,,,,,,,,,,,,,,,,,,,,,,,,,,,,,,,,,,,,,,,,,,,,,,,,,,,,,,,,,,,,,,,,,5690.0,7537.0,8159.0,8707.0,9265.0,9637.0,9971.0,10196.0,10372.0,10495.0,10607.0,10712.0,10797.0,10881.0,10952.0,11007.0,11089.0,11152.0,11192.0,11225.0,11252.0,11267.0,11283.0,11303.0,11334.0,11348.0,11366.0,11382.0,11408.0,11419
MNFq6SJOORg,,,,,,,,,,,,,,,,,,,,,,,,,,,,,,,,,,,,,,,,,,,,,,,,,,,,,,,,,,,,,,,,,,,,,,,,,,,,,,,,,,,,,,,,,,,,,,,,,,,,,,,,,,,,,,,,,,,,,,,,,,,,,,,,,,,,,,,,,,,,,,,,,,,,,,,,,,,,,,,,,,,,,,,,,,,,,,,,,,,299.0,299.0,300.0,301.0,301.0,302.0,302.0,302.0,302.0,303.0,303.0,303.0,303.0,303.0,303.0,303.0,303.0,303.0,303.0,303.0,304.0,304.0,304.0,304.0,304.0,304.0,304.0,304.0,304.0,304
yoHDOqWCosc,,,,,,,,,,,,,,,,,,,,,,,,,,,,,,,,,,,,,,,,,,,,,,,,,,,,,,,,,,,,,,,,,,,,,,,,,,,,,,,,,,,,,,,,,,,,,,,,,,,,,,,,,,,,,,,,,,,,,,,,,,,,,,,,,,,,,,,,,,,,,,,,,,,,,,,,,,,,,,,,,,,,,,,,,,,,,,,,,,,100.0,157.0,179.0,188.0,194.0,198.0,199.0,201.0,210.0,214.0,220.0,304.0,457.0,551.0,604.0,648.0,675.0,696.0,706.0,707.0,710.0,713.0,717.0,717.0,719.0,719.0,722.0,722.0,725.0,725
NS9akHHu8uA,,,,,,,,,,,,,,,,,,,,,,,,,,,,,,,,,,,,,,,,,,,,,,,,,,,,,,,,,,,,,,,,,,,,,,,,,,,,,,,,,,,,,,,,,,,,,,,,,,,,,,,,,,,,,,,,,,,,,,,,,,,,,,,,,,,,,,,,,,,,,,,,,,,,,,,,,,,,,,,,,,,,,,,,,,,,,,,,,,,229.0,233.0,240.0,247.0,254.0,256.0,259.0,265.0,268.0,271.0,272.0,274.0,275.0,278.0,279.0,282.0,284.0,284.0,285.0,286.0,286.0,289.0,291.0,292.0,292.0,292.0,292.0,292.0,292.0,293
Jm8SJsLw-Qk,,,,,,,,,,,,,,,,,,,,,,,,,,,,,,,,,,,,,,,,,,,,,,,,,,,,,,,,,,,,,,,,,,,,,,,,,,,,,,,,,,,,,,,,,,,,,,,,,,,,,,,,,,,,,,,,,,,,,,,,,,,,,,,,,,,,,,,,,,,,,,,,,,,,,,,,,,,,,,,,,,,,,,,,,,,,,,,,,,,79.0,81.0,86.0,90.0,93.0,94.0,94.0,94.0,94.0,95.0,95.0,96.0,96.0,97.0,97.0,98.0,98.0,100.0,100.0,100.0,102.0,102.0,102.0,102.0,102.0,102.0,102.0,103.0,103.0,103
WdZpUOqGvA0,,,,,,,,,,,,,,,,,,,,,,,,,,,,,,,,,,,,,,,,,,,,,,,,,,,,,,,,,,,,,,,,,,,,,,,,,,,,,,,,,,,,,,,,,,,,,,,,,,,,,,,,,,,,,,,,,,,,,,,,,,,,,,,,,,,,,,,,,,,,,,,,,,,,,,,,,,,,,,,,,,,,,,,,,,,,,,,,,,,186.0,196.0,200.0,202.0,205.0,207.0,207.0,207.0,207.0,208.0,208.0,208.0,208.0,208.0,209.0,209.0,209.0,210.0,210.0,210.0,211.0,211.0,211.0,211.0,211.0,211.0,211.0,211.0,211.0,211
LtSXx56Mhvw,,,,,,,,,,,,,,,,,,,,,,,,,,,,,,,,,,,,,,,,,,,,,,,,,,,,,,,,,,,,,,,,,,,,,,,,,,,,,,,,,,,,,,,,,,,,,,,,,,,,,,,,,,,,,,,,,,,,,,,,,,,,,,,,,,,,,,,,,,,,,,,,,,,,,,,,,,,,,,,,,,,,,,,,,,,,,,,,,,,,116.0,654.0,793.0,878.0,931.0,958.0,972.0,995.0,1018.0,1025.0,1033.0,1041.0,1050.0,1053.0,1065.0,1070.0,1075.0,1080.0,1083.0,1085.0,1086.0,1087.0,1089.0,1092.0,1093.0,1094.0,1096.0,1097.0,1100
1dmmtkfS0PU,,,,,,,,,,,,,,,,,,,,,,,,,,,,,,,,,,,,,,,,,,,,,,,,,,,,,,,,,,,,,,,,,,,,,,,,,,,,,,,,,,,,,,,,,,,,,,,,,,,,,,,,,,,,,,,,,,,,,,,,,,,,,,,,,,,,,,,,,,,,,,,,,,,,,,,,,,,,,,,,,,,,,,,,,,,,,,,,,,,,2450.0,2452.0,2456.0,2462.0,2467.0,2471.0,2475.0,2476.0,2476.0,2475.0,2477.0,2479.0,2481.0,2483.0,2484.0,2485.0,2486.0,2487.0,2492.0,2496.0,2498.0,2499.0,2499.0,2499.0,2500.0,2503.0,2506.0,2506.0,2507
paCZO7G3YKE,,,,,,,,,,,,,,,,,,,,,,,,,,,,,,,,,,,,,,,,,,,,,,,,,,,,,,,,,,,,,,,,,,,,,,,,,,,,,,,,,,,,,,,,,,,,,,,,,,,,,,,,,,,,,,,,,,,,,,,,,,,,,,,,,,,,,,,,,,,,,,,,,,,,,,,,,,,,,,,,,,,,,,,,,,,,,,,,,,,,751.0,936.0,1010.0,1092.0,1131.0,1140.0,1149.0,1144.0,1160.0,1151.0,1154.0,1162.0,1172.0,1169.0,1168.0,1170.0,1176.0,1185.0,1182.0,1183.0,1184.0,1186.0,1188.0,1191.0,1193.0,1199.0,1202.0,1201.0,1202
TB7gIXlvq-0,,,,,,,,,,,,,,,,,,,,,,,,,,,,,,,,,,,,,,,,,,,,,,,,,,,,,,,,,,,,,,,,,,,,,,,,,,,,,,,,,,,,,,,,,,,,,,,,,,,,,,,,,,,,,,,,,,,,,,,,,,,,,,,,,,,,,,,,,,,,,,,,,,,,,,,,,,,,,,,,,,,,,,,,,,,,,,,,,,,,1738.0,1825.0,1883.0,1940.0,1964.0,1993.0,2022.0,2063.0,2080.0,2094.0,2105.0,2110.0,2119.0,2122.0,2127.0,2132.0,2134.0,2145.0,2159.0,2175.0,2185.0,2191.0,2198.0,2201.0,2204.0,2206.0,2210.0,2215.0,2218
7Vj4aOP4uKw,,,,,,,,,,,,,,,,,,,,,,,,,,,,,,,,,,,,,,,,,,,,,,,,,,,,,,,,,,,,,,,,,,,,,,,,,,,,,,,,,,,,,,,,,,,,,,,,,,,,,,,,,,,,,,,,,,,,,,,,,,,,,,,,,,,,,,,,,,,,,,,,,,,,,,,,,,,,,,,,,,,,,,,,,,,,,,,,,,,,12.0,13.0,14.0,14.0,14.0,14.0,14.0,14.0,14.0,14.0,14.0,14.0,14.0,14.0,15.0,15.0,15.0,15.0,16.0,18.0,18.0,18.0,19.0,19.0,19.0,19.0,19.0,19.0,19
UeKP1F-MAeI,,,,,,,,,,,,,,,,,,,,,,,,,,,,,,,,,,,,,,,,,,,,,,,,,,,,,,,,,,,,,,,,,,,,,,,,,,,,,,,,,,,,,,,,,,,,,,,,,,,,,,,,,,,,,,,,,,,,,,,,,,,,,,,,,,,,,,,,,,,,,,,,,,,,,,,,,,,,,,,,,,,,,,,,,,,,,,,,,,,,47.0,57.0,64.0,68.0,68.0,74.0,76.0,78.0,80.0,82.0,83.0,85.0,86.0,90.0,92.0,93.0,95.0,96.0,96.0,101.0,102.0,104.0,105.0,107.0,107.0,112.0,115.0,121.0,121
mnLTpuVk8Vs,,,,,,,,,,,,,,,,,,,,,,,,,,,,,,,,,,,,,,,,,,,,,,,,,,,,,,,,,,,,,,,,,,,,,,,,,,,,,,,,,,,,,,,,,,,,,,,,,,,,,,,,,,,,,,,,,,,,,,,,,,,,,,,,,,,,,,,,,,,,,,,,,,,,,,,,,,,,,,,,,,,,,,,,,,,,,,,,,,,,301.0,357.0,376.0,384.0,390.0,396.0,402.0,402.0,419.0,420.0,420.0,420.0,421.0,420.0,421.0,421.0,423.0,423.0,423.0,423.0,423.0,423.0,423.0,423.0,423.0,428.0,429.0,429.0,429
QW28YKqdxe0,,,,,,,,,,,,,,,,,,,,,,,,,,,,,,,,,,,,,,,,,,,,,,,,,,,,,,,,,,,,,,,,,,,,,,,,,,,,,,,,,,,,,,,,,,,,,,,,,,,,,,,,,,,,,,,,,,,,,,,,,,,,,,,,,,,,,,,,,,,,,,,,,,,,,,,,,,,,,,,,,,,,,,,,,,,,,,,,,,,,,202084.0,202101.0,202116.0,202134.0,202131.0,202136.0,202144.0,202148.0,202158.0,202161.0,202167.0,202172.0,202195.0,202201.0,202203.0,202191.0,202189.0,202194.0,202198.0,202201.0,202203.0,202198.0,202189.0,202187.0,202185.0,202185.0,202183.0,202183
CpfnyLaUM6k,,,,,,,,,,,,,,,,,,,,,,,,,,,,,,,,,,,,,,,,,,,,,,,,,,,,,,,,,,,,,,,,,,,,,,,,,,,,,,,,,,,,,,,,,,,,,,,,,,,,,,,,,,,,,,,,,,,,,,,,,,,,,,,,,,,,,,,,,,,,,,,,,,,,,,,,,,,,,,,,,,,,,,,,,,,,,,,,,,,,,977.0,1496.0,1623.0,1778.0,1894.0,1954.0,2001.0,2026.0,2042.0,2065.0,2072.0,2074.0,2084.0,2092.0,2102.0,2109.0,2115.0,2123.0,2131.0,2134.0,2148.0,2153.0,2156.0,2163.0,2167.0,2170.0,2176.0,2183
4L2qXBTWPbU,,,,,,,,,,,,,,,,,,,,,,,,,,,,,,,,,,,,,,,,,,,,,,,,,,,,,,,,,,,,,,,,,,,,,,,,,,,,,,,,,,,,,,,,,,,,,,,,,,,,,,,,,,,,,,,,,,,,,,,,,,,,,,,,,,,,,,,,,,,,,,,,,,,,,,,,,,,,,,,,,,,,,,,,,,,,,,,,,,,,,23.0,22.0,22.0,22.0,22.0,22.0,22.0,22.0,22.0,22.0,22.0,22.0,22.0,23.0,23.0,23.0,23.0,23.0,23.0,23.0,23.0,23.0,23.0,23.0,23.0,23.0,23.0,23
70oBbBRUB-I,,,,,,,,,,,,,,,,,,,,,,,,,,,,,,,,,,,,,,,,,,,,,,,,,,,,,,,,,,,,,,,,,,,,,,,,,,,,,,,,,,,,,,,,,,,,,,,,,,,,,,,,,,,,,,,,,,,,,,,,,,,,,,,,,,,,,,,,,,,,,,,,,,,,,,,,,,,,,,,,,,,,,,,,,,,,,,,,,,,,,0.0,0.0,0.0,0.0,0.0,0.0,0.0,0.0,0.0,0.0,0.0,0.0,0.0,0.0,0.0,0.0,0.0,0.0,0.0,0.0,0.0,0.0,0.0,0.0,0.0,0.0,0.0,0
wOWJslOeJrQ,,,,,,,,,,,,,,,,,,,,,,,,,,,,,,,,,,,,,,,,,,,,,,,,,,,,,,,,,,,,,,,,,,,,,,,,,,,,,,,,,,,,,,,,,,,,,,,,,,,,,,,,,,,,,,,,,,,,,,,,,,,,,,,,,,,,,,,,,,,,,,,,,,,,,,,,,,,,,,,,,,,,,,,,,,,,,,,,,,,,,,1082.0,1181.0,1237.0,1280.0,1318.0,1348.0,1366.0,1381.0,1386.0,1398.0,1402.0,1404.0,1420.0,1427.0,1436.0,1440.0,1443.0,1450.0,1454.0,1462.0,1470.0,1474.0,1481.0,1485.0,1490.0,1496.0,1499
ClbQHNIa2PM,,,,,,,,,,,,,,,,,,,,,,,,,,,,,,,,,,,,,,,,,,,,,,,,,,,,,,,,,,,,,,,,,,,,,,,,,,,,,,,,,,,,,,,,,,,,,,,,,,,,,,,,,,,,,,,,,,,,,,,,,,,,,,,,,,,,,,,,,,,,,,,,,,,,,,,,,,,,,,,,,,,,,,,,,,,,,,,,,,,,,,560.0,652.0,729.0,802.0,876.0,953.0,1023.0,1061.0,1080.0,1091.0,1100.0,1100.0,1103.0,1105.0,1105.0,1108.0,1109.0,1114.0,1114.0,1115.0,1118.0,1118.0,1118.0,1119.0,1119.0,1122.0,1126
cVA96fkEcNY,,,,,,,,,,,,,,,,,,,,,,,,,,,,,,,,,,,,,,,,,,,,,,,,,,,,,,,,,,,,,,,,,,,,,,,,,,,,,,,,,,,,,,,,,,,,,,,,,,,,,,,,,,,,,,,,,,,,,,,,,,,,,,,,,,,,,,,,,,,,,,,,,,,,,,,,,,,,,,,,,,,,,,,,,,,,,,,,,,,,,,47.0,84.0,94.0,102.0,113.0,117.0,126.0,135.0,144.0,157.0,170.0,189.0,217.0,226.0,229.0,234.0,241.0,246.0,252.0,266.0,270.0,271.0,271.0,271.0,271.0,271.0,272
QMYZdHVINJk,,,,,,,,,,,,,,,,,,,,,,,,,,,,,,,,,,,,,,,,,,,,,,,,,,,,,,,,,,,,,,,,,,,,,,,,,,,,,,,,,,,,,,,,,,,,,,,,,,,,,,,,,,,,,,,,,,,,,,,,,,,,,,,,,,,,,,,,,,,,,,,,,,,,,,,,,,,,,,,,,,,,,,,,,,,,,,,,,,,,,,490.0,488.0,489.0,490.0,491.0,491.0,491.0,491.0,491.0,491.0,494.0,494.0,494.0,494.0,494.0,494.0,495.0,493.0,494.0,492.0,492.0,492.0,492.0,492.0,490.0,490.0,489
uu9PqGb8NMs,,,,,,,,,,,,,,,,,,,,,,,,,,,,,,,,,,,,,,,,,,,,,,,,,,,,,,,,,,,,,,,,,,,,,,,,,,,,,,,,,,,,,,,,,,,,,,,,,,,,,,,,,,,,,,,,,,,,,,,,,,,,,,,,,,,,,,,,,,,,,,,,,,,,,,,,,,,,,,,,,,,,,,,,,,,,,,,,,,,,,,142.0,159.0,164.0,165.0,167.0,172.0,177.0,179.0,179.0,180.0,180.0,180.0,180.0,180.0,181.0,181.0,181.0,181.0,181.0,181.0,182.0,182.0,181.0,181.0,181.0,181.0,182
joe-bNMjYvs,,,,,,,,,,,,,,,,,,,,,,,,,,,,,,,,,,,,,,,,,,,,,,,,,,,,,,,,,,,,,,,,,,,,,,,,,,,,,,,,,,,,,,,,,,,,,,,,,,,,,,,,,,,,,,,,,,,,,,,,,,,,,,,,,,,,,,,,,,,,,,,,,,,,,,,,,,,,,,,,,,,,,,,,,,,,,,,,,,,,,,170.0,182.0,191.0,198.0,204.0,207.0,211.0,214.0,214.0,214.0,215.0,214.0,216.0,217.0,219.0,219.0,218.0,219.0,218.0,219.0,219.0,219.0,220.0,221.0,221.0,221.0,221
zGSQkVE_qUE,,,,,,,,,,,,,,,,,,,,,,,,,,,,,,,,,,,,,,,,,,,,,,,,,,,,,,,,,,,,,,,,,,,,,,,,,,,,,,,,,,,,,,,,,,,,,,,,,,,,,,,,,,,,,,,,,,,,,,,,,,,,,,,,,,,,,,,,,,,,,,,,,,,,,,,,,,,,,,,,,,,,,,,,,,,,,,,,,,,,,,80.0,83.0,86.0,87.0,92.0,93.0,95.0,99.0,101.0,102.0,0.0,103.0,104.0,106.0,110.0,110.0,110.0,110.0,110.0,110.0,109.0,109.0,110.0,110.0,115.0,116.0,117
6D1ega4uLTs,,,,,,,,,,,,,,,,,,,,,,,,,,,,,,,,,,,,,,,,,,,,,,,,,,,,,,,,,,,,,,,,,,,,,,,,,,,,,,,,,,,,,,,,,,,,,,,,,,,,,,,,,,,,,,,,,,,,,,,,,,,,,,,,,,,,,,,,,,,,,,,,,,,,,,,,,,,,,,,,,,,,,,,,,,,,,,,,,,,,,,,,,,,,,,,,,,,,,,,,,,,,,,,,
-Gx9Y_O735E,,,,,,,,,,,,,,,,,,,,,,,,,,,,,,,,,,,,,,,,,,,,,,,,,,,,,,,,,,,,,,,,,,,,,,,,,,,,,,,,,,,,,,,,,,,,,,,,,,,,,,,,,,,,,,,,,,,,,,,,,,,,,,,,,,,,,,,,,,,,,,,,,,,,,,,,,,,,,,,,,,,,,,,,,,,,,,,,,,,,,,186.0,229.0,237.0,241.0,247.0,250.0,250.0,250.0,249.0,253.0,255.0,255.0,255.0,255.0,256.0,257.0,257.0,257.0,257.0,257.0,257.0,258.0,259.0,260.0,260.0,260.0,261
3BeeOJApWEo,,,,,,,,,,,,,,,,,,,,,,,,,,,,,,,,,,,,,,,,,,,,,,,,,,,,,,,,,,,,,,,,,,,,,,,,,,,,,,,,,,,,,,,,,,,,,,,,,,,,,,,,,,,,,,,,,,,,,,,,,,,,,,,,,,,,,,,,,,,,,,,,,,,,,,,,,,,,,,,,,,,,,,,,,,,,,,,,,,,,,,0.0,0.0,0.0,0.0,0.0,0.0,0.0,0.0,0.0,0.0,0.0,0.0,0.0,0.0,0.0,0.0,0.0,0.0,0.0,0.0,0.0,0.0,0.0,0.0,0.0,0.0,0
6--VNmhSAYg,,,,,,,,,,,,,,,,,,,,,,,,,,,,,,,,,,,,,,,,,,,,,,,,,,,,,,,,,,,,,,,,,,,,,,,,,,,,,,,,,,,,,,,,,,,,,,,,,,,,,,,,,,,,,,,,,,,,,,,,,,,,,,,,,,,,,,,,,,,,,,,,,,,,,,,,,,,,,,,,,,,,,,,,,,,,,,,,,,,,,,,166.0,166.0,166.0,166.0,166.0,166.0,166.0,166.0,166.0,166.0,166.0,166.0,166.0,166.0,166.0,166.0,166.0,167.0,167.0,167.0,167.0,167.0,167.0,167.0,167.0,167
pWTKR-q-Xgs,,,,,,,,,,,,,,,,,,,,,,,,,,,,,,,,,,,,,,,,,,,,,,,,,,,,,,,,,,,,,,,,,,,,,,,,,,,,,,,,,,,,,,,,,,,,,,,,,,,,,,,,,,,,,,,,,,,,,,,,,,,,,,,,,,,,,,,,,,,,,,,,,,,,,,,,,,,,,,,,,,,,,,,,,,,,,,,,,,,,,,,168.0,206.0,217.0,222.0,224.0,230.0,231.0,234.0,235.0,235.0,236.0,236.0,236.0,236.0,238.0,238.0,238.0,238.0,238.0,238.0,238.0,238.0,238.0,238.0,239.0,239
ot3oRVtoU04,,,,,,,,,,,,,,,,,,,,,,,,,,,,,,,,,,,,,,,,,,,,,,,,,,,,,,,,,,,,,,,,,,,,,,,,,,,,,,,,,,,,,,,,,,,,,,,,,,,,,,,,,,,,,,,,,,,,,,,,,,,,,,,,,,,,,,,,,,,,,,,,,,,,,,,,,,,,,,,,,,,,,,,,,,,,,,,,,,,,,,,0.0,0.0,0.0,0.0,0.0,0.0,0.0,0.0,0.0,0.0,0.0,0.0,0.0,0.0,0.0,0.0,0.0,0.0,0.0,0.0,0.0,0.0,0.0,0.0,0.0,0
tN2M03g22oU,,,,,,,,,,,,,,,,,,,,,,,,,,,,,,,,,,,,,,,,,,,,,,,,,,,,,,,,,,,,,,,,,,,,,,,,,,,,,,,,,,,,,,,,,,,,,,,,,,,,,,,,,,,,,,,,,,,,,,,,,,,,,,,,,,,,,,,,,,,,,,,,,,,,,,,,,,,,,,,,,,,,,,,,,,,,,,,,,,,,,,,,2.0,2.0,2.0,2.0,2.0,2.0,3.0,4.0,4.0,4.0,4.0,4.0,4.0,4.0,4.0,5.0,5.0,5.0,5.0,5.0,5.0,5.0,5.0,5.0,6
idiYWmiYXUk,,,,,,,,,,,,,,,,,,,,,,,,,,,,,,,,,,,,,,,,,,,,,,,,,,,,,,,,,,,,,,,,,,,,,,,,,,,,,,,,,,,,,,,,,,,,,,,,,,,,,,,,,,,,,,,,,,,,,,,,,,,,,,,,,,,,,,,,,,,,,,,,,,,,,,,,,,,,,,,,,,,,,,,,,,,,,,,,,,,,,,,,19.0,21.0,22.0,22.0,22.0,22.0,22.0,22.0,22.0,23.0,23.0,23.0,23.0,23.0,23.0,23.0,23.0,23.0,24.0,24.0,24.0,24.0,24.0,24.0,24
VVO05mYGFY8,,,,,,,,,,,,,,,,,,,,,,,,,,,,,,,,,,,,,,,,,,,,,,,,,,,,,,,,,,,,,,,,,,,,,,,,,,,,,,,,,,,,,,,,,,,,,,,,,,,,,,,,,,,,,,,,,,,,,,,,,,,,,,,,,,,,,,,,,,,,,,,,,,,,,,,,,,,,,,,,,,,,,,,,,,,,,,,,,,,,,,,,,1583.0,1607.0,1621.0,1642.0,1660.0,1676.0,1684.0,1693.0,1706.0,1722.0,1739.0,1750.0,1763.0,1767.0,1774.0,1784.0,1788.0,1791.0,1799.0,1808.0,1811.0,1814.0,1821.0,1826
utA9BIg0ajU,,,,,,,,,,,,,,,,,,,,,,,,,,,,,,,,,,,,,,,,,,,,,,,,,,,,,,,,,,,,,,,,,,,,,,,,,,,,,,,,,,,,,,,,,,,,,,,,,,,,,,,,,,,,,,,,,,,,,,,,,,,,,,,,,,,,,,,,,,,,,,,,,,,,,,,,,,,,,,,,,,,,,,,,,,,,,,,,,,,,,,,,,4.0,4.0,4.0,4.0,4.0,4.0,4.0,4.0,4.0,4.0,4.0,4.0,4.0,4.0,4.0,4.0,4.0,4.0,4.0,4.0,4.0,4.0,4.0,4
qC0G3FyFuCk,,,,,,,,,,,,,,,,,,,,,,,,,,,,,,,,,,,,,,,,,,,,,,,,,,,,,,,,,,,,,,,,,,,,,,,,,,,,,,,,,,,,,,,,,,,,,,,,,,,,,,,,,,,,,,,,,,,,,,,,,,,,,,,,,,,,,,,,,,,,,,,,,,,,,,,,,,,,,,,,,,,,,,,,,,,,,,,,,,,,,,,,,19.0,19.0,20.0,20.0,20.0,20.0,20.0,20.0,20.0,20.0,20.0,20.0,20.0,19.0,19.0,19.0,19.0,19.0,19.0,19.0,19.0,19.0,19.0,19
Iju9QA9RpQs,,,,,,,,,,,,,,,,,,,,,,,,,,,,,,,,,,,,,,,,,,,,,,,,,,,,,,,,,,,,,,,,,,,,,,,,,,,,,,,,,,,,,,,,,,,,,,,,,,,,,,,,,,,,,,,,,,,,,,,,,,,,,,,,,,,,,,,,,,,,,,,,,,,,,,,,,,,,,,,,,,,,,,,,,,,,,,,,,,,,,,,,,23.0,23.0,23.0,23.0,23.0,24.0,24.0,24.0,24.0,24.0,24.0,24.0,24.0,24.0,24.0,25.0,25.0,25.0,25.0,25.0,25.0,25.0,25.0,25
ShO8OAa2Zjo,,,,,,,,,,,,,,,,,,,,,,,,,,,,,,,,,,,,,,,,,,,,,,,,,,,,,,,,,,,,,,,,,,,,,,,,,,,,,,,,,,,,,,,,,,,,,,,,,,,,,,,,,,,,,,,,,,,,,,,,,,,,,,,,,,,,,,,,,,,,,,,,,,,,,,,,,,,,,,,,,,,,,,,,,,,,,,,,,,,,,,,,,8.0,9.0,9.0,9.0,9.0,9.0,9.0,10.0,10.0,10.0,10.0,10.0,10.0,10.0,10.0,10.0,10.0,10.0,10.0,10.0,10.0,10.0,10.0,11
9HHDMxdm_0A,,,,,,,,,,,,,,,,,,,,,,,,,,,,,,,,,,,,,,,,,,,,,,,,,,,,,,,,,,,,,,,,,,,,,,,,,,,,,,,,,,,,,,,,,,,,,,,,,,,,,,,,,,,,,,,,,,,,,,,,,,,,,,,,,,,,,,,,,,,,,,,,,,,,,,,,,,,,,,,,,,,,,,,,,,,,,,,,,,,,,,,,,6.0,6.0,6.0,6.0,7.0,7.0,7.0,8.0,8.0,9.0,9.0,9.0,9.0,11.0,13.0,13.0,14.0,14.0,14.0,14.0,14.0,14.0,14.0,14
0AgErNRXFuo,,,,,,,,,,,,,,,,,,,,,,,,,,,,,,,,,,,,,,,,,,,,,,,,,,,,,,,,,,,,,,,,,,,,,,,,,,,,,,,,,,,,,,,,,,,,,,,,,,,,,,,,,,,,,,,,,,,,,,,,,,,,,,,,,,,,,,,,,,,,,,,,,,,,,,,,,,,,,,,,,,,,,,,,,,,,,,,,,,,,,,,,,3.0,3.0,3.0,3.0,3.0,3.0,3.0,4.0,4.0,4.0,4.0,4.0,4.0,4.0,4.0,4.0,4.0,4.0,4.0,4.0,4.0,4.0,4.0,4
6nYG4VP_VT8,,,,,,,,,,,,,,,,,,,,,,,,,,,,,,,,,,,,,,,,,,,,,,,,,,,,,,,,,,,,,,,,,,,,,,,,,,,,,,,,,,,,,,,,,,,,,,,,,,,,,,,,,,,,,,,,,,,,,,,,,,,,,,,,,,,,,,,,,,,,,,,,,,,,,,,,,,,,,,,,,,,,,,,,,,,,,,,,,,,,,,,,,,74.0,114.0,124.0,134.0,136.0,149.0,154.0,156.0,157.0,158.0,158.0,159.0,160.0,160.0,161.0,162.0,162.0,163.0,164.0,164.0,167.0,167.0,168
PxRU4wCuurg,,,,,,,,,,,,,,,,,,,,,,,,,,,,,,,,,,,,,,,,,,,,,,,,,,,,,,,,,,,,,,,,,,,,,,,,,,,,,,,,,,,,,,,,,,,,,,,,,,,,,,,,,,,,,,,,,,,,,,,,,,,,,,,,,,,,,,,,,,,,,,,,,,,,,,,,,,,,,,,,,,,,,,,,,,,,,,,,,,,,,,,,,,126.0,126.0,126.0,127.0,127.0,127.0,127.0,127.0,127.0,127.0,127.0,127.0,127.0,127.0,127.0,127.0,127.0,127.0,127.0,127.0,127.0,127.0,127
b0ct-yBwitw,,,,,,,,,,,,,,,,,,,,,,,,,,,,,,,,,,,,,,,,,,,,,,,,,,,,,,,,,,,,,,,,,,,,,,,,,,,,,,,,,,,,,,,,,,,,,,,,,,,,,,,,,,,,,,,,,,,,,,,,,,,,,,,,,,,,,,,,,,,,,,,,,,,,,,,,,,,,,,,,,,,,,,,,,,,,,,,,,,,,,,,,,,102.0,102.0,102.0,102.0,102.0,102.0,102.0,102.0,102.0,102.0,102.0,102.0,103.0,104.0,104.0,104.0,104.0,104.0,104.0,104.0,104.0,104.0,104
cssAjas-GeY,,,,,,,,,,,,,,,,,,,,,,,,,,,,,,,,,,,,,,,,,,,,,,,,,,,,,,,,,,,,,,,,,,,,,,,,,,,,,,,,,,,,,,,,,,,,,,,,,,,,,,,,,,,,,,,,,,,,,,,,,,,,,,,,,,,,,,,,,,,,,,,,,,,,,,,,,,,,,,,,,,,,,,,,,,,,,,,,,,,,,,,,,,5.0,5.0,6.0,6.0,7.0,7.0,40.0,76.0,76.0,76.0,76.0,105.0,147.0,152.0,219.0,298.0,327.0,327.0,327.0,327.0,327.0,327.0,334
_LDfxna5yQM,,,,,,,,,,,,,,,,,,,,,,,,,,,,,,,,,,,,,,,,,,,,,,,,,,,,,,,,,,,,,,,,,,,,,,,,,,,,,,,,,,,,,,,,,,,,,,,,,,,,,,,,,,,,,,,,,,,,,,,,,,,,,,,,,,,,,,,,,,,,,,,,,,,,,,,,,,,,,,,,,,,,,,,,,,,,,,,,,,,,,,,,,,177.0,199.0,202.0,206.0,205.0,205.0,205.0,206.0,206.0,207.0,208.0,210.0,210.0,210.0,211.0,213.0,213.0,214.0,217.0,217.0,219.0,219.0,219
0Hq3NgbHzTU,,,,,,,,,,,,,,,,,,,,,,,,,,,,,,,,,,,,,,,,,,,,,,,,,,,,,,,,,,,,,,,,,,,,,,,,,,,,,,,,,,,,,,,,,,,,,,,,,,,,,,,,,,,,,,,,,,,,,,,,,,,,,,,,,,,,,,,,,,,,,,,,,,,,,,,,,,,,,,,,,,,,,,,,,,,,,,,,,,,,,,,,,,94.0,128.0,137.0,140.0,144.0,147.0,147.0,148.0,150.0,151.0,151.0,153.0,153.0,156.0,157.0,158.0,158.0,158.0,159.0,159.0,159.0,159.0,159
4k64rp8KJAk,,,,,,,,,,,,,,,,,,,,,,,,,,,,,,,,,,,,,,,,,,,,,,,,,,,,,,,,,,,,,,,,,,,,,,,,,,,,,,,,,,,,,,,,,,,,,,,,,,,,,,,,,,,,,,,,,,,,,,,,,,,,,,,,,,,,,,,,,,,,,,,,,,,,,,,,,,,,,,,,,,,,,,,,,,,,,,,,,,,,,,,,,,,996.0,1640.0,1810.0,1908.0,1961.0,2006.0,2032.0,2049.0,2091.0,2111.0,2139.0,2146.0,2158.0,2169.0,2182.0,2223.0,2245.0,2262.0,2278.0,2293.0,2311.0,2320
qZlu2j2SiBA,,,,,,,,,,,,,,,,,,,,,,,,,,,,,,,,,,,,,,,,,,,,,,,,,,,,,,,,,,,,,,,,,,,,,,,,,,,,,,,,,,,,,,,,,,,,,,,,,,,,,,,,,,,,,,,,,,,,,,,,,,,,,,,,,,,,,,,,,,,,,,,,,,,,,,,,,,,,,,,,,,,,,,,,,,,,,,,,,,,,,,,,,,,,12496.0,15978.0,16535.0,17483.0,17886.0,18257.0,18741.0,18995.0,19145.0,19325.0,19452.0,19570.0,19637.0,19747.0,19801.0,19863.0,19979.0,20080.0,20167.0,20223.0,20269
NkKSgPp4oIU,,,,,,,,,,,,,,,,,,,,,,,,,,,,,,,,,,,,,,,,,,,,,,,,,,,,,,,,,,,,,,,,,,,,,,,,,,,,,,,,,,,,,,,,,,,,,,,,,,,,,,,,,,,,,,,,,,,,,,,,,,,,,,,,,,,,,,,,,,,,,,,,,,,,,,,,,,,,,,,,,,,,,,,,,,,,,,,,,,,,,,,,,,,,170.0,275.0,318.0,335.0,345.0,359.0,377.0,385.0,395.0,406.0,418.0,430.0,433.0,440.0,452.0,454.0,455.0,464.0,466.0,466.0,469
OhbMVYVNo40,,,,,,,,,,,,,,,,,,,,,,,,,,,,,,,,,,,,,,,,,,,,,,,,,,,,,,,,,,,,,,,,,,,,,,,,,,,,,,,,,,,,,,,,,,,,,,,,,,,,,,,,,,,,,,,,,,,,,,,,,,,,,,,,,,,,,,,,,,,,,,,,,,,,,,,,,,,,,,,,,,,,,,,,,,,,,,,,,,,,,,,,,,,,7413.0,14057.0,17463.0,20772.0,26378.0,28947.0,29964.0,30825.0,31367.0,31809.0,32191.0,32558.0,32944.0,33335.0,33678.0,33862.0,33768.0,33840.0,33903.0,33959.0,34000
TcMV9YeT9Sw,,,,,,,,,,,,,,,,,,,,,,,,,,,,,,,,,,,,,,,,,,,,,,,,,,,,,,,,,,,,,,,,,,,,,,,,,,,,,,,,,,,,,,,,,,,,,,,,,,,,,,,,,,,,,,,,,,,,,,,,,,,,,,,,,,,,,,,,,,,,,,,,,,,,,,,,,,,,,,,,,,,,,,,,,,,,,,,,,,,,,,,,,,,,1520.0,1835.0,2008.0,2132.0,2278.0,2358.0,2413.0,2444.0,2480.0,2495.0,2512.0,2519.0,2525.0,2537.0,2551.0,2560.0,2569.0,2571.0,2570.0,2573.0,2584
qKQNz4QoY68,,,,,,,,,,,,,,,,,,,,,,,,,,,,,,,,,,,,,,,,,,,,,,,,,,,,,,,,,,,,,,,,,,,,,,,,,,,,,,,,,,,,,,,,,,,,,,,,,,,,,,,,,,,,,,,,,,,,,,,,,,,,,,,,,,,,,,,,,,,,,,,,,,,,,,,,,,,,,,,,,,,,,,,,,,,,,,,,,,,,,,,,,,,,28.0,32.0,33.0,34.0,35.0,35.0,35.0,35.0,35.0,35.0,35.0,35.0,35.0,35.0,36.0,36.0,37.0,37.0,37.0,37.0,37
PCaCPdv6Iko,,,,,,,,,,,,,,,,,,,,,,,,,,,,,,,,,,,,,,,,,,,,,,,,,,,,,,,,,,,,,,,,,,,,,,,,,,,,,,,,,,,,,,,,,,,,,,,,,,,,,,,,,,,,,,,,,,,,,,,,,,,,,,,,,,,,,,,,,,,,,,,,,,,,,,,,,,,,,,,,,,,,,,,,,,,,,,,,,,,,,,,,,,,,10.0,10.0,10.0,10.0,10.0,10.0,10.0,10.0,10.0,10.0,10.0,10.0,10.0,10.0,10.0,10.0,10.0,10.0,10.0,10.0,10
0wFc8B11IiQ,,,,,,,,,,,,,,,,,,,,,,,,,,,,,,,,,,,,,,,,,,,,,,,,,,,,,,,,,,,,,,,,,,,,,,,,,,,,,,,,,,,,,,,,,,,,,,,,,,,,,,,,,,,,,,,,,,,,,,,,,,,,,,,,,,,,,,,,,,,,,,,,,,,,,,,,,,,,,,,,,,,,,,,,,,,,,,,,,,,,,,,,,,,,121.0,121.0,121.0,121.0,121.0,121.0,121.0,121.0,121.0,121.0,121.0,122.0,122.0,122.0,122.0,122.0,122.0,122.0,123.0,125.0,125
ajm0sX4BK1M,,,,,,,,,,,,,,,,,,,,,,,,,,,,,,,,,,,,,,,,,,,,,,,,,,,,,,,,,,,,,,,,,,,,,,,,,,,,,,,,,,,,,,,,,,,,,,,,,,,,,,,,,,,,,,,,,,,,,,,,,,,,,,,,,,,,,,,,,,,,,,,,,,,,,,,,,,,,,,,,,,,,,,,,,,,,,,,,,,,,,,,,,,,,2.0,7.0,7.0,7.0,7.0,7.0,7.0,7.0,7.0,7.0,7.0,7.0,7.0,7.0,7.0,7.0,7.0,7.0,7.0,7.0,7
X-KQJoVYmsk,,,,,,,,,,,,,,,,,,,,,,,,,,,,,,,,,,,,,,,,,,,,,,,,,,,,,,,,,,,,,,,,,,,,,,,,,,,,,,,,,,,,,,,,,,,,,,,,,,,,,,,,,,,,,,,,,,,,,,,,,,,,,,,,,,,,,,,,,,,,,,,,,,,,,,,,,,,,,,,,,,,,,,,,,,,,,,,,,,,,,,,,,,,,21.0,21.0,21.0,21.0,21.0,21.0,21.0,21.0,21.0,21.0,21.0,21.0,21.0,21.0,21.0,21.0,21.0,21.0,21.0,21.0,21
UiB_4VGIRHA,,,,,,,,,,,,,,,,,,,,,,,,,,,,,,,,,,,,,,,,,,,,,,,,,,,,,,,,,,,,,,,,,,,,,,,,,,,,,,,,,,,,,,,,,,,,,,,,,,,,,,,,,,,,,,,,,,,,,,,,,,,,,,,,,,,,,,,,,,,,,,,,,,,,,,,,,,,,,,,,,,,,,,,,,,,,,,,,,,,,,,,,,,,,27.0,27.0,27.0,27.0,27.0,27.0,27.0,27.0,27.0,27.0,27.0,27.0,27.0,27.0,27.0,27.0,27.0,27.0,27.0,27.0,27
IbZJwu6HEUY,,,,,,,,,,,,,,,,,,,,,,,,,,,,,,,,,,,,,,,,,,,,,,,,,,,,,,,,,,,,,,,,,,,,,,,,,,,,,,,,,,,,,,,,,,,,,,,,,,,,,,,,,,,,,,,,,,,,,,,,,,,,,,,,,,,,,,,,,,,,,,,,,,,,,,,,,,,,,,,,,,,,,,,,,,,,,,,,,,,,,,,,,,,,64.0,80.0,89.0,89.0,89.0,89.0,89.0,89.0,89.0,90.0,90.0,91.0,91.0,91.0,91.0,91.0,92.0,92.0,92.0,92.0,92
sEIc7-gx3e4,,,,,,,,,,,,,,,,,,,,,,,,,,,,,,,,,,,,,,,,,,,,,,,,,,,,,,,,,,,,,,,,,,,,,,,,,,,,,,,,,,,,,,,,,,,,,,,,,,,,,,,,,,,,,,,,,,,,,,,,,,,,,,,,,,,,,,,,,,,,,,,,,,,,,,,,,,,,,,,,,,,,,,,,,,,,,,,,,,,,,,,,,,,,7.0,8.0,8.0,11.0,11.0,11.0,12.0,12.0,13.0,13.0,13.0,13.0,13.0,13.0,13.0,13.0,13.0,13.0,13.0,13.0,13
9ARZTCaaXx4,,,,,,,,,,,,,,,,,,,,,,,,,,,,,,,,,,,,,,,,,,,,,,,,,,,,,,,,,,,,,,,,,,,,,,,,,,,,,,,,,,,,,,,,,,,,,,,,,,,,,,,,,,,,,,,,,,,,,,,,,,,,,,,,,,,,,,,,,,,,,,,,,,,,,,,,,,,,,,,,,,,,,,,,,,,,,,,,,,,,,,,,,,,,250.0,258.0,264.0,265.0,266.0,266.0,268.0,270.0,270.0,271.0,271.0,275.0,276.0,276.0,276.0,276.0,276.0,276.0,276.0,278.0,278
RDAGnKcvUqK,,,,,,,,,,,,,,,,,,,,,,,,,,,,,,,,,,,,,,,,,,,,,,,,,,,,,,,,,,,,,,,,,,,,,,,,,,,,,,,,,,,,,,,,,,,,,,,,,,,,,,,,,,,,,,,,,,,,,,,,,,,,,,,,,,,,,,,,,,,,,,,,,,,,,,,,,,,,,,,,,,,,,,,,,,,,,,,,,,,,,,,,,,,,,,,,,,,,,,,,,,,,,,,,
RDhgs3jSuJm,,,,,,,,,,,,,,,,,,,,,,,,,,,,,,,,,,,,,,,,,,,,,,,,,,,,,,,,,,,,,,,,,,,,,,,,,,,,,,,,,,,,,,,,,,,,,,,,,,,,,,,,,,,,,,,,,,,,,,,,,,,,,,,,,,,,,,,,,,,,,,,,,,,,,,,,,,,,,,,,,,,,,,,,,,,,,,,,,,,,,,,,,,,,,,,,,,,,,,,,,,,,,,,,
17ko9qZCxhA,,,,,,,,,,,,,,,,,,,,,,,,,,,,,,,,,,,,,,,,,,,,,,,,,,,,,,,,,,,,,,,,,,,,,,,,,,,,,,,,,,,,,,,,,,,,,,,,,,,,,,,,,,,,,,,,,,,,,,,,,,,,,,,,,,,,,,,,,,,,,,,,,,,,,,,,,,,,,,,,,,,,,,,,,,,,,,,,,,,,,,,,,,,,,793.0,793.0,793.0,793.0,793.0,793.0,793.0,793.0,793.0,793.0,794.0,794.0,794.0,794.0,794.0,795.0,797.0,797.0,797.0,797
bIrtdgmCVuU,,,,,,,,,,,,,,,,,,,,,,,,,,,,,,,,,,,,,,,,,,,,,,,,,,,,,,,,,,,,,,,,,,,,,,,,,,,,,,,,,,,,,,,,,,,,,,,,,,,,,,,,,,,,,,,,,,,,,,,,,,,,,,,,,,,,,,,,,,,,,,,,,,,,,,,,,,,,,,,,,,,,,,,,,,,,,,,,,,,,,,,,,,,,,25.0,25.0,25.0,26.0,26.0,26.0,27.0,27.0,27.0,27.0,27.0,28.0,28.0,28.0,28.0,28.0,28.0,28.0,28.0,28
yYQ736VFmDw,,,,,,,,,,,,,,,,,,,,,,,,,,,,,,,,,,,,,,,,,,,,,,,,,,,,,,,,,,,,,,,,,,,,,,,,,,,,,,,,,,,,,,,,,,,,,,,,,,,,,,,,,,,,,,,,,,,,,,,,,,,,,,,,,,,,,,,,,,,,,,,,,,,,,,,,,,,,,,,,,,,,,,,,,,,,,,,,,,,,,,,,,,,,,68.0,79.0,83.0,87.0,87.0,89.0,92.0,92.0,95.0,97.0,97.0,97.0,98.0,99.0,100.0,101.0,103.0,103.0,103.0,104
H5NMoH9zz1k,,,,,,,,,,,,,,,,,,,,,,,,,,,,,,,,,,,,,,,,,,,,,,,,,,,,,,,,,,,,,,,,,,,,,,,,,,,,,,,,,,,,,,,,,,,,,,,,,,,,,,,,,,,,,,,,,,,,,,,,,,,,,,,,,,,,,,,,,,,,,,,,,,,,,,,,,,,,,,,,,,,,,,,,,,,,,,,,,,,,,,,,,,,,,31.0,31.0,31.0,31.0,31.0,31.0,31.0,31.0,31.0,31.0,31.0,31.0,31.0,32.0,32.0,32.0,32.0,32.0,32.0,32
SLg8OZG9cGc,,,,,,,,,,,,,,,,,,,,,,,,,,,,,,,,,,,,,,,,,,,,,,,,,,,,,,,,,,,,,,,,,,,,,,,,,,,,,,,,,,,,,,,,,,,,,,,,,,,,,,,,,,,,,,,,,,,,,,,,,,,,,,,,,,,,,,,,,,,,,,,,,,,,,,,,,,,,,,,,,,,,,,,,,,,,,,,,,,,,,,,,,,,,,42.0,68.0,71.0,73.0,75.0,75.0,75.0,75.0,75.0,75.0,75.0,76.0,76.0,76.0,76.0,76.0,76.0,76.0,75.0,75
ihvuwqlGHXs,,,,,,,,,,,,,,,,,,,,,,,,,,,,,,,,,,,,,,,,,,,,,,,,,,,,,,,,,,,,,,,,,,,,,,,,,,,,,,,,,,,,,,,,,,,,,,,,,,,,,,,,,,,,,,,,,,,,,,,,,,,,,,,,,,,,,,,,,,,,,,,,,,,,,,,,,,,,,,,,,,,,,,,,,,,,,,,,,,,,,,,,,,,,,,11236.0,14013.0,15326.0,16237.0,16940.0,17489.0,18019.0,18803.0,19213.0,19596.0,19603.0,19742.0,19927.0,20071.0,20213.0,20330.0,20398.0,20510.0,20606
ZptKVcibc1c,,,,,,,,,,,,,,,,,,,,,,,,,,,,,,,,,,,,,,,,,,,,,,,,,,,,,,,,,,,,,,,,,,,,,,,,,,,,,,,,,,,,,,,,,,,,,,,,,,,,,,,,,,,,,,,,,,,,,,,,,,,,,,,,,,,,,,,,,,,,,,,,,,,,,,,,,,,,,,,,,,,,,,,,,,,,,,,,,,,,,,,,,,,,,,67.0,86.0,89.0,97.0,100.0,102.0,104.0,106.0,106.0,107.0,109.0,110.0,111.0,111.0,111.0,111.0,112.0,112.0,112
wuF8Q_iq7Bo,,,,,,,,,,,,,,,,,,,,,,,,,,,,,,,,,,,,,,,,,,,,,,,,,,,,,,,,,,,,,,,,,,,,,,,,,,,,,,,,,,,,,,,,,,,,,,,,,,,,,,,,,,,,,,,,,,,,,,,,,,,,,,,,,,,,,,,,,,,,,,,,,,,,,,,,,,,,,,,,,,,,,,,,,,,,,,,,,,,,,,,,,,,,,,2697.0,3532.0,3776.0,3891.0,3969.0,4030.0,4077.0,4118.0,4143.0,4159.0,4177.0,4198.0,4216.0,4224.0,4248.0,4257.0,4270.0,4279.0,4290
RVC4bqqMD5c,,,,,,,,,,,,,,,,,,,,,,,,,,,,,,,,,,,,,,,,,,,,,,,,,,,,,,,,,,,,,,,,,,,,,,,,,,,,,,,,,,,,,,,,,,,,,,,,,,,,,,,,,,,,,,,,,,,,,,,,,,,,,,,,,,,,,,,,,,,,,,,,,,,,,,,,,,,,,,,,,,,,,,,,,,,,,,,,,,,,,,,,,,,,,,2396.0,,,,,,,,,,,,,,,,,,
7SBhpWKOz6Y,,,,,,,,,,,,,,,,,,,,,,,,,,,,,,,,,,,,,,,,,,,,,,,,,,,,,,,,,,,,,,,,,,,,,,,,,,,,,,,,,,,,,,,,,,,,,,,,,,,,,,,,,,,,,,,,,,,,,,,,,,,,,,,,,,,,,,,,,,,,,,,,,,,,,,,,,,,,,,,,,,,,,,,,,,,,,,,,,,,,,,,,,,,,,,28.0,31.0,34.0,38.0,42.0,45.0,45.0,46.0,47.0,48.0,48.0,49.0,50.0,51.0,51.0,51.0,52.0,52.0,55
PDdJqkoXbu4,,,,,,,,,,,,,,,,,,,,,,,,,,,,,,,,,,,,,,,,,,,,,,,,,,,,,,,,,,,,,,,,,,,,,,,,,,,,,,,,,,,,,,,,,,,,,,,,,,,,,,,,,,,,,,,,,,,,,,,,,,,,,,,,,,,,,,,,,,,,,,,,,,,,,,,,,,,,,,,,,,,,,,,,,,,,,,,,,,,,,,,,,,,,,,,45.0,46.0,46.0,46.0,48.0,48.0,48.0,48.0,48.0,48.0,48.0,48.0,48.0,48.0,48.0,48.0,48.0,48
0ZtGSpAoNMI,,,,,,,,,,,,,,,,,,,,,,,,,,,,,,,,,,,,,,,,,,,,,,,,,,,,,,,,,,,,,,,,,,,,,,,,,,,,,,,,,,,,,,,,,,,,,,,,,,,,,,,,,,,,,,,,,,,,,,,,,,,,,,,,,,,,,,,,,,,,,,,,,,,,,,,,,,,,,,,,,,,,,,,,,,,,,,,,,,,,,,,,,,,,,,,109.0,112.0,115.0,115.0,115.0,115.0,115.0,115.0,115.0,115.0,115.0,115.0,115.0,115.0,115.0,115.0,115.0,115
0lGTAroEN4s,,,,,,,,,,,,,,,,,,,,,,,,,,,,,,,,,,,,,,,,,,,,,,,,,,,,,,,,,,,,,,,,,,,,,,,,,,,,,,,,,,,,,,,,,,,,,,,,,,,,,,,,,,,,,,,,,,,,,,,,,,,,,,,,,,,,,,,,,,,,,,,,,,,,,,,,,,,,,,,,,,,,,,,,,,,,,,,,,,,,,,,,,,,,,,,52.0,54.0,57.0,58.0,59.0,60.0,61.0,61.0,63.0,63.0,63.0,63.0,63.0,63.0,63.0,64.0,64.0,66
O2uTlnybbH0,,,,,,,,,,,,,,,,,,,,,,,,,,,,,,,,,,,,,,,,,,,,,,,,,,,,,,,,,,,,,,,,,,,,,,,,,,,,,,,,,,,,,,,,,,,,,,,,,,,,,,,,,,,,,,,,,,,,,,,,,,,,,,,,,,,,,,,,,,,,,,,,,,,,,,,,,,,,,,,,,,,,,,,,,,,,,,,,,,,,,,,,,,,,,,,204.0,207.0,209.0,212.0,215.0,217.0,218.0,219.0,219.0,221.0,223.0,226.0,226.0,228.0,228.0,228.0,230.0,232
i8nGyt2nU4s,,,,,,,,,,,,,,,,,,,,,,,,,,,,,,,,,,,,,,,,,,,,,,,,,,,,,,,,,,,,,,,,,,,,,,,,,,,,,,,,,,,,,,,,,,,,,,,,,,,,,,,,,,,,,,,,,,,,,,,,,,,,,,,,,,,,,,,,,,,,,,,,,,,,,,,,,,,,,,,,,,,,,,,,,,,,,,,,,,,,,,,,,,,,,,,14.0,15.0,16.0,17.0,19.0,21.0,22.0,21.0,21.0,22.0,22.0,22.0,23.0,23.0,24.0,25.0,25.0,25
Xg8mR_srsDc,,,,,,,,,,,,,,,,,,,,,,,,,,,,,,,,,,,,,,,,,,,,,,,,,,,,,,,,,,,,,,,,,,,,,,,,,,,,,,,,,,,,,,,,,,,,,,,,,,,,,,,,,,,,,,,,,,,,,,,,,,,,,,,,,,,,,,,,,,,,,,,,,,,,,,,,,,,,,,,,,,,,,,,,,,,,,,,,,,,,,,,,,,,,,,,247.0,336.0,376.0,414.0,444.0,458.0,475.0,482.0,493.0,498.0,504.0,514.0,537.0,555.0,562.0,567.0,570.0,575
w_7bz3MMI00,,,,,,,,,,,,,,,,,,,,,,,,,,,,,,,,,,,,,,,,,,,,,,,,,,,,,,,,,,,,,,,,,,,,,,,,,,,,,,,,,,,,,,,,,,,,,,,,,,,,,,,,,,,,,,,,,,,,,,,,,,,,,,,,,,,,,,,,,,,,,,,,,,,,,,,,,,,,,,,,,,,,,,,,,,,,,,,,,,,,,,,,,,,,,,,214.0,217.0,218.0,219.0,221.0,223.0,225.0,225.0,225.0,225.0,226.0,228.0,230.0,230.0,230.0,230.0,230.0,230
YZoD0wu9kAo,,,,,,,,,,,,,,,,,,,,,,,,,,,,,,,,,,,,,,,,,,,,,,,,,,,,,,,,,,,,,,,,,,,,,,,,,,,,,,,,,,,,,,,,,,,,,,,,,,,,,,,,,,,,,,,,,,,,,,,,,,,,,,,,,,,,,,,,,,,,,,,,,,,,,,,,,,,,,,,,,,,,,,,,,,,,,,,,,,,,,,,,,,,,,,,72.0,78.0,83.0,89.0,94.0,101.0,103.0,104.0,106.0,107.0,107.0,108.0,109.0,110.0,110.0,110.0,111.0,111
W-gPh7-Sdec,,,,,,,,,,,,,,,,,,,,,,,,,,,,,,,,,,,,,,,,,,,,,,,,,,,,,,,,,,,,,,,,,,,,,,,,,,,,,,,,,,,,,,,,,,,,,,,,,,,,,,,,,,,,,,,,,,,,,,,,,,,,,,,,,,,,,,,,,,,,,,,,,,,,,,,,,,,,,,,,,,,,,,,,,,,,,,,,,,,,,,,,,,,,,,,0.0,0.0,6.0,10.0,10.0,11.0,11.0,11.0,11.0,12.0,13.0,13.0,15.0,16.0,16.0,17.0,17.0,17
_lw0jM3HV8k,,,,,,,,,,,,,,,,,,,,,,,,,,,,,,,,,,,,,,,,,,,,,,,,,,,,,,,,,,,,,,,,,,,,,,,,,,,,,,,,,,,,,,,,,,,,,,,,,,,,,,,,,,,,,,,,,,,,,,,,,,,,,,,,,,,,,,,,,,,,,,,,,,,,,,,,,,,,,,,,,,,,,,,,,,,,,,,,,,,,,,,,,,,,,,,,0.0,0.0,0.0,0.0,0.0,0.0,0.0,0.0,0.0,0.0,0.0,0.0,0.0,0.0,0.0,0.0,0
sYkqUY1l7uA,,,,,,,,,,,,,,,,,,,,,,,,,,,,,,,,,,,,,,,,,,,,,,,,,,,,,,,,,,,,,,,,,,,,,,,,,,,,,,,,,,,,,,,,,,,,,,,,,,,,,,,,,,,,,,,,,,,,,,,,,,,,,,,,,,,,,,,,,,,,,,,,,,,,,,,,,,,,,,,,,,,,,,,,,,,,,,,,,,,,,,,,,,,,,,,,196.0,197.0,198.0,200.0,200.0,204.0,204.0,204.0,206.0,207.0,210.0,210.0,210.0,210.0,210.0,210.0,210
oS1sZ9du7oQ,,,,,,,,,,,,,,,,,,,,,,,,,,,,,,,,,,,,,,,,,,,,,,,,,,,,,,,,,,,,,,,,,,,,,,,,,,,,,,,,,,,,,,,,,,,,,,,,,,,,,,,,,,,,,,,,,,,,,,,,,,,,,,,,,,,,,,,,,,,,,,,,,,,,,,,,,,,,,,,,,,,,,,,,,,,,,,,,,,,,,,,,,,,,,,,,254.0,258.0,268.0,273.0,279.0,282.0,284.0,284.0,286.0,286.0,285.0,286.0,287.0,287.0,288.0,288.0,287
X8lCOhyxxEc,,,,,,,,,,,,,,,,,,,,,,,,,,,,,,,,,,,,,,,,,,,,,,,,,,,,,,,,,,,,,,,,,,,,,,,,,,,,,,,,,,,,,,,,,,,,,,,,,,,,,,,,,,,,,,,,,,,,,,,,,,,,,,,,,,,,,,,,,,,,,,,,,,,,,,,,,,,,,,,,,,,,,,,,,,,,,,,,,,,,,,,,,,,,,,,,,405.0,563.0,609.0,624.0,640.0,652.0,657.0,660.0,663.0,662.0,670.0,667.0,670.0,675.0,678.0,683
lFxXpXk35Eo,,,,,,,,,,,,,,,,,,,,,,,,,,,,,,,,,,,,,,,,,,,,,,,,,,,,,,,,,,,,,,,,,,,,,,,,,,,,,,,,,,,,,,,,,,,,,,,,,,,,,,,,,,,,,,,,,,,,,,,,,,,,,,,,,,,,,,,,,,,,,,,,,,,,,,,,,,,,,,,,,,,,,,,,,,,,,,,,,,,,,,,,,,,,,,,,,367.0,775.0,990.0,1097.0,1163.0,1215.0,1257.0,1281.0,1290.0,1294.0,1295.0,1312.0,1316.0,1317.0,1321.0,1341
8DwTAa5hPsA,,,,,,,,,,,,,,,,,,,,,,,,,,,,,,,,,,,,,,,,,,,,,,,,,,,,,,,,,,,,,,,,,,,,,,,,,,,,,,,,,,,,,,,,,,,,,,,,,,,,,,,,,,,,,,,,,,,,,,,,,,,,,,,,,,,,,,,,,,,,,,,,,,,,,,,,,,,,,,,,,,,,,,,,,,,,,,,,,,,,,,,,,,,,,,,,,443.0,708.0,801.0,862.0,889.0,916.0,930.0,946.0,950.0,963.0,979.0,986.0,991.0,1003.0,1013.0,1013
1vQSHni2MCA,,,,,,,,,,,,,,,,,,,,,,,,,,,,,,,,,,,,,,,,,,,,,,,,,,,,,,,,,,,,,,,,,,,,,,,,,,,,,,,,,,,,,,,,,,,,,,,,,,,,,,,,,,,,,,,,,,,,,,,,,,,,,,,,,,,,,,,,,,,,,,,,,,,,,,,,,,,,,,,,,,,,,,,,,,,,,,,,,,,,,,,,,,,,,,,,,140.0,148.0,154.0,156.0,158.0,161.0,161.0,162.0,162.0,164.0,164.0,164.0,165.0,166.0,166.0,167
Xaof9_6iXJs,,,,,,,,,,,,,,,,,,,,,,,,,,,,,,,,,,,,,,,,,,,,,,,,,,,,,,,,,,,,,,,,,,,,,,,,,,,,,,,,,,,,,,,,,,,,,,,,,,,,,,,,,,,,,,,,,,,,,,,,,,,,,,,,,,,,,,,,,,,,,,,,,,,,,,,,,,,,,,,,,,,,,,,,,,,,,,,,,,,,,,,,,,,,,,,,,45.0,45.0,45.0,45.0,46.0,46.0,46.0,47.0,47.0,47.0,47.0,47.0,47.0,47.0,47.0,47
jndTWh0JSN0,,,,,,,,,,,,,,,,,,,,,,,,,,,,,,,,,,,,,,,,,,,,,,,,,,,,,,,,,,,,,,,,,,,,,,,,,,,,,,,,,,,,,,,,,,,,,,,,,,,,,,,,,,,,,,,,,,,,,,,,,,,,,,,,,,,,,,,,,,,,,,,,,,,,,,,,,,,,,,,,,,,,,,,,,,,,,,,,,,,,,,,,,,,,,,,,,92.0,92.0,92.0,92.0,92.0,92.0,92.0,92.0,92.0,92.0,92.0,92.0,92.0,92.0,92.0,92
cdtJ7KzVZiw,,,,,,,,,,,,,,,,,,,,,,,,,,,,,,,,,,,,,,,,,,,,,,,,,,,,,,,,,,,,,,,,,,,,,,,,,,,,,,,,,,,,,,,,,,,,,,,,,,,,,,,,,,,,,,,,,,,,,,,,,,,,,,,,,,,,,,,,,,,,,,,,,,,,,,,,,,,,,,,,,,,,,,,,,,,,,,,,,,,,,,,,,,,,,,,,,35.0,35.0,35.0,35.0,35.0,35.0,35.0,35.0,35.0,35.0,35.0,35.0,35.0,35.0,35.0,35
5enP7An6vBs,,,,,,,,,,,,,,,,,,,,,,,,,,,,,,,,,,,,,,,,,,,,,,,,,,,,,,,,,,,,,,,,,,,,,,,,,,,,,,,,,,,,,,,,,,,,,,,,,,,,,,,,,,,,,,,,,,,,,,,,,,,,,,,,,,,,,,,,,,,,,,,,,,,,,,,,,,,,,,,,,,,,,,,,,,,,,,,,,,,,,,,,,,,,,,,,,0.0,0.0,0.0,0.0,0.0,0.0,0.0,0.0,0.0,0.0,0.0,0.0,0.0,0.0,0.0,0
s0eGSDlBqEs,,,,,,,,,,,,,,,,,,,,,,,,,,,,,,,,,,,,,,,,,,,,,,,,,,,,,,,,,,,,,,,,,,,,,,,,,,,,,,,,,,,,,,,,,,,,,,,,,,,,,,,,,,,,,,,,,,,,,,,,,,,,,,,,,,,,,,,,,,,,,,,,,,,,,,,,,,,,,,,,,,,,,,,,,,,,,,,,,,,,,,,,,,,,,,,,,0.0,0.0,0.0,0.0,0.0,0.0,0.0,0.0,0.0,0.0,0.0,0.0,0.0,0.0,0.0,0
xd31zh3HMpw,,,,,,,,,,,,,,,,,,,,,,,,,,,,,,,,,,,,,,,,,,,,,,,,,,,,,,,,,,,,,,,,,,,,,,,,,,,,,,,,,,,,,,,,,,,,,,,,,,,,,,,,,,,,,,,,,,,,,,,,,,,,,,,,,,,,,,,,,,,,,,,,,,,,,,,,,,,,,,,,,,,,,,,,,,,,,,,,,,,,,,,,,,,,,,,,,29.0,29.0,29.0,29.0,29.0,29.0,29.0,29.0,29.0,29.0,29.0,29.0,29.0,29.0,29.0,29
RKR8lnKy0Lw,,,,,,,,,,,,,,,,,,,,,,,,,,,,,,,,,,,,,,,,,,,,,,,,,,,,,,,,,,,,,,,,,,,,,,,,,,,,,,,,,,,,,,,,,,,,,,,,,,,,,,,,,,,,,,,,,,,,,,,,,,,,,,,,,,,,,,,,,,,,,,,,,,,,,,,,,,,,,,,,,,,,,,,,,,,,,,,,,,,,,,,,,,,,,,,,,116.0,118.0,118.0,120.0,122.0,125.0,125.0,126.0,126.0,132.0,133.0,134.0,135.0,138.0,138.0,138
cgdQRylvbuI,,,,,,,,,,,,,,,,,,,,,,,,,,,,,,,,,,,,,,,,,,,,,,,,,,,,,,,,,,,,,,,,,,,,,,,,,,,,,,,,,,,,,,,,,,,,,,,,,,,,,,,,,,,,,,,,,,,,,,,,,,,,,,,,,,,,,,,,,,,,,,,,,,,,,,,,,,,,,,,,,,,,,,,,,,,,,,,,,,,,,,,,,,,,,,,,,525.0,530.0,556.0,570.0,571.0,604.0,621.0,621.0,621.0,623.0,625.0,625.0,626.0,628.0,630.0,630
E1d8dVSs0Bg,,,,,,,,,,,,,,,,,,,,,,,,,,,,,,,,,,,,,,,,,,,,,,,,,,,,,,,,,,,,,,,,,,,,,,,,,,,,,,,,,,,,,,,,,,,,,,,,,,,,,,,,,,,,,,,,,,,,,,,,,,,,,,,,,,,,,,,,,,,,,,,,,,,,,,,,,,,,,,,,,,,,,,,,,,,,,,,,,,,,,,,,,,,,,,,,,2841.0,3020.0,3118.0,3202.0,3262.0,3315.0,3376.0,3411.0,3454.0,3486.0,3501.0,3514.0,3532.0,3534.0,3542.0,3547
JebaOMAuIyw,,,,,,,,,,,,,,,,,,,,,,,,,,,,,,,,,,,,,,,,,,,,,,,,,,,,,,,,,,,,,,,,,,,,,,,,,,,,,,,,,,,,,,,,,,,,,,,,,,,,,,,,,,,,,,,,,,,,,,,,,,,,,,,,,,,,,,,,,,,,,,,,,,,,,,,,,,,,,,,,,,,,,,,,,,,,,,,,,,,,,,,,,,,,,,,,,,2882.0,3204.0,3411.0,3533.0,3659.0,3741.0,3807.0,3846.0,3884.0,3927.0,3961.0,3988.0,4014.0,4025.0,4039
6tRrCe0MA8I,,,,,,,,,,,,,,,,,,,,,,,,,,,,,,,,,,,,,,,,,,,,,,,,,,,,,,,,,,,,,,,,,,,,,,,,,,,,,,,,,,,,,,,,,,,,,,,,,,,,,,,,,,,,,,,,,,,,,,,,,,,,,,,,,,,,,,,,,,,,,,,,,,,,,,,,,,,,,,,,,,,,,,,,,,,,,,,,,,,,,,,,,,,,,,,,,,107.0,288.0,393.0,442.0,465.0,485.0,,,,,,,,,
U--182lC5AE,,,,,,,,,,,,,,,,,,,,,,,,,,,,,,,,,,,,,,,,,,,,,,,,,,,,,,,,,,,,,,,,,,,,,,,,,,,,,,,,,,,,,,,,,,,,,,,,,,,,,,,,,,,,,,,,,,,,,,,,,,,,,,,,,,,,,,,,,,,,,,,,,,,,,,,,,,,,,,,,,,,,,,,,,,,,,,,,,,,,,,,,,,,,,,,,,,71.0,71.0,70.0,70.0,70.0,70.0,70.0,70.0,70.0,70.0,70.0,70.0,70.0,70.0,70
3TyAN9X03ms,,,,,,,,,,,,,,,,,,,,,,,,,,,,,,,,,,,,,,,,,,,,,,,,,,,,,,,,,,,,,,,,,,,,,,,,,,,,,,,,,,,,,,,,,,,,,,,,,,,,,,,,,,,,,,,,,,,,,,,,,,,,,,,,,,,,,,,,,,,,,,,,,,,,,,,,,,,,,,,,,,,,,,,,,,,,,,,,,,,,,,,,,,,,,,,,,,95.0,98.0,106.0,117.0,128.0,136.0,139.0,160.0,161.0,161.0,161.0,161.0,161.0,161.0,161
NnybSob6R_8,,,,,,,,,,,,,,,,,,,,,,,,,,,,,,,,,,,,,,,,,,,,,,,,,,,,,,,,,,,,,,,,,,,,,,,,,,,,,,,,,,,,,,,,,,,,,,,,,,,,,,,,,,,,,,,,,,,,,,,,,,,,,,,,,,,,,,,,,,,,,,,,,,,,,,,,,,,,,,,,,,,,,,,,,,,,,,,,,,,,,,,,,,,,,,,,,,0.0,0.0,0.0,0.0,0.0,0.0,0.0,0.0,0.0,0.0,0.0,0.0,0.0,0.0,0
aojxinAN-eU,,,,,,,,,,,,,,,,,,,,,,,,,,,,,,,,,,,,,,,,,,,,,,,,,,,,,,,,,,,,,,,,,,,,,,,,,,,,,,,,,,,,,,,,,,,,,,,,,,,,,,,,,,,,,,,,,,,,,,,,,,,,,,,,,,,,,,,,,,,,,,,,,,,,,,,,,,,,,,,,,,,,,,,,,,,,,,,,,,,,,,,,,,,,,,,,,,0.0,0.0,0.0,0.0,0.0,0.0,0.0,0.0,0.0,0.0,0.0,0.0,0.0,0.0,0
69wU4HA7Ufg,,,,,,,,,,,,,,,,,,,,,,,,,,,,,,,,,,,,,,,,,,,,,,,,,,,,,,,,,,,,,,,,,,,,,,,,,,,,,,,,,,,,,,,,,,,,,,,,,,,,,,,,,,,,,,,,,,,,,,,,,,,,,,,,,,,,,,,,,,,,,,,,,,,,,,,,,,,,,,,,,,,,,,,,,,,,,,,,,,,,,,,,,,,,,,,,,,183.0,219.0,243.0,253.0,270.0,279.0,290.0,294.0,301.0,304.0,305.0,309.0,311.0,312.0,312
0glyNM-gOFo,,,,,,,,,,,,,,,,,,,,,,,,,,,,,,,,,,,,,,,,,,,,,,,,,,,,,,,,,,,,,,,,,,,,,,,,,,,,,,,,,,,,,,,,,,,,,,,,,,,,,,,,,,,,,,,,,,,,,,,,,,,,,,,,,,,,,,,,,,,,,,,,,,,,,,,,,,,,,,,,,,,,,,,,,,,,,,,,,,,,,,,,,,,,,,,,,,0.0,0.0,0.0,0.0,0.0,0.0,0.0,0.0,0.0,0.0,0.0,0.0,0.0,0.0,0
uR8nG6D32Tk,,,,,,,,,,,,,,,,,,,,,,,,,,,,,,,,,,,,,,,,,,,,,,,,,,,,,,,,,,,,,,,,,,,,,,,,,,,,,,,,,,,,,,,,,,,,,,,,,,,,,,,,,,,,,,,,,,,,,,,,,,,,,,,,,,,,,,,,,,,,,,,,,,,,,,,,,,,,,,,,,,,,,,,,,,,,,,,,,,,,,,,,,,,,,,,,,,0.0,0.0,0.0,0.0,0.0,0.0,0.0,0.0,0.0,0.0,0.0,0.0,0.0,0.0,0
kUzlZB_gXh0,,,,,,,,,,,,,,,,,,,,,,,,,,,,,,,,,,,,,,,,,,,,,,,,,,,,,,,,,,,,,,,,,,,,,,,,,,,,,,,,,,,,,,,,,,,,,,,,,,,,,,,,,,,,,,,,,,,,,,,,,,,,,,,,,,,,,,,,,,,,,,,,,,,,,,,,,,,,,,,,,,,,,,,,,,,,,,,,,,,,,,,,,,,,,,,,,,704.0,926.0,1017.0,1061.0,1098.0,1120.0,1139.0,1151.0,1159.0,1177.0,1195.0,1202.0,1210.0,1219.0,1234
irMpQE-DWUQ,,,,,,,,,,,,,,,,,,,,,,,,,,,,,,,,,,,,,,,,,,,,,,,,,,,,,,,,,,,,,,,,,,,,,,,,,,,,,,,,,,,,,,,,,,,,,,,,,,,,,,,,,,,,,,,,,,,,,,,,,,,,,,,,,,,,,,,,,,,,,,,,,,,,,,,,,,,,,,,,,,,,,,,,,,,,,,,,,,,,,,,,,,,,,,,,,,580.0,635.0,647.0,655.0,666.0,673.0,675.0,676.0,679.0,686.0,690.0,690.0,694.0,697.0,696
5J31p164daA,,,,,,,,,,,,,,,,,,,,,,,,,,,,,,,,,,,,,,,,,,,,,,,,,,,,,,,,,,,,,,,,,,,,,,,,,,,,,,,,,,,,,,,,,,,,,,,,,,,,,,,,,,,,,,,,,,,,,,,,,,,,,,,,,,,,,,,,,,,,,,,,,,,,,,,,,,,,,,,,,,,,,,,,,,,,,,,,,,,,,,,,,,,,,,,,,,,0.0,0.0,0.0,0.0,0.0,0.0,0.0,0.0,0.0,0.0,0.0,0.0,0.0,0
wVDb6xpA75E,,,,,,,,,,,,,,,,,,,,,,,,,,,,,,,,,,,,,,,,,,,,,,,,,,,,,,,,,,,,,,,,,,,,,,,,,,,,,,,,,,,,,,,,,,,,,,,,,,,,,,,,,,,,,,,,,,,,,,,,,,,,,,,,,,,,,,,,,,,,,,,,,,,,,,,,,,,,,,,,,,,,,,,,,,,,,,,,,,,,,,,,,,,,,,,,,,,203.0,369.0,436.0,461.0,476.0,489.0,498.0,516.0,530.0,540.0,551.0,556.0,558.0,561
qjAAqqO2TJU,,,,,,,,,,,,,,,,,,,,,,,,,,,,,,,,,,,,,,,,,,,,,,,,,,,,,,,,,,,,,,,,,,,,,,,,,,,,,,,,,,,,,,,,,,,,,,,,,,,,,,,,,,,,,,,,,,,,,,,,,,,,,,,,,,,,,,,,,,,,,,,,,,,,,,,,,,,,,,,,,,,,,,,,,,,,,,,,,,,,,,,,,,,,,,,,,,,421.0,587.0,637.0,666.0,688.0,701.0,710.0,781.0,800.0,812.0,818.0,823.0,824.0,827
M6EyUZ3ANuM,,,,,,,,,,,,,,,,,,,,,,,,,,,,,,,,,,,,,,,,,,,,,,,,,,,,,,,,,,,,,,,,,,,,,,,,,,,,,,,,,,,,,,,,,,,,,,,,,,,,,,,,,,,,,,,,,,,,,,,,,,,,,,,,,,,,,,,,,,,,,,,,,,,,,,,,,,,,,,,,,,,,,,,,,,,,,,,,,,,,,,,,,,,,,,,,,,,539.0,889.0,1015.0,1068.0,1122.0,1160.0,1214.0,1259.0,1289.0,1324.0,1360.0,1388.0,1407.0,1431
Jbf4eBRoDsI,,,,,,,,,,,,,,,,,,,,,,,,,,,,,,,,,,,,,,,,,,,,,,,,,,,,,,,,,,,,,,,,,,,,,,,,,,,,,,,,,,,,,,,,,,,,,,,,,,,,,,,,,,,,,,,,,,,,,,,,,,,,,,,,,,,,,,,,,,,,,,,,,,,,,,,,,,,,,,,,,,,,,,,,,,,,,,,,,,,,,,,,,,,,,,,,,,,102.0,102.0,102.0,102.0,102.0,102.0,102.0,102.0,102.0,102.0,102.0,102.0,102.0,102
Selvf5mu-7U,,,,,,,,,,,,,,,,,,,,,,,,,,,,,,,,,,,,,,,,,,,,,,,,,,,,,,,,,,,,,,,,,,,,,,,,,,,,,,,,,,,,,,,,,,,,,,,,,,,,,,,,,,,,,,,,,,,,,,,,,,,,,,,,,,,,,,,,,,,,,,,,,,,,,,,,,,,,,,,,,,,,,,,,,,,,,,,,,,,,,,,,,,,,,,,,,,,132.0,132.0,132.0,132.0,132.0,132.0,132.0,133.0,133.0,133.0,133.0,133.0,133.0,133
4_SI6JIXSKs,,,,,,,,,,,,,,,,,,,,,,,,,,,,,,,,,,,,,,,,,,,,,,,,,,,,,,,,,,,,,,,,,,,,,,,,,,,,,,,,,,,,,,,,,,,,,,,,,,,,,,,,,,,,,,,,,,,,,,,,,,,,,,,,,,,,,,,,,,,,,,,,,,,,,,,,,,,,,,,,,,,,,,,,,,,,,,,,,,,,,,,,,,,,,,,,,,,3.0,3.0,3.0,3.0,3.0,3.0,3.0,3.0,3.0,3.0,3.0,3.0,3.0,3
cPlREAajfR8,,,,,,,,,,,,,,,,,,,,,,,,,,,,,,,,,,,,,,,,,,,,,,,,,,,,,,,,,,,,,,,,,,,,,,,,,,,,,,,,,,,,,,,,,,,,,,,,,,,,,,,,,,,,,,,,,,,,,,,,,,,,,,,,,,,,,,,,,,,,,,,,,,,,,,,,,,,,,,,,,,,,,,,,,,,,,,,,,,,,,,,,,,,,,,,,,,,21.0,21.0,21.0,21.0,21.0,21.0,21.0,21.0,21.0,21.0,21.0,21.0,21.0,21
m1EK1kEjQEM,,,,,,,,,,,,,,,,,,,,,,,,,,,,,,,,,,,,,,,,,,,,,,,,,,,,,,,,,,,,,,,,,,,,,,,,,,,,,,,,,,,,,,,,,,,,,,,,,,,,,,,,,,,,,,,,,,,,,,,,,,,,,,,,,,,,,,,,,,,,,,,,,,,,,,,,,,,,,,,,,,,,,,,,,,,,,,,,,,,,,,,,,,,,,,,,,,,72.0,72.0,72.0,72.0,72.0,72.0,72.0,72.0,72.0,74.0,74.0,74.0,74.0,74
HU77rxvjrxw,,,,,,,,,,,,,,,,,,,,,,,,,,,,,,,,,,,,,,,,,,,,,,,,,,,,,,,,,,,,,,,,,,,,,,,,,,,,,,,,,,,,,,,,,,,,,,,,,,,,,,,,,,,,,,,,,,,,,,,,,,,,,,,,,,,,,,,,,,,,,,,,,,,,,,,,,,,,,,,,,,,,,,,,,,,,,,,,,,,,,,,,,,,,,,,,,,,0.0,0.0,0.0,0.0,0.0,0.0,0.0,0.0,0.0,0.0,0.0,0.0,0.0,0
3gw5H1y0cx8,,,,,,,,,,,,,,,,,,,,,,,,,,,,,,,,,,,,,,,,,,,,,,,,,,,,,,,,,,,,,,,,,,,,,,,,,,,,,,,,,,,,,,,,,,,,,,,,,,,,,,,,,,,,,,,,,,,,,,,,,,,,,,,,,,,,,,,,,,,,,,,,,,,,,,,,,,,,,,,,,,,,,,,,,,,,,,,,,,,,,,,,,,,,,,,,,,,784.0,786.0,785.0,787.0,786.0,788.0,792.0,798.0,803.0,805.0,806.0,810.0,810.0,810
Bf-2J9jmW4A,,,,,,,,,,,,,,,,,,,,,,,,,,,,,,,,,,,,,,,,,,,,,,,,,,,,,,,,,,,,,,,,,,,,,,,,,,,,,,,,,,,,,,,,,,,,,,,,,,,,,,,,,,,,,,,,,,,,,,,,,,,,,,,,,,,,,,,,,,,,,,,,,,,,,,,,,,,,,,,,,,,,,,,,,,,,,,,,,,,,,,,,,,,,,,,,,,,54.0,54.0,54.0,54.0,54.0,54.0,54.0,54.0,54.0,54.0,54.0,54.0,54.0,54
hCc3PJyV050,,,,,,,,,,,,,,,,,,,,,,,,,,,,,,,,,,,,,,,,,,,,,,,,,,,,,,,,,,,,,,,,,,,,,,,,,,,,,,,,,,,,,,,,,,,,,,,,,,,,,,,,,,,,,,,,,,,,,,,,,,,,,,,,,,,,,,,,,,,,,,,,,,,,,,,,,,,,,,,,,,,,,,,,,,,,,,,,,,,,,,,,,,,,,,,,,,,12.0,12.0,12.0,12.0,12.0,12.0,12.0,12.0,12.0,12.0,12.0,12.0,12.0,12
pmJc_QsDp_k,,,,,,,,,,,,,,,,,,,,,,,,,,,,,,,,,,,,,,,,,,,,,,,,,,,,,,,,,,,,,,,,,,,,,,,,,,,,,,,,,,,,,,,,,,,,,,,,,,,,,,,,,,,,,,,,,,,,,,,,,,,,,,,,,,,,,,,,,,,,,,,,,,,,,,,,,,,,,,,,,,,,,,,,,,,,,,,,,,,,,,,,,,,,,,,,,,,74.0,80.0,83.0,83.0,84.0,84.0,84.0,84.0,84.0,84.0,86.0,87.0,87.0,87
jIwaSfd9e0Q,,,,,,,,,,,,,,,,,,,,,,,,,,,,,,,,,,,,,,,,,,,,,,,,,,,,,,,,,,,,,,,,,,,,,,,,,,,,,,,,,,,,,,,,,,,,,,,,,,,,,,,,,,,,,,,,,,,,,,,,,,,,,,,,,,,,,,,,,,,,,,,,,,,,,,,,,,,,,,,,,,,,,,,,,,,,,,,,,,,,,,,,,,,,,,,,,,,121.0,121.0,121.0,122.0,122.0,122.0,122.0,122.0,122.0,122.0,122.0,122.0,123.0,123
sCI9hUO7TRI,,,,,,,,,,,,,,,,,,,,,,,,,,,,,,,,,,,,,,,,,,,,,,,,,,,,,,,,,,,,,,,,,,,,,,,,,,,,,,,,,,,,,,,,,,,,,,,,,,,,,,,,,,,,,,,,,,,,,,,,,,,,,,,,,,,,,,,,,,,,,,,,,,,,,,,,,,,,,,,,,,,,,,,,,,,,,,,,,,,,,,,,,,,,,,,,,,,193.0,195.0,198.0,198.0,199.0,201.0,201.0,201.0,203.0,203.0,203.0,203.0,203.0,203
0v3jfJM41OY,,,,,,,,,,,,,,,,,,,,,,,,,,,,,,,,,,,,,,,,,,,,,,,,,,,,,,,,,,,,,,,,,,,,,,,,,,,,,,,,,,,,,,,,,,,,,,,,,,,,,,,,,,,,,,,,,,,,,,,,,,,,,,,,,,,,,,,,,,,,,,,,,,,,,,,,,,,,,,,,,,,,,,,,,,,,,,,,,,,,,,,,,,,,,,,,,,,25.0,29.0,30.0,30.0,30.0,30.0,30.0,30.0,31.0,31.0,31.0,31.0,31.0,31
9hY5yk2UAHE,,,,,,,,,,,,,,,,,,,,,,,,,,,,,,,,,,,,,,,,,,,,,,,,,,,,,,,,,,,,,,,,,,,,,,,,,,,,,,,,,,,,,,,,,,,,,,,,,,,,,,,,,,,,,,,,,,,,,,,,,,,,,,,,,,,,,,,,,,,,,,,,,,,,,,,,,,,,,,,,,,,,,,,,,,,,,,,,,,,,,,,,,,,,,,,,,,,0.0,0.0,0.0,0.0,0.0,0.0,0.0,0.0,0.0,0.0,0.0,0.0,0.0,0
RGAemb7OtO4,,,,,,,,,,,,,,,,,,,,,,,,,,,,,,,,,,,,,,,,,,,,,,,,,,,,,,,,,,,,,,,,,,,,,,,,,,,,,,,,,,,,,,,,,,,,,,,,,,,,,,,,,,,,,,,,,,,,,,,,,,,,,,,,,,,,,,,,,,,,,,,,,,,,,,,,,,,,,,,,,,,,,,,,,,,,,,,,,,,,,,,,,,,,,,,,,,,187.0,241.0,274.0,297.0,315.0,329.0,335.0,348.0,360.0,371.0,373.0,377.0,382.0,382
2Wk4vsz65jo,,,,,,,,,,,,,,,,,,,,,,,,,,,,,,,,,,,,,,,,,,,,,,,,,,,,,,,,,,,,,,,,,,,,,,,,,,,,,,,,,,,,,,,,,,,,,,,,,,,,,,,,,,,,,,,,,,,,,,,,,,,,,,,,,,,,,,,,,,,,,,,,,,,,,,,,,,,,,,,,,,,,,,,,,,,,,,,,,,,,,,,,,,,,,,,,,,,,151.0,173.0,180.0,182.0,186.0,187.0,191.0,191.0,191.0,192.0,193.0,193.0,194
ZWzO50OCbqs,,,,,,,,,,,,,,,,,,,,,,,,,,,,,,,,,,,,,,,,,,,,,,,,,,,,,,,,,,,,,,,,,,,,,,,,,,,,,,,,,,,,,,,,,,,,,,,,,,,,,,,,,,,,,,,,,,,,,,,,,,,,,,,,,,,,,,,,,,,,,,,,,,,,,,,,,,,,,,,,,,,,,,,,,,,,,,,,,,,,,,,,,,,,,,,,,,,,876.0,1365.0,1539.0,1659.0,1734.0,1805.0,1859.0,1921.0,1981.0,2033.0,2077.0,2106.0,2135
QRO3GeLK9go,,,,,,,,,,,,,,,,,,,,,,,,,,,,,,,,,,,,,,,,,,,,,,,,,,,,,,,,,,,,,,,,,,,,,,,,,,,,,,,,,,,,,,,,,,,,,,,,,,,,,,,,,,,,,,,,,,,,,,,,,,,,,,,,,,,,,,,,,,,,,,,,,,,,,,,,,,,,,,,,,,,,,,,,,,,,,,,,,,,,,,,,,,,,,,,,,,,,44.0,80.0,86.0,87.0,90.0,90.0,90.0,91.0,95.0,98.0,99.0,100.0,103
pRFv0A0f6tM,,,,,,,,,,,,,,,,,,,,,,,,,,,,,,,,,,,,,,,,,,,,,,,,,,,,,,,,,,,,,,,,,,,,,,,,,,,,,,,,,,,,,,,,,,,,,,,,,,,,,,,,,,,,,,,,,,,,,,,,,,,,,,,,,,,,,,,,,,,,,,,,,,,,,,,,,,,,,,,,,,,,,,,,,,,,,,,,,,,,,,,,,,,,,,,,,,,,196.0,196.0,196.0,196.0,196.0,196.0,196.0,196.0,196.0,196.0,196.0,196.0,196
Zt_37l7NiJw,,,,,,,,,,,,,,,,,,,,,,,,,,,,,,,,,,,,,,,,,,,,,,,,,,,,,,,,,,,,,,,,,,,,,,,,,,,,,,,,,,,,,,,,,,,,,,,,,,,,,,,,,,,,,,,,,,,,,,,,,,,,,,,,,,,,,,,,,,,,,,,,,,,,,,,,,,,,,,,,,,,,,,,,,,,,,,,,,,,,,,,,,,,,,,,,,,,,7759.0,9136.0,9670.0,10050.0,10389.0,10840.0,11152.0,11387.0,11491.0,11579.0,11659.0,11708.0,11757
Zu3YzJLDIn0,,,,,,,,,,,,,,,,,,,,,,,,,,,,,,,,,,,,,,,,,,,,,,,,,,,,,,,,,,,,,,,,,,,,,,,,,,,,,,,,,,,,,,,,,,,,,,,,,,,,,,,,,,,,,,,,,,,,,,,,,,,,,,,,,,,,,,,,,,,,,,,,,,,,,,,,,,,,,,,,,,,,,,,,,,,,,,,,,,,,,,,,,,,,,,,,,,,,7.0,10.0,13.0,14.0,14.0,14.0,14.0,14.0,14.0,15.0,15.0,15.0,15
yECj5RzbGYo,,,,,,,,,,,,,,,,,,,,,,,,,,,,,,,,,,,,,,,,,,,,,,,,,,,,,,,,,,,,,,,,,,,,,,,,,,,,,,,,,,,,,,,,,,,,,,,,,,,,,,,,,,,,,,,,,,,,,,,,,,,,,,,,,,,,,,,,,,,,,,,,,,,,,,,,,,,,,,,,,,,,,,,,,,,,,,,,,,,,,,,,,,,,,,,,,,,,74.0,95.0,99.0,99.0,100.0,100.0,103.0,103.0,104.0,104.0,104.0,105.0,105
DKipFKjAOwQ,,,,,,,,,,,,,,,,,,,,,,,,,,,,,,,,,,,,,,,,,,,,,,,,,,,,,,,,,,,,,,,,,,,,,,,,,,,,,,,,,,,,,,,,,,,,,,,,,,,,,,,,,,,,,,,,,,,,,,,,,,,,,,,,,,,,,,,,,,,,,,,,,,,,,,,,,,,,,,,,,,,,,,,,,,,,,,,,,,,,,,,,,,,,,,,,,,,,47.0,70.0,78.0,83.0,84.0,86.0,86.0,89.0,92.0,92.0,93.0,94.0,94
sqYNGZJWNcw,,,,,,,,,,,,,,,,,,,,,,,,,,,,,,,,,,,,,,,,,,,,,,,,,,,,,,,,,,,,,,,,,,,,,,,,,,,,,,,,,,,,,,,,,,,,,,,,,,,,,,,,,,,,,,,,,,,,,,,,,,,,,,,,,,,,,,,,,,,,,,,,,,,,,,,,,,,,,,,,,,,,,,,,,,,,,,,,,,,,,,,,,,,,,,,,,,,,,2313.0,3963.0,4518.0,4852.0,5115.0,5366.0,5578.0,5789.0,5962.0,6098.0,5994.0,6081
iQzBz-JV2zg,,,,,,,,,,,,,,,,,,,,,,,,,,,,,,,,,,,,,,,,,,,,,,,,,,,,,,,,,,,,,,,,,,,,,,,,,,,,,,,,,,,,,,,,,,,,,,,,,,,,,,,,,,,,,,,,,,,,,,,,,,,,,,,,,,,,,,,,,,,,,,,,,,,,,,,,,,,,,,,,,,,,,,,,,,,,,,,,,,,,,,,,,,,,,,,,,,,,,5891.0,7695.0,8364.0,8672.0,8985.0,9189.0,9365.0,9543.0,9689.0,9801.0,9870.0,9935
CWYw6UAE0Qk,,,,,,,,,,,,,,,,,,,,,,,,,,,,,,,,,,,,,,,,,,,,,,,,,,,,,,,,,,,,,,,,,,,,,,,,,,,,,,,,,,,,,,,,,,,,,,,,,,,,,,,,,,,,,,,,,,,,,,,,,,,,,,,,,,,,,,,,,,,,,,,,,,,,,,,,,,,,,,,,,,,,,,,,,,,,,,,,,,,,,,,,,,,,,,,,,,,,,0.0,0.0,0.0,0.0,0.0,0.0,0.0,0.0,0.0,0.0,0.0,0
2kdopwq4njQ,,,,,,,,,,,,,,,,,,,,,,,,,,,,,,,,,,,,,,,,,,,,,,,,,,,,,,,,,,,,,,,,,,,,,,,,,,,,,,,,,,,,,,,,,,,,,,,,,,,,,,,,,,,,,,,,,,,,,,,,,,,,,,,,,,,,,,,,,,,,,,,,,,,,,,,,,,,,,,,,,,,,,,,,,,,,,,,,,,,,,,,,,,,,,,,,,,,,,2189.0,2616.0,2658.0,2716.0,2752.0,2777.0,2822.0,2829.0,2838.0,2850.0,2858.0,2865
sqYNGZJWNcw,,,,,,,,,,,,,,,,,,,,,,,,,,,,,,,,,,,,,,,,,,,,,,,,,,,,,,,,,,,,,,,,,,,,,,,,,,,,,,,,,,,,,,,,,,,,,,,,,,,,,,,,,,,,,,,,,,,,,,,,,,,,,,,,,,,,,,,,,,,,,,,,,,,,,,,,,,,,,,,,,,,,,,,,,,,,,,,,,,,,,,,,,,,,,,,,,,,,,2313.0,3963.0,4518.0,4852.0,5115.0,5366.0,5578.0,5789.0,5962.0,6098.0,5994.0,6081
sT1VOlWjJ00,,,,,,,,,,,,,,,,,,,,,,,,,,,,,,,,,,,,,,,,,,,,,,,,,,,,,,,,,,,,,,,,,,,,,,,,,,,,,,,,,,,,,,,,,,,,,,,,,,,,,,,,,,,,,,,,,,,,,,,,,,,,,,,,,,,,,,,,,,,,,,,,,,,,,,,,,,,,,,,,,,,,,,,,,,,,,,,,,,,,,,,,,,,,,,,,,,,,,2247.0,2639.0,2779.0,2780.0,2792.0,2808.0,2812.0,2821.0,2829.0,2830.0,2836.0,2841
qCw-wpO2fng,,,,,,,,,,,,,,,,,,,,,,,,,,,,,,,,,,,,,,,,,,,,,,,,,,,,,,,,,,,,,,,,,,,,,,,,,,,,,,,,,,,,,,,,,,,,,,,,,,,,,,,,,,,,,,,,,,,,,,,,,,,,,,,,,,,,,,,,,,,,,,,,,,,,,,,,,,,,,,,,,,,,,,,,,,,,,,,,,,,,,,,,,,,,,,,,,,,,,681.0,705.0,723.0,752.0,747.0,749.0,751.0,753.0,753.0,753.0,754.0,755
6nE5NQXzhK4,,,,,,,,,,,,,,,,,,,,,,,,,,,,,,,,,,,,,,,,,,,,,,,,,,,,,,,,,,,,,,,,,,,,,,,,,,,,,,,,,,,,,,,,,,,,,,,,,,,,,,,,,,,,,,,,,,,,,,,,,,,,,,,,,,,,,,,,,,,,,,,,,,,,,,,,,,,,,,,,,,,,,,,,,,,,,,,,,,,,,,,,,,,,,,,,,,,,,,24.0,28.0,30.0,31.0,31.0,31.0,31.0,31.0,31.0,32.0,32
aPDfmCib4_Q,,,,,,,,,,,,,,,,,,,,,,,,,,,,,,,,,,,,,,,,,,,,,,,,,,,,,,,,,,,,,,,,,,,,,,,,,,,,,,,,,,,,,,,,,,,,,,,,,,,,,,,,,,,,,,,,,,,,,,,,,,,,,,,,,,,,,,,,,,,,,,,,,,,,,,,,,,,,,,,,,,,,,,,,,,,,,,,,,,,,,,,,,,,,,,,,,,,,,,113.0,113.0,114.0,114.0,114.0,115.0,115.0,115.0,115.0,117.0,118
Tos8R9Tcem8,,,,,,,,,,,,,,,,,,,,,,,,,,,,,,,,,,,,,,,,,,,,,,,,,,,,,,,,,,,,,,,,,,,,,,,,,,,,,,,,,,,,,,,,,,,,,,,,,,,,,,,,,,,,,,,,,,,,,,,,,,,,,,,,,,,,,,,,,,,,,,,,,,,,,,,,,,,,,,,,,,,,,,,,,,,,,,,,,,,,,,,,,,,,,,,,,,,,,,423.0,423.0,424.0,424.0,424.0,424.0,425.0,427.0,427.0,428.0,429
1lsMNSuFm9U,,,,,,,,,,,,,,,,,,,,,,,,,,,,,,,,,,,,,,,,,,,,,,,,,,,,,,,,,,,,,,,,,,,,,,,,,,,,,,,,,,,,,,,,,,,,,,,,,,,,,,,,,,,,,,,,,,,,,,,,,,,,,,,,,,,,,,,,,,,,,,,,,,,,,,,,,,,,,,,,,,,,,,,,,,,,,,,,,,,,,,,,,,,,,,,,,,,,,,0.0,0.0,0.0,0.0,0.0,0.0,0.0,0.0,0.0,0.0,0
l9wOpEjjaSs,,,,,,,,,,,,,,,,,,,,,,,,,,,,,,,,,,,,,,,,,,,,,,,,,,,,,,,,,,,,,,,,,,,,,,,,,,,,,,,,,,,,,,,,,,,,,,,,,,,,,,,,,,,,,,,,,,,,,,,,,,,,,,,,,,,,,,,,,,,,,,,,,,,,,,,,,,,,,,,,,,,,,,,,,,,,,,,,,,,,,,,,,,,,,,,,,,,,,,0.0,0.0,0.0,0.0,0.0,0.0,0.0,0.0,0.0,0.0,0
LfK_184x5t0,,,,,,,,,,,,,,,,,,,,,,,,,,,,,,,,,,,,,,,,,,,,,,,,,,,,,,,,,,,,,,,,,,,,,,,,,,,,,,,,,,,,,,,,,,,,,,,,,,,,,,,,,,,,,,,,,,,,,,,,,,,,,,,,,,,,,,,,,,,,,,,,,,,,,,,,,,,,,,,,,,,,,,,,,,,,,,,,,,,,,,,,,,,,,,,,,,,,,,83.0,83.0,83.0,83.0,83.0,83.0,83.0,83.0,83.0,83.0,83
zikS1wWMFGA,,,,,,,,,,,,,,,,,,,,,,,,,,,,,,,,,,,,,,,,,,,,,,,,,,,,,,,,,,,,,,,,,,,,,,,,,,,,,,,,,,,,,,,,,,,,,,,,,,,,,,,,,,,,,,,,,,,,,,,,,,,,,,,,,,,,,,,,,,,,,,,,,,,,,,,,,,,,,,,,,,,,,,,,,,,,,,,,,,,,,,,,,,,,,,,,,,,,,,,323.0,405.0,440.0,457.0,487.0,504.0,513.0,521.0,530.0,541
x6D7yjf-y5c,,,,,,,,,,,,,,,,,,,,,,,,,,,,,,,,,,,,,,,,,,,,,,,,,,,,,,,,,,,,,,,,,,,,,,,,,,,,,,,,,,,,,,,,,,,,,,,,,,,,,,,,,,,,,,,,,,,,,,,,,,,,,,,,,,,,,,,,,,,,,,,,,,,,,,,,,,,,,,,,,,,,,,,,,,,,,,,,,,,,,,,,,,,,,,,,,,,,,,,179.0,184.0,185.0,187.0,190.0,192.0,194.0,197.0,198.0,198
PWU3ikH0M58,,,,,,,,,,,,,,,,,,,,,,,,,,,,,,,,,,,,,,,,,,,,,,,,,,,,,,,,,,,,,,,,,,,,,,,,,,,,,,,,,,,,,,,,,,,,,,,,,,,,,,,,,,,,,,,,,,,,,,,,,,,,,,,,,,,,,,,,,,,,,,,,,,,,,,,,,,,,,,,,,,,,,,,,,,,,,,,,,,,,,,,,,,,,,,,,,,,,,,,13.0,13.0,13.0,13.0,13.0,13.0,13.0,13.0,13.0,13
-PEKNCMB5ME,,,,,,,,,,,,,,,,,,,,,,,,,,,,,,,,,,,,,,,,,,,,,,,,,,,,,,,,,,,,,,,,,,,,,,,,,,,,,,,,,,,,,,,,,,,,,,,,,,,,,,,,,,,,,,,,,,,,,,,,,,,,,,,,,,,,,,,,,,,,,,,,,,,,,,,,,,,,,,,,,,,,,,,,,,,,,,,,,,,,,,,,,,,,,,,,,,,,,,,136.0,137.0,137.0,137.0,139.0,142.0,143.0,145.0,146.0,148
s6ZXZjQC2Lg,,,,,,,,,,,,,,,,,,,,,,,,,,,,,,,,,,,,,,,,,,,,,,,,,,,,,,,,,,,,,,,,,,,,,,,,,,,,,,,,,,,,,,,,,,,,,,,,,,,,,,,,,,,,,,,,,,,,,,,,,,,,,,,,,,,,,,,,,,,,,,,,,,,,,,,,,,,,,,,,,,,,,,,,,,,,,,,,,,,,,,,,,,,,,,,,,,,,,,,,19.0,19.0,19.0,19.0,19.0,19.0,19.0,19.0,19
61BlKzBlyLk,,,,,,,,,,,,,,,,,,,,,,,,,,,,,,,,,,,,,,,,,,,,,,,,,,,,,,,,,,,,,,,,,,,,,,,,,,,,,,,,,,,,,,,,,,,,,,,,,,,,,,,,,,,,,,,,,,,,,,,,,,,,,,,,,,,,,,,,,,,,,,,,,,,,,,,,,,,,,,,,,,,,,,,,,,,,,,,,,,,,,,,,,,,,,,,,,,,,,,,,0.0,0.0,0.0,0.0,0.0,0.0,0.0,0.0,0
rQSIEPYQRV8,,,,,,,,,,,,,,,,,,,,,,,,,,,,,,,,,,,,,,,,,,,,,,,,,,,,,,,,,,,,,,,,,,,,,,,,,,,,,,,,,,,,,,,,,,,,,,,,,,,,,,,,,,,,,,,,,,,,,,,,,,,,,,,,,,,,,,,,,,,,,,,,,,,,,,,,,,,,,,,,,,,,,,,,,,,,,,,,,,,,,,,,,,,,,,,,,,,,,,,,21.0,21.0,21.0,21.0,21.0,21.0,21.0,21.0,21
2temW8Itjl0,,,,,,,,,,,,,,,,,,,,,,,,,,,,,,,,,,,,,,,,,,,,,,,,,,,,,,,,,,,,,,,,,,,,,,,,,,,,,,,,,,,,,,,,,,,,,,,,,,,,,,,,,,,,,,,,,,,,,,,,,,,,,,,,,,,,,,,,,,,,,,,,,,,,,,,,,,,,,,,,,,,,,,,,,,,,,,,,,,,,,,,,,,,,,,,,,,,,,,,,0.0,0.0,0.0,0.0,0.0,0.0,0.0,0.0,0
l3qch9IvJsQ,,,,,,,,,,,,,,,,,,,,,,,,,,,,,,,,,,,,,,,,,,,,,,,,,,,,,,,,,,,,,,,,,,,,,,,,,,,,,,,,,,,,,,,,,,,,,,,,,,,,,,,,,,,,,,,,,,,,,,,,,,,,,,,,,,,,,,,,,,,,,,,,,,,,,,,,,,,,,,,,,,,,,,,,,,,,,,,,,,,,,,,,,,,,,,,,,,,,,,,,3.0,3.0,3.0,3.0,3.0,3.0,3.0,3.0,3
k-ii2fg-KCo,,,,,,,,,,,,,,,,,,,,,,,,,,,,,,,,,,,,,,,,,,,,,,,,,,,,,,,,,,,,,,,,,,,,,,,,,,,,,,,,,,,,,,,,,,,,,,,,,,,,,,,,,,,,,,,,,,,,,,,,,,,,,,,,,,,,,,,,,,,,,,,,,,,,,,,,,,,,,,,,,,,,,,,,,,,,,,,,,,,,,,,,,,,,,,,,,,,,,,,,45.0,45.0,45.0,45.0,45.0,45.0,45.0,45.0,45
k_DekEEtkZc,,,,,,,,,,,,,,,,,,,,,,,,,,,,,,,,,,,,,,,,,,,,,,,,,,,,,,,,,,,,,,,,,,,,,,,,,,,,,,,,,,,,,,,,,,,,,,,,,,,,,,,,,,,,,,,,,,,,,,,,,,,,,,,,,,,,,,,,,,,,,,,,,,,,,,,,,,,,,,,,,,,,,,,,,,,,,,,,,,,,,,,,,,,,,,,,,,,,,,,,0.0,0.0,0.0,0.0,0.0,0.0,0.0,0.0,0
m2DcE6wljog,,,,,,,,,,,,,,,,,,,,,,,,,,,,,,,,,,,,,,,,,,,,,,,,,,,,,,,,,,,,,,,,,,,,,,,,,,,,,,,,,,,,,,,,,,,,,,,,,,,,,,,,,,,,,,,,,,,,,,,,,,,,,,,,,,,,,,,,,,,,,,,,,,,,,,,,,,,,,,,,,,,,,,,,,,,,,,,,,,,,,,,,,,,,,,,,,,,,,,,,12.0,12.0,12.0,12.0,12.0,12.0,12.0,12.0,12
8C_ql9OQ3K8,,,,,,,,,,,,,,,,,,,,,,,,,,,,,,,,,,,,,,,,,,,,,,,,,,,,,,,,,,,,,,,,,,,,,,,,,,,,,,,,,,,,,,,,,,,,,,,,,,,,,,,,,,,,,,,,,,,,,,,,,,,,,,,,,,,,,,,,,,,,,,,,,,,,,,,,,,,,,,,,,,,,,,,,,,,,,,,,,,,,,,,,,,,,,,,,,,,,,,,,5.0,5.0,5.0,5.0,5.0,5.0,5.0,5.0,5
gnNNVo3CegM,,,,,,,,,,,,,,,,,,,,,,,,,,,,,,,,,,,,,,,,,,,,,,,,,,,,,,,,,,,,,,,,,,,,,,,,,,,,,,,,,,,,,,,,,,,,,,,,,,,,,,,,,,,,,,,,,,,,,,,,,,,,,,,,,,,,,,,,,,,,,,,,,,,,,,,,,,,,,,,,,,,,,,,,,,,,,,,,,,,,,,,,,,,,,,,,,,,,,,,,78.0,78.0,78.0,76.0,76.0,77.0,77.0,77.0,77
Kf3j_9gEg6M,,,,,,,,,,,,,,,,,,,,,,,,,,,,,,,,,,,,,,,,,,,,,,,,,,,,,,,,,,,,,,,,,,,,,,,,,,,,,,,,,,,,,,,,,,,,,,,,,,,,,,,,,,,,,,,,,,,,,,,,,,,,,,,,,,,,,,,,,,,,,,,,,,,,,,,,,,,,,,,,,,,,,,,,,,,,,,,,,,,,,,,,,,,,,,,,,,,,,,,,1.0,1.0,1.0,1.0,1.0,1.0,1.0,1.0,1
FhaZVdjOFqU,,,,,,,,,,,,,,,,,,,,,,,,,,,,,,,,,,,,,,,,,,,,,,,,,,,,,,,,,,,,,,,,,,,,,,,,,,,,,,,,,,,,,,,,,,,,,,,,,,,,,,,,,,,,,,,,,,,,,,,,,,,,,,,,,,,,,,,,,,,,,,,,,,,,,,,,,,,,,,,,,,,,,,,,,,,,,,,,,,,,,,,,,,,,,,,,,,,,,,,,9.0,9.0,9.0,9.0,9.0,9.0,9.0,9.0,9
y3QEFayp_Vs,,,,,,,,,,,,,,,,,,,,,,,,,,,,,,,,,,,,,,,,,,,,,,,,,,,,,,,,,,,,,,,,,,,,,,,,,,,,,,,,,,,,,,,,,,,,,,,,,,,,,,,,,,,,,,,,,,,,,,,,,,,,,,,,,,,,,,,,,,,,,,,,,,,,,,,,,,,,,,,,,,,,,,,,,,,,,,,,,,,,,,,,,,,,,,,,,,,,,,,,6.0,6.0,6.0,6.0,6.0,6.0,6.0,6.0,6
lpNr3akwajI,,,,,,,,,,,,,,,,,,,,,,,,,,,,,,,,,,,,,,,,,,,,,,,,,,,,,,,,,,,,,,,,,,,,,,,,,,,,,,,,,,,,,,,,,,,,,,,,,,,,,,,,,,,,,,,,,,,,,,,,,,,,,,,,,,,,,,,,,,,,,,,,,,,,,,,,,,,,,,,,,,,,,,,,,,,,,,,,,,,,,,,,,,,,,,,,,,,,,,,,29.0,29.0,29.0,29.0,28.0,28.0,28.0,28.0,28
oAXOJqTAGUc,,,,,,,,,,,,,,,,,,,,,,,,,,,,,,,,,,,,,,,,,,,,,,,,,,,,,,,,,,,,,,,,,,,,,,,,,,,,,,,,,,,,,,,,,,,,,,,,,,,,,,,,,,,,,,,,,,,,,,,,,,,,,,,,,,,,,,,,,,,,,,,,,,,,,,,,,,,,,,,,,,,,,,,,,,,,,,,,,,,,,,,,,,,,,,,,,,,,,,,,22.0,22.0,23.0,23.0,23.0,23.0,23.0,24.0,24
ywtFbWisyCc,,,,,,,,,,,,,,,,,,,,,,,,,,,,,,,,,,,,,,,,,,,,,,,,,,,,,,,,,,,,,,,,,,,,,,,,,,,,,,,,,,,,,,,,,,,,,,,,,,,,,,,,,,,,,,,,,,,,,,,,,,,,,,,,,,,,,,,,,,,,,,,,,,,,,,,,,,,,,,,,,,,,,,,,,,,,,,,,,,,,,,,,,,,,,,,,,,,,,,,,10.0,10.0,10.0,10.0,10.0,10.0,10.0,10.0,10
7l0yxTKiJsE,,,,,,,,,,,,,,,,,,,,,,,,,,,,,,,,,,,,,,,,,,,,,,,,,,,,,,,,,,,,,,,,,,,,,,,,,,,,,,,,,,,,,,,,,,,,,,,,,,,,,,,,,,,,,,,,,,,,,,,,,,,,,,,,,,,,,,,,,,,,,,,,,,,,,,,,,,,,,,,,,,,,,,,,,,,,,,,,,,,,,,,,,,,,,,,,,,,,,,,,0.0,0.0,1.0,1.0,1.0,3.0,3.0,3.0,3
7BWkwYqpnzo,,,,,,,,,,,,,,,,,,,,,,,,,,,,,,,,,,,,,,,,,,,,,,,,,,,,,,,,,,,,,,,,,,,,,,,,,,,,,,,,,,,,,,,,,,,,,,,,,,,,,,,,,,,,,,,,,,,,,,,,,,,,,,,,,,,,,,,,,,,,,,,,,,,,,,,,,,,,,,,,,,,,,,,,,,,,,,,,,,,,,,,,,,,,,,,,,,,,,,,,0.0,0.0,0.0,0.0,0.0,0.0,0.0,0.0,0
2CsQyB-Psys,,,,,,,,,,,,,,,,,,,,,,,,,,,,,,,,,,,,,,,,,,,,,,,,,,,,,,,,,,,,,,,,,,,,,,,,,,,,,,,,,,,,,,,,,,,,,,,,,,,,,,,,,,,,,,,,,,,,,,,,,,,,,,,,,,,,,,,,,,,,,,,,,,,,,,,,,,,,,,,,,,,,,,,,,,,,,,,,,,,,,,,,,,,,,,,,,,,,,,,,374.0,540.0,641.0,737.0,2072.0,2115.0,2145.0,2153.0,2159
qofaoTox0o0,,,,,,,,,,,,,,,,,,,,,,,,,,,,,,,,,,,,,,,,,,,,,,,,,,,,,,,,,,,,,,,,,,,,,,,,,,,,,,,,,,,,,,,,,,,,,,,,,,,,,,,,,,,,,,,,,,,,,,,,,,,,,,,,,,,,,,,,,,,,,,,,,,,,,,,,,,,,,,,,,,,,,,,,,,,,,,,,,,,,,,,,,,,,,,,,,,,,,,,,25.0,25.0,25.0,25.0,25.0,25.0,25.0,26.0,26
h0aDQHxrlrw,,,,,,,,,,,,,,,,,,,,,,,,,,,,,,,,,,,,,,,,,,,,,,,,,,,,,,,,,,,,,,,,,,,,,,,,,,,,,,,,,,,,,,,,,,,,,,,,,,,,,,,,,,,,,,,,,,,,,,,,,,,,,,,,,,,,,,,,,,,,,,,,,,,,,,,,,,,,,,,,,,,,,,,,,,,,,,,,,,,,,,,,,,,,,,,,,,,,,,,,21.0,21.0,21.0,21.0,22.0,22.0,23.0,23.0,23
r3MVdGLkJFw,,,,,,,,,,,,,,,,,,,,,,,,,,,,,,,,,,,,,,,,,,,,,,,,,,,,,,,,,,,,,,,,,,,,,,,,,,,,,,,,,,,,,,,,,,,,,,,,,,,,,,,,,,,,,,,,,,,,,,,,,,,,,,,,,,,,,,,,,,,,,,,,,,,,,,,,,,,,,,,,,,,,,,,,,,,,,,,,,,,,,,,,,,,,,,,,,,,,,,,,748.0,755.0,764.0,775.0,781.0,785.0,795.0,802.0,812
Rt6OFAnX7pI,,,,,,,,,,,,,,,,,,,,,,,,,,,,,,,,,,,,,,,,,,,,,,,,,,,,,,,,,,,,,,,,,,,,,,,,,,,,,,,,,,,,,,,,,,,,,,,,,,,,,,,,,,,,,,,,,,,,,,,,,,,,,,,,,,,,,,,,,,,,,,,,,,,,,,,,,,,,,,,,,,,,,,,,,,,,,,,,,,,,,,,,,,,,,,,,,,,,,,,,0.0,0.0,0.0,0.0,0.0,0.0,0.0,0.0,0
J-mE0MhouOI,,,,,,,,,,,,,,,,,,,,,,,,,,,,,,,,,,,,,,,,,,,,,,,,,,,,,,,,,,,,,,,,,,,,,,,,,,,,,,,,,,,,,,,,,,,,,,,,,,,,,,,,,,,,,,,,,,,,,,,,,,,,,,,,,,,,,,,,,,,,,,,,,,,,,,,,,,,,,,,,,,,,,,,,,,,,,,,,,,,,,,,,,,,,,,,,,,,,,,,,83.0,83.0,83.0,83.0,83.0,83.0,83.0,83.0,83
9WijUe_fY2s,,,,,,,,,,,,,,,,,,,,,,,,,,,,,,,,,,,,,,,,,,,,,,,,,,,,,,,,,,,,,,,,,,,,,,,,,,,,,,,,,,,,,,,,,,,,,,,,,,,,,,,,,,,,,,,,,,,,,,,,,,,,,,,,,,,,,,,,,,,,,,,,,,,,,,,,,,,,,,,,,,,,,,,,,,,,,,,,,,,,,,,,,,,,,,,,,,,,,,,,128.0,175.0,190.0,197.0,204.0,205.0,209.0,209.0,210
sRRXsbdZRus,,,,,,,,,,,,,,,,,,,,,,,,,,,,,,,,,,,,,,,,,,,,,,,,,,,,,,,,,,,,,,,,,,,,,,,,,,,,,,,,,,,,,,,,,,,,,,,,,,,,,,,,,,,,,,,,,,,,,,,,,,,,,,,,,,,,,,,,,,,,,,,,,,,,,,,,,,,,,,,,,,,,,,,,,,,,,,,,,,,,,,,,,,,,,,,,,,,,,,,,4.0,4.0,4.0,4.0,4.0,4.0,4.0,4.0,4
ht6vMRu8-ss,,,,,,,,,,,,,,,,,,,,,,,,,,,,,,,,,,,,,,,,,,,,,,,,,,,,,,,,,,,,,,,,,,,,,,,,,,,,,,,,,,,,,,,,,,,,,,,,,,,,,,,,,,,,,,,,,,,,,,,,,,,,,,,,,,,,,,,,,,,,,,,,,,,,,,,,,,,,,,,,,,,,,,,,,,,,,,,,,,,,,,,,,,,,,,,,,,,,,,,,6.0,6.0,6.0,6.0,8.0,10.0,10.0,11.0,11
cuZM6yuDN2Q,,,,,,,,,,,,,,,,,,,,,,,,,,,,,,,,,,,,,,,,,,,,,,,,,,,,,,,,,,,,,,,,,,,,,,,,,,,,,,,,,,,,,,,,,,,,,,,,,,,,,,,,,,,,,,,,,,,,,,,,,,,,,,,,,,,,,,,,,,,,,,,,,,,,,,,,,,,,,,,,,,,,,,,,,,,,,,,,,,,,,,,,,,,,,,,,,,,,,,,,0.0,0.0,0.0,0.0,0.0,0.0,0.0,0.0,0
8QuIlXWdRos,,,,,,,,,,,,,,,,,,,,,,,,,,,,,,,,,,,,,,,,,,,,,,,,,,,,,,,,,,,,,,,,,,,,,,,,,,,,,,,,,,,,,,,,,,,,,,,,,,,,,,,,,,,,,,,,,,,,,,,,,,,,,,,,,,,,,,,,,,,,,,,,,,,,,,,,,,,,,,,,,,,,,,,,,,,,,,,,,,,,,,,,,,,,,,,,,,,,,,,,163.0,180.0,189.0,198.0,201.0,204.0,207.0,214.0,218
NMZrUrV4ZzY,,,,,,,,,,,,,,,,,,,,,,,,,,,,,,,,,,,,,,,,,,,,,,,,,,,,,,,,,,,,,,,,,,,,,,,,,,,,,,,,,,,,,,,,,,,,,,,,,,,,,,,,,,,,,,,,,,,,,,,,,,,,,,,,,,,,,,,,,,,,,,,,,,,,,,,,,,,,,,,,,,,,,,,,,,,,,,,,,,,,,,,,,,,,,,,,,,,,,,,,49.0,60.0,69.0,82.0,83.0,88.0,94.0,96.0,98
hiS86OuOXGY,,,,,,,,,,,,,,,,,,,,,,,,,,,,,,,,,,,,,,,,,,,,,,,,,,,,,,,,,,,,,,,,,,,,,,,,,,,,,,,,,,,,,,,,,,,,,,,,,,,,,,,,,,,,,,,,,,,,,,,,,,,,,,,,,,,,,,,,,,,,,,,,,,,,,,,,,,,,,,,,,,,,,,,,,,,,,,,,,,,,,,,,,,,,,,,,,,,,,,,,4.0,4.0,5.0,5.0,5.0,5.0,5.0,5.0,5
i0eY_oxPbgM,,,,,,,,,,,,,,,,,,,,,,,,,,,,,,,,,,,,,,,,,,,,,,,,,,,,,,,,,,,,,,,,,,,,,,,,,,,,,,,,,,,,,,,,,,,,,,,,,,,,,,,,,,,,,,,,,,,,,,,,,,,,,,,,,,,,,,,,,,,,,,,,,,,,,,,,,,,,,,,,,,,,,,,,,,,,,,,,,,,,,,,,,,,,,,,,,,,,,,,,3.0,3.0,3.0,3.0,3.0,3.0,3.0,3.0,3
v7aBko2tWEE,,,,,,,,,,,,,,,,,,,,,,,,,,,,,,,,,,,,,,,,,,,,,,,,,,,,,,,,,,,,,,,,,,,,,,,,,,,,,,,,,,,,,,,,,,,,,,,,,,,,,,,,,,,,,,,,,,,,,,,,,,,,,,,,,,,,,,,,,,,,,,,,,,,,,,,,,,,,,,,,,,,,,,,,,,,,,,,,,,,,,,,,,,,,,,,,,,,,,,,,2.0,3.0,3.0,7.0,7.0,7.0,7.0,7.0,10
PuWwh0w4z7c,,,,,,,,,,,,,,,,,,,,,,,,,,,,,,,,,,,,,,,,,,,,,,,,,,,,,,,,,,,,,,,,,,,,,,,,,,,,,,,,,,,,,,,,,,,,,,,,,,,,,,,,,,,,,,,,,,,,,,,,,,,,,,,,,,,,,,,,,,,,,,,,,,,,,,,,,,,,,,,,,,,,,,,,,,,,,,,,,,,,,,,,,,,,,,,,,,,,,,,,,417.0,832.0,1040.0,1231.0,1384.0,1526.0,1654.0,1757
sLk8zWUuYTA,,,,,,,,,,,,,,,,,,,,,,,,,,,,,,,,,,,,,,,,,,,,,,,,,,,,,,,,,,,,,,,,,,,,,,,,,,,,,,,,,,,,,,,,,,,,,,,,,,,,,,,,,,,,,,,,,,,,,,,,,,,,,,,,,,,,,,,,,,,,,,,,,,,,,,,,,,,,,,,,,,,,,,,,,,,,,,,,,,,,,,,,,,,,,,,,,,,,,,,,,3960.0,5235.0,5748.0,6020.0,6182.0,6316.0,6418.0,6488
GmDldaNGl2k,,,,,,,,,,,,,,,,,,,,,,,,,,,,,,,,,,,,,,,,,,,,,,,,,,,,,,,,,,,,,,,,,,,,,,,,,,,,,,,,,,,,,,,,,,,,,,,,,,,,,,,,,,,,,,,,,,,,,,,,,,,,,,,,,,,,,,,,,,,,,,,,,,,,,,,,,,,,,,,,,,,,,,,,,,,,,,,,,,,,,,,,,,,,,,,,,,,,,,,,,,6.0,6.0,6.0,6.0,6.0,6.0,6
eHUsqmQqvcQ,,,,,,,,,,,,,,,,,,,,,,,,,,,,,,,,,,,,,,,,,,,,,,,,,,,,,,,,,,,,,,,,,,,,,,,,,,,,,,,,,,,,,,,,,,,,,,,,,,,,,,,,,,,,,,,,,,,,,,,,,,,,,,,,,,,,,,,,,,,,,,,,,,,,,,,,,,,,,,,,,,,,,,,,,,,,,,,,,,,,,,,,,,,,,,,,,,,,,,,,,,2648.0,3327.0,3657.0,3853.0,3959.0,4052.0,4126
QJa8TKXNavc,,,,,,,,,,,,,,,,,,,,,,,,,,,,,,,,,,,,,,,,,,,,,,,,,,,,,,,,,,,,,,,,,,,,,,,,,,,,,,,,,,,,,,,,,,,,,,,,,,,,,,,,,,,,,,,,,,,,,,,,,,,,,,,,,,,,,,,,,,,,,,,,,,,,,,,,,,,,,,,,,,,,,,,,,,,,,,,,,,,,,,,,,,,,,,,,,,,,,,,,,,1011.0,2487.0,3385.0,3705.0,3862.0,3981.0,4069
8_nFOjXsFMM,,,,,,,,,,,,,,,,,,,,,,,,,,,,,,,,,,,,,,,,,,,,,,,,,,,,,,,,,,,,,,,,,,,,,,,,,,,,,,,,,,,,,,,,,,,,,,,,,,,,,,,,,,,,,,,,,,,,,,,,,,,,,,,,,,,,,,,,,,,,,,,,,,,,,,,,,,,,,,,,,,,,,,,,,,,,,,,,,,,,,,,,,,,,,,,,,,,,,,,,,,511.0,569.0,591.0,596.0,611.0,615.0,616
pVrTAE6oOPY,,,,,,,,,,,,,,,,,,,,,,,,,,,,,,,,,,,,,,,,,,,,,,,,,,,,,,,,,,,,,,,,,,,,,,,,,,,,,,,,,,,,,,,,,,,,,,,,,,,,,,,,,,,,,,,,,,,,,,,,,,,,,,,,,,,,,,,,,,,,,,,,,,,,,,,,,,,,,,,,,,,,,,,,,,,,,,,,,,,,,,,,,,,,,,,,,,,,,,,,,,1782.0,2704.0,2933.0,3026.0,3112.0,3166.0,3206
LH9doiUN6Fc,,,,,,,,,,,,,,,,,,,,,,,,,,,,,,,,,,,,,,,,,,,,,,,,,,,,,,,,,,,,,,,,,,,,,,,,,,,,,,,,,,,,,,,,,,,,,,,,,,,,,,,,,,,,,,,,,,,,,,,,,,,,,,,,,,,,,,,,,,,,,,,,,,,,,,,,,,,,,,,,,,,,,,,,,,,,,,,,,,,,,,,,,,,,,,,,,,,,,,,,,,7.0,7.0,12.0,14.0,15.0,15.0,16
iDHCphGno9I,,,,,,,,,,,,,,,,,,,,,,,,,,,,,,,,,,,,,,,,,,,,,,,,,,,,,,,,,,,,,,,,,,,,,,,,,,,,,,,,,,,,,,,,,,,,,,,,,,,,,,,,,,,,,,,,,,,,,,,,,,,,,,,,,,,,,,,,,,,,,,,,,,,,,,,,,,,,,,,,,,,,,,,,,,,,,,,,,,,,,,,,,,,,,,,,,,,,,,,,,,4.0,5.0,8.0,8.0,8.0,8.0,8
9m7ivTC1Ecw,,,,,,,,,,,,,,,,,,,,,,,,,,,,,,,,,,,,,,,,,,,,,,,,,,,,,,,,,,,,,,,,,,,,,,,,,,,,,,,,,,,,,,,,,,,,,,,,,,,,,,,,,,,,,,,,,,,,,,,,,,,,,,,,,,,,,,,,,,,,,,,,,,,,,,,,,,,,,,,,,,,,,,,,,,,,,,,,,,,,,,,,,,,,,,,,,,,,,,,,,,0.0,0.0,0.0,0.0,0.0,0.0,0
gKR6GqFL1J4,,,,,,,,,,,,,,,,,,,,,,,,,,,,,,,,,,,,,,,,,,,,,,,,,,,,,,,,,,,,,,,,,,,,,,,,,,,,,,,,,,,,,,,,,,,,,,,,,,,,,,,,,,,,,,,,,,,,,,,,,,,,,,,,,,,,,,,,,,,,,,,,,,,,,,,,,,,,,,,,,,,,,,,,,,,,,,,,,,,,,,,,,,,,,,,,,,,,,,,,,,23.0,23.0,23.0,23.0,23.0,23.0,23
xgjGNin7v78,,,,,,,,,,,,,,,,,,,,,,,,,,,,,,,,,,,,,,,,,,,,,,,,,,,,,,,,,,,,,,,,,,,,,,,,,,,,,,,,,,,,,,,,,,,,,,,,,,,,,,,,,,,,,,,,,,,,,,,,,,,,,,,,,,,,,,,,,,,,,,,,,,,,,,,,,,,,,,,,,,,,,,,,,,,,,,,,,,,,,,,,,,,,,,,,,,,,,,,,,,9.0,9.0,9.0,9.0,9.0,9.0,9
Yg-URsbYdXo,,,,,,,,,,,,,,,,,,,,,,,,,,,,,,,,,,,,,,,,,,,,,,,,,,,,,,,,,,,,,,,,,,,,,,,,,,,,,,,,,,,,,,,,,,,,,,,,,,,,,,,,,,,,,,,,,,,,,,,,,,,,,,,,,,,,,,,,,,,,,,,,,,,,,,,,,,,,,,,,,,,,,,,,,,,,,,,,,,,,,,,,,,,,,,,,,,,,,,,,,,266.0,393.0,448.0,488.0,513.0,531.0,546
uh_DpK2xFiE,,,,,,,,,,,,,,,,,,,,,,,,,,,,,,,,,,,,,,,,,,,,,,,,,,,,,,,,,,,,,,,,,,,,,,,,,,,,,,,,,,,,,,,,,,,,,,,,,,,,,,,,,,,,,,,,,,,,,,,,,,,,,,,,,,,,,,,,,,,,,,,,,,,,,,,,,,,,,,,,,,,,,,,,,,,,,,,,,,,,,,,,,,,,,,,,,,,,,,,,,,4254.0,6798.0,7890.0,8792.0,9527.0,10259.0,10670
6TkwYxH-8_g,,,,,,,,,,,,,,,,,,,,,,,,,,,,,,,,,,,,,,,,,,,,,,,,,,,,,,,,,,,,,,,,,,,,,,,,,,,,,,,,,,,,,,,,,,,,,,,,,,,,,,,,,,,,,,,,,,,,,,,,,,,,,,,,,,,,,,,,,,,,,,,,,,,,,,,,,,,,,,,,,,,,,,,,,,,,,,,,,,,,,,,,,,,,,,,,,,,,,,,,,,,,,,,,
SN1YrsdKh8w,,,,,,,,,,,,,,,,,,,,,,,,,,,,,,,,,,,,,,,,,,,,,,,,,,,,,,,,,,,,,,,,,,,,,,,,,,,,,,,,,,,,,,,,,,,,,,,,,,,,,,,,,,,,,,,,,,,,,,,,,,,,,,,,,,,,,,,,,,,,,,,,,,,,,,,,,,,,,,,,,,,,,,,,,,,,,,,,,,,,,,,,,,,,,,,,,,,,,,,,,,,76.0,88.0,98.0,105.0,112.0,120
_cSciVF1FpY,,,,,,,,,,,,,,,,,,,,,,,,,,,,,,,,,,,,,,,,,,,,,,,,,,,,,,,,,,,,,,,,,,,,,,,,,,,,,,,,,,,,,,,,,,,,,,,,,,,,,,,,,,,,,,,,,,,,,,,,,,,,,,,,,,,,,,,,,,,,,,,,,,,,,,,,,,,,,,,,,,,,,,,,,,,,,,,,,,,,,,,,,,,,,,,,,,,,,,,,,,,0.0,25.0,33.0,39.0,54.0,62
dMf6YlGsv0U,,,,,,,,,,,,,,,,,,,,,,,,,,,,,,,,,,,,,,,,,,,,,,,,,,,,,,,,,,,,,,,,,,,,,,,,,,,,,,,,,,,,,,,,,,,,,,,,,,,,,,,,,,,,,,,,,,,,,,,,,,,,,,,,,,,,,,,,,,,,,,,,,,,,,,,,,,,,,,,,,,,,,,,,,,,,,,,,,,,,,,,,,,,,,,,,,,,,,,,,,,,2242.0,4187.0,5053.0,5576.0,5942.0,6259
PQvGzyAnQ_M,,,,,,,,,,,,,,,,,,,,,,,,,,,,,,,,,,,,,,,,,,,,,,,,,,,,,,,,,,,,,,,,,,,,,,,,,,,,,,,,,,,,,,,,,,,,,,,,,,,,,,,,,,,,,,,,,,,,,,,,,,,,,,,,,,,,,,,,,,,,,,,,,,,,,,,,,,,,,,,,,,,,,,,,,,,,,,,,,,,,,,,,,,,,,,,,,,,,,,,,,,,84.0,86.0,87.0,87.0,89.0,89
e_njstiXD40,,,,,,,,,,,,,,,,,,,,,,,,,,,,,,,,,,,,,,,,,,,,,,,,,,,,,,,,,,,,,,,,,,,,,,,,,,,,,,,,,,,,,,,,,,,,,,,,,,,,,,,,,,,,,,,,,,,,,,,,,,,,,,,,,,,,,,,,,,,,,,,,,,,,,,,,,,,,,,,,,,,,,,,,,,,,,,,,,,,,,,,,,,,,,,,,,,,,,,,,,,,675.0,850.0,919.0,950.0,975.0,1004
z35xVQt3lAc,,,,,,,,,,,,,,,,,,,,,,,,,,,,,,,,,,,,,,,,,,,,,,,,,,,,,,,,,,,,,,,,,,,,,,,,,,,,,,,,,,,,,,,,,,,,,,,,,,,,,,,,,,,,,,,,,,,,,,,,,,,,,,,,,,,,,,,,,,,,,,,,,,,,,,,,,,,,,,,,,,,,,,,,,,,,,,,,,,,,,,,,,,,,,,,,,,,,,,,,,,,26.0,37.0,47.0,51.0,59.0,63
P_oxx3_VpIY,,,,,,,,,,,,,,,,,,,,,,,,,,,,,,,,,,,,,,,,,,,,,,,,,,,,,,,,,,,,,,,,,,,,,,,,,,,,,,,,,,,,,,,,,,,,,,,,,,,,,,,,,,,,,,,,,,,,,,,,,,,,,,,,,,,,,,,,,,,,,,,,,,,,,,,,,,,,,,,,,,,,,,,,,,,,,,,,,,,,,,,,,,,,,,,,,,,,,,,,,,,,1233.0,1477.0,1576.0,1659.0,1704
TZ_yEXvJcYA,,,,,,,,,,,,,,,,,,,,,,,,,,,,,,,,,,,,,,,,,,,,,,,,,,,,,,,,,,,,,,,,,,,,,,,,,,,,,,,,,,,,,,,,,,,,,,,,,,,,,,,,,,,,,,,,,,,,,,,,,,,,,,,,,,,,,,,,,,,,,,,,,,,,,,,,,,,,,,,,,,,,,,,,,,,,,,,,,,,,,,,,,,,,,,,,,,,,,,,,,,,,1522.0,1829.0,1967.0,2036.0,2074
82BJ_R2m-oU,,,,,,,,,,,,,,,,,,,,,,,,,,,,,,,,,,,,,,,,,,,,,,,,,,,,,,,,,,,,,,,,,,,,,,,,,,,,,,,,,,,,,,,,,,,,,,,,,,,,,,,,,,,,,,,,,,,,,,,,,,,,,,,,,,,,,,,,,,,,,,,,,,,,,,,,,,,,,,,,,,,,,,,,,,,,,,,,,,,,,,,,,,,,,,,,,,,,,,,,,,,,10.0,11.0,12.0,12.0,13
C85geWMmxI4,,,,,,,,,,,,,,,,,,,,,,,,,,,,,,,,,,,,,,,,,,,,,,,,,,,,,,,,,,,,,,,,,,,,,,,,,,,,,,,,,,,,,,,,,,,,,,,,,,,,,,,,,,,,,,,,,,,,,,,,,,,,,,,,,,,,,,,,,,,,,,,,,,,,,,,,,,,,,,,,,,,,,,,,,,,,,,,,,,,,,,,,,,,,,,,,,,,,,,,,,,,,0.0,0.0,0.0,0.0,0
_IT83Y_HcAw,,,,,,,,,,,,,,,,,,,,,,,,,,,,,,,,,,,,,,,,,,,,,,,,,,,,,,,,,,,,,,,,,,,,,,,,,,,,,,,,,,,,,,,,,,,,,,,,,,,,,,,,,,,,,,,,,,,,,,,,,,,,,,,,,,,,,,,,,,,,,,,,,,,,,,,,,,,,,,,,,,,,,,,,,,,,,,,,,,,,,,,,,,,,,,,,,,,,,,,,,,,,49553.0,59894.0,62775.0,64735.0,66041
m7k9UMcHbr0,,,,,,,,,,,,,,,,,,,,,,,,,,,,,,,,,,,,,,,,,,,,,,,,,,,,,,,,,,,,,,,,,,,,,,,,,,,,,,,,,,,,,,,,,,,,,,,,,,,,,,,,,,,,,,,,,,,,,,,,,,,,,,,,,,,,,,,,,,,,,,,,,,,,,,,,,,,,,,,,,,,,,,,,,,,,,,,,,,,,,,,,,,,,,,,,,,,,,,,,,,,,87786.0,105267.0,111155.0,114755.0,117444
2YB5HK9-9Sc,,,,,,,,,,,,,,,,,,,,,,,,,,,,,,,,,,,,,,,,,,,,,,,,,,,,,,,,,,,,,,,,,,,,,,,,,,,,,,,,,,,,,,,,,,,,,,,,,,,,,,,,,,,,,,,,,,,,,,,,,,,,,,,,,,,,,,,,,,,,,,,,,,,,,,,,,,,,,,,,,,,,,,,,,,,,,,,,,,,,,,,,,,,,,,,,,,,,,,,,,,,,33.0,54.0,60.0,67.0,73
TZ_yEXvJcYA,,,,,,,,,,,,,,,,,,,,,,,,,,,,,,,,,,,,,,,,,,,,,,,,,,,,,,,,,,,,,,,,,,,,,,,,,,,,,,,,,,,,,,,,,,,,,,,,,,,,,,,,,,,,,,,,,,,,,,,,,,,,,,,,,,,,,,,,,,,,,,,,,,,,,,,,,,,,,,,,,,,,,,,,,,,,,,,,,,,,,,,,,,,,,,,,,,,,,,,,,,,,1522.0,1829.0,1967.0,2036.0,2074
0ijm2Xui5N8,,,,,,,,,,,,,,,,,,,,,,,,,,,,,,,,,,,,,,,,,,,,,,,,,,,,,,,,,,,,,,,,,,,,,,,,,,,,,,,,,,,,,,,,,,,,,,,,,,,,,,,,,,,,,,,,,,,,,,,,,,,,,,,,,,,,,,,,,,,,,,,,,,,,,,,,,,,,,,,,,,,,,,,,,,,,,,,,,,,,,,,,,,,,,,,,,,,,,,,,,,,,4626.0,5466.0,5912.0,6277.0,6579
IJSAN2G64k8,,,,,,,,,,,,,,,,,,,,,,,,,,,,,,,,,,,,,,,,,,,,,,,,,,,,,,,,,,,,,,,,,,,,,,,,,,,,,,,,,,,,,,,,,,,,,,,,,,,,,,,,,,,,,,,,,,,,,,,,,,,,,,,,,,,,,,,,,,,,,,,,,,,,,,,,,,,,,,,,,,,,,,,,,,,,,,,,,,,,,,,,,,,,,,,,,,,,,,,,,,,,58.0,58.0,58.0,58.0,58
rsJJUGAMCnk,,,,,,,,,,,,,,,,,,,,,,,,,,,,,,,,,,,,,,,,,,,,,,,,,,,,,,,,,,,,,,,,,,,,,,,,,,,,,,,,,,,,,,,,,,,,,,,,,,,,,,,,,,,,,,,,,,,,,,,,,,,,,,,,,,,,,,,,,,,,,,,,,,,,,,,,,,,,,,,,,,,,,,,,,,,,,,,,,,,,,,,,,,,,,,,,,,,,,,,,,,,,47.0,47.0,47.0,47.0,47
gjo5NG3GtQs,,,,,,,,,,,,,,,,,,,,,,,,,,,,,,,,,,,,,,,,,,,,,,,,,,,,,,,,,,,,,,,,,,,,,,,,,,,,,,,,,,,,,,,,,,,,,,,,,,,,,,,,,,,,,,,,,,,,,,,,,,,,,,,,,,,,,,,,,,,,,,,,,,,,,,,,,,,,,,,,,,,,,,,,,,,,,,,,,,,,,,,,,,,,,,,,,,,,,,,,,,,,16.0,16.0,16.0,16.0,16
GJgaBM4NvOw,,,,,,,,,,,,,,,,,,,,,,,,,,,,,,,,,,,,,,,,,,,,,,,,,,,,,,,,,,,,,,,,,,,,,,,,,,,,,,,,,,,,,,,,,,,,,,,,,,,,,,,,,,,,,,,,,,,,,,,,,,,,,,,,,,,,,,,,,,,,,,,,,,,,,,,,,,,,,,,,,,,,,,,,,,,,,,,,,,,,,,,,,,,,,,,,,,,,,,,,,,,,776.0,1059.0,1288.0,1406.0,1493
lnxMBoLRhAE,,,,,,,,,,,,,,,,,,,,,,,,,,,,,,,,,,,,,,,,,,,,,,,,,,,,,,,,,,,,,,,,,,,,,,,,,,,,,,,,,,,,,,,,,,,,,,,,,,,,,,,,,,,,,,,,,,,,,,,,,,,,,,,,,,,,,,,,,,,,,,,,,,,,,,,,,,,,,,,,,,,,,,,,,,,,,,,,,,,,,,,,,,,,,,,,,,,,,,,,,,,,151.0,151.0,151.0,151.0,151
SojOcIefykk,,,,,,,,,,,,,,,,,,,,,,,,,,,,,,,,,,,,,,,,,,,,,,,,,,,,,,,,,,,,,,,,,,,,,,,,,,,,,,,,,,,,,,,,,,,,,,,,,,,,,,,,,,,,,,,,,,,,,,,,,,,,,,,,,,,,,,,,,,,,,,,,,,,,,,,,,,,,,,,,,,,,,,,,,,,,,,,,,,,,,,,,,,,,,,,,,,,,,,,,,,,,0.0,0.0,0.0,0.0,0
cDrzDzjqGZc,,,,,,,,,,,,,,,,,,,,,,,,,,,,,,,,,,,,,,,,,,,,,,,,,,,,,,,,,,,,,,,,,,,,,,,,,,,,,,,,,,,,,,,,,,,,,,,,,,,,,,,,,,,,,,,,,,,,,,,,,,,,,,,,,,,,,,,,,,,,,,,,,,,,,,,,,,,,,,,,,,,,,,,,,,,,,,,,,,,,,,,,,,,,,,,,,,,,,,,,,,,,,0.0,0.0,0.0,0
004zaWJECwg,,,,,,,,,,,,,,,,,,,,,,,,,,,,,,,,,,,,,,,,,,,,,,,,,,,,,,,,,,,,,,,,,,,,,,,,,,,,,,,,,,,,,,,,,,,,,,,,,,,,,,,,,,,,,,,,,,,,,,,,,,,,,,,,,,,,,,,,,,,,,,,,,,,,,,,,,,,,,,,,,,,,,,,,,,,,,,,,,,,,,,,,,,,,,,,,,,,,,,,,,,,,,22.0,22.0,22.0,22
GaQuOtVvA9A,,,,,,,,,,,,,,,,,,,,,,,,,,,,,,,,,,,,,,,,,,,,,,,,,,,,,,,,,,,,,,,,,,,,,,,,,,,,,,,,,,,,,,,,,,,,,,,,,,,,,,,,,,,,,,,,,,,,,,,,,,,,,,,,,,,,,,,,,,,,,,,,,,,,,,,,,,,,,,,,,,,,,,,,,,,,,,,,,,,,,,,,,,,,,,,,,,,,,,,,,,,,,133.0,133.0,133.0,133
OxSrmMWoLlM,,,,,,,,,,,,,,,,,,,,,,,,,,,,,,,,,,,,,,,,,,,,,,,,,,,,,,,,,,,,,,,,,,,,,,,,,,,,,,,,,,,,,,,,,,,,,,,,,,,,,,,,,,,,,,,,,,,,,,,,,,,,,,,,,,,,,,,,,,,,,,,,,,,,,,,,,,,,,,,,,,,,,,,,,,,,,,,,,,,,,,,,,,,,,,,,,,,,,,,,,,,,,1157.0,1166.0,1174.0,1181
84P30FTs4ac,,,,,,,,,,,,,,,,,,,,,,,,,,,,,,,,,,,,,,,,,,,,,,,,,,,,,,,,,,,,,,,,,,,,,,,,,,,,,,,,,,,,,,,,,,,,,,,,,,,,,,,,,,,,,,,,,,,,,,,,,,,,,,,,,,,,,,,,,,,,,,,,,,,,,,,,,,,,,,,,,,,,,,,,,,,,,,,,,,,,,,,,,,,,,,,,,,,,,,,,,,,,,,261.0,274.0,281
8BbeT171y4Q,,,,,,,,,,,,,,,,,,,,,,,,,,,,,,,,,,,,,,,,,,,,,,,,,,,,,,,,,,,,,,,,,,,,,,,,,,,,,,,,,,,,,,,,,,,,,,,,,,,,,,,,,,,,,,,,,,,,,,,,,,,,,,,,,,,,,,,,,,,,,,,,,,,,,,,,,,,,,,,,,,,,,,,,,,,,,,,,,,,,,,,,,,,,,,,,,,,,,,,,,,,,,,1126.0,1160.0,1176
lR1t5iheb9o,,,,,,,,,,,,,,,,,,,,,,,,,,,,,,,,,,,,,,,,,,,,,,,,,,,,,,,,,,,,,,,,,,,,,,,,,,,,,,,,,,,,,,,,,,,,,,,,,,,,,,,,,,,,,,,,,,,,,,,,,,,,,,,,,,,,,,,,,,,,,,,,,,,,,,,,,,,,,,,,,,,,,,,,,,,,,,,,,,,,,,,,,,,,,,,,,,,,,,,,,,,,,,559.0,1542.0,2349
Nm755ll3-co,,,,,,,,,,,,,,,,,,,,,,,,,,,,,,,,,,,,,,,,,,,,,,,,,,,,,,,,,,,,,,,,,,,,,,,,,,,,,,,,,,,,,,,,,,,,,,,,,,,,,,,,,,,,,,,,,,,,,,,,,,,,,,,,,,,,,,,,,,,,,,,,,,,,,,,,,,,,,,,,,,,,,,,,,,,,,,,,,,,,,,,,,,,,,,,,,,,,,,,,,,,,,,0.0,0.0,0
W9SBhNLTDVw,,,,,,,,,,,,,,,,,,,,,,,,,,,,,,,,,,,,,,,,,,,,,,,,,,,,,,,,,,,,,,,,,,,,,,,,,,,,,,,,,,,,,,,,,,,,,,,,,,,,,,,,,,,,,,,,,,,,,,,,,,,,,,,,,,,,,,,,,,,,,,,,,,,,,,,,,,,,,,,,,,,,,,,,,,,,,,,,,,,,,,,,,,,,,,,,,,,,,,,,,,,,,,,1328.0,1608
YEXrv3_uIxQ,,,,,,,,,,,,,,,,,,,,,,,,,,,,,,,,,,,,,,,,,,,,,,,,,,,,,,,,,,,,,,,,,,,,,,,,,,,,,,,,,,,,,,,,,,,,,,,,,,,,,,,,,,,,,,,,,,,,,,,,,,,,,,,,,,,,,,,,,,,,,,,,,,,,,,,,,,,,,,,,,,,,,,,,,,,,,,,,,,,,,,,,,,,,,,,,,,,,,,,,,,,,,,,370.0,673
jAI0LeyASwI,,,,,,,,,,,,,,,,,,,,,,,,,,,,,,,,,,,,,,,,,,,,,,,,,,,,,,,,,,,,,,,,,,,,,,,,,,,,,,,,,,,,,,,,,,,,,,,,,,,,,,,,,,,,,,,,,,,,,,,,,,,,,,,,,,,,,,,,,,,,,,,,,,,,,,,,,,,,,,,,,,,,,,,,,,,,,,,,,,,,,,,,,,,,,,,,,,,,,,,,,,,,,,,186.0,220
dKdngwAWD3I,,,,,,,,,,,,,,,,,,,,,,,,,,,,,,,,,,,,,,,,,,,,,,,,,,,,,,,,,,,,,,,,,,,,,,,,,,,,,,,,,,,,,,,,,,,,,,,,,,,,,,,,,,,,,,,,,,,,,,,,,,,,,,,,,,,,,,,,,,,,,,,,,,,,,,,,,,,,,,,,,,,,,,,,,,,,,,,,,,,,,,,,,,,,,,,,,,,,,,,,,,,,,,,214.0,275
uAENlqojfbA,,,,,,,,,,,,,,,,,,,,,,,,,,,,,,,,,,,,,,,,,,,,,,,,,,,,,,,,,,,,,,,,,,,,,,,,,,,,,,,,,,,,,,,,,,,,,,,,,,,,,,,,,,,,,,,,,,,,,,,,,,,,,,,,,,,,,,,,,,,,,,,,,,,,,,,,,,,,,,,,,,,,,,,,,,,,,,,,,,,,,,,,,,,,,,,,,,,,,,,,,,,,,,,13.0,13
Ss4pVL4kXBE,,,,,,,,,,,,,,,,,,,,,,,,,,,,,,,,,,,,,,,,,,,,,,,,,,,,,,,,,,,,,,,,,,,,,,,,,,,,,,,,,,,,,,,,,,,,,,,,,,,,,,,,,,,,,,,,,,,,,,,,,,,,,,,,,,,,,,,,,,,,,,,,,,,,,,,,,,,,,,,,,,,,,,,,,,,,,,,,,,,,,,,,,,,,,,,,,,,,,,,,,,,,,,,28.0,28
a_NgI2JM9Dw,,,,,,,,,,,,,,,,,,,,,,,,,,,,,,,,,,,,,,,,,,,,,,,,,,,,,,,,,,,,,,,,,,,,,,,,,,,,,,,,,,,,,,,,,,,,,,,,,,,,,,,,,,,,,,,,,,,,,,,,,,,,,,,,,,,,,,,,,,,,,,,,,,,,,,,,,,,,,,,,,,,,,,,,,,,,,,,,,,,,,,,,,,,,,,,,,,,,,,,,,,,,,,,0.0,0
iwc3ePT4-xw,,,,,,,,,,,,,,,,,,,,,,,,,,,,,,,,,,,,,,,,,,,,,,,,,,,,,,,,,,,,,,,,,,,,,,,,,,,,,,,,,,,,,,,,,,,,,,,,,,,,,,,,,,,,,,,,,,,,,,,,,,,,,,,,,,,,,,,,,,,,,,,,,,,,,,,,,,,,,,,,,,,,,,,,,,,,,,,,,,,,,,,,,,,,,,,,,,,,,,,,,,,,,,,,3073
vyGyQylEnrY,,,,,,,,,,,,,,,,,,,,,,,,,,,,,,,,,,,,,,,,,,,,,,,,,,,,,,,,,,,,,,,,,,,,,,,,,,,,,,,,,,,,,,,,,,,,,,,,,,,,,,,,,,,,,,,,,,,,,,,,,,,,,,,,,,,,,,,,,,,,,,,,,,,,,,,,,,,,,,,,,,,,,,,,,,,,,,,,,,,,,,,,,,,,,,,,,,,,,,,,,,,,,,,,0
Q5DfLrUU1uA,,,,,,,,,,,,,,,,,,,,,,,,,,,,,,,,,,,,,,,,,,,,,,,,,,,,,,,,,,,,,,,,,,,,,,,,,,,,,,,,,,,,,,,,,,,,,,,,,,,,,,,,,,,,,,,,,,,,,,,,,,,,,,,,,,,,,,,,,,,,,,,,,,,,,,,,,,,,,,,,,,,,,,,,,,,,,,,,,,,,,,,,,,,,,,,,,,,,,,,,,,,,,,,,180
_HszJxM6o7A,,,,,,,,,,,,,,,,,,,,,,,,,,,,,,,,,,,,,,,,,,,,,,,,,,,,,,,,,,,,,,,,,,,,,,,,,,,,,,,,,,,,,,,,,,,,,,,,,,,,,,,,,,,,,,,,,,,,,,,,,,,,,,,,,,,,,,,,,,,,,,,,,,,,,,,,,,,,,,,,,,,,,,,,,,,,,,,,,,,,,,,,,,,,,,,,,,,,,,,,,,,,,,,,2
Btx-TM-8byo,,,,,,,,,,,,,,,,,,,,,,,,,,,,,,,,,,,,,,,,,,,,,,,,,,,,,,,,,,,,,,,,,,,,,,,,,,,,,,,,,,,,,,,,,,,,,,,,,,,,,,,,,,,,,,,,,,,,,,,,,,,,,,,,,,,,,,,,,,,,,,,,,,,,,,,,,,,,,,,,,,,,,,,,,,,,,,,,,,,,,,,,,,,,,,,,,,,,,,,,,,,,,,,,0
14RfeO9_ngw,,,,,,,,,,,,,,,,,,,,,,,,,,,,,,,,,,,,,,,,,,,,,,,,,,,,,,,,,,,,,,,,,,,,,,,,,,,,,,,,,,,,,,,,,,,,,,,,,,,,,,,,,,,,,,,,,,,,,,,,,,,,,,,,,,,,,,,,,,,,,,,,,,,,,,,,,,,,,,,,,,,,,,,,,,,,,,,,,,,,,,,,,,,,,,,,,,,,,,,,,,,,,,,,548
